# index, basename, pah77 (position, flux), aliphatic 6.9 (*3), aliphatic 7.2 (*3), g76 (*3), g78 (*3), g82 (*3), g86 (*3)
# NOTE: (*3) means 3 columns: position, integrated flux (in W/m^2), sigma.NOTE: pah77 flux is sum of g76, g78 and g82.
0,IRAS05063_CWsub,7.918424422990665,2.805939950296231e-16,6.924057077560436,4.2356861468205907e-17,0.056857927884678784,7.235879994425367,7.242223684947254e-18,0.03571554235638501,7.559588788532345,2.2122456910454223e-17,0.17216214320853224,7.9226409051339495,2.174165059788073e-16,0.21501034642222455,8.276997417157428,4.10550321403616e-17,0.12018771929813284,8.578699873018772,1.017469307638629e-16,0.2049509489090484
1,IRAS05092_CWsub,7.7749221001849085,2.6789844994406116e-15,6.891541445356508,1.0383716658881728e-16,0.05827008680232277,7.265038168545156,5.185643573588096e-17,0.04543851063782191,7.508239720383154,6.582248567788786e-16,0.133768183545363,7.824414662092345,1.5636944731712038e-15,0.18615185993351877,8.32315809074574,4.570651694905296e-16,0.16486755015348378,8.62618883990828,6.111176964663868e-16,0.1301135164079764
2,IRAS05186_CWsub,7.742551410343007,6.64931020301546e-15,6.941141114642745,2.6095283169279927e-16,0.0786729711340831,7.260250647599819,1.2439047129277265e-16,0.06369913502160143,7.65,3.3524459992415546e-15,0.22511702776350098,7.893934706701671,2.825007635263598e-15,0.222946972575605,8.294743830293383,4.718565685103073e-16,0.1084322316424681,8.61484877363825,1.8056372536168914e-15,0.14532593520341042
3,IRAS05361_CWsub,7.757433848140184,4.841213226437475e-15,6.93892344020039,1.7889527814195027e-16,0.08609901919768254,7.227199888964419,0.0,0.04431247215131937,7.45,9.589935225303368e-16,0.23993340858136536,7.8036732442356564,2.9196070455870394e-15,0.18131918439284736,8.255707180925684,9.626126583200986e-16,0.17623427355976395,8.626842310496308,1.080610097480525e-15,0.13789120357523707
4,IRAS05370_CWsub,7.6683644570100995,1.1659680955422334e-15,6.874053793863559,1.7195645636931862e-17,0.03704230032579766,7.1697189472086285,4.1853907075328494e-17,0.06369913502160143,7.5672220451209515,5.931514596845491e-16,0.20386528603086776,7.851172029363376,4.91790607184238e-16,0.222946972575605,8.27437896627624,8.102602867344634e-17,0.09247464403185325,8.60597129608023,2.3163428137414047e-16,0.12331874933819614
5,IRAS05413_CWsub,7.611431210073455,5.785096101882059e-16,6.858238424540742,1.722422594807563e-16,0.05672821394799393,7.242284127396163,0.0,0.05689044702570114,7.45,2.87639742761417e-16,0.23993340858136536,7.97,2.908698674267889e-16,0.21893073968785814,8.271526001143586,0.0,0.10868585106947959,8.64970825922501,1.6448936085615585e-16,0.20596053656984462
6,IRAS05588_CWsub,7.7361228429315565,3.3604184267288516e-15,6.915465399600761,1.7209456033991316e-16,0.06945363546786038,7.26603816116422,4.981485165653111e-17,0.029103537551159516,7.596365408212407,1.8325881476880467e-15,0.162119750465777,7.893809198562239,9.46063639058842e-16,0.12621794978266745,8.237084075826939,5.817666399819631e-16,0.16681043342448867,8.593543995784202,6.81108376734357e-16,0.12203802550718125
7,IRAS06111_CWsub,7.880530382399512,1.2572828074694106e-15,6.905261060842516,6.378165006506634e-16,0.07733818891472448,7.2712254606231745,9.589373060667554e-17,0.037927899500898324,7.564652344697395,1.9473269481099494e-16,0.135169655242077,7.880376400910025,7.888120521879607e-16,0.19599591772878755,8.261755184685834,2.7373806047045514e-16,0.16673651607847512,8.605568639031574,9.729767505966225e-17,0.10086014442541642
8,IRAS14429_CWsub,7.963626149478945,1.9967658378939794e-13,6.92123685571056,5.752806865264955e-15,0.06511703392087179,7.25695011620672,1.0080658548436495e-15,0.02929715900616218,7.65,1.0956634057078858e-14,0.133768183545363,7.893413944826038,1.3265136824440678e-13,0.17574182475880093,8.239153857971353,5.6068581487912304e-14,0.17623427355976395,8.63588203112066,4.950520610962308e-14,0.160644762648533
9,IRAS15482_CWsub,7.85668303008486,3.0501873066902217e-15,6.902475918182398,1.7384251116005657e-16,0.05695453665479618,7.2535285656842845,3.312078458065126e-17,0.04192531681388831,7.45,5.596547048687213e-16,0.1990321694426236,7.861354730763347,1.7642307184869495e-15,0.22146258599127674,8.206509938305961,7.26301883334551e-16,0.17623427355976395,8.525009603767655,9.120429793245363e-16,0.20378289418490925
10,IRASF05110-6616_LR_CWsub,7.850819440721735,1.2919030786240544e-15,6.900155450021524,5.440178693699007e-16,0.07391960906664474,7.280335904054055,1.3622025122081708e-16,0.04206874094542252,7.561952022188163,2.298638516499964e-16,0.13491229485369352,7.871070736858851,7.637776465028877e-16,0.222946972575605,8.273802540103814,2.9826158047117035e-16,0.1663870425944072,8.591807279669796,1.8745378434873106e-16,0.1576724839289126
11,IRASf05192_CWsub,7.887917956068309,1.1530846648507317e-15,6.96,8.426217501768308e-17,0.04569996247467673,7.295581005327627,1.3512909023438202e-17,0.06369913502160143,7.52386524505789,1.6412048569733978e-16,0.133768183545363,7.877906941233761,7.095436215410181e-16,0.17790286151778936,8.283198456805426,2.794205576123739e-16,0.15140295588356936,8.619573589241924,2.76551531194348e-16,0.1462328834770406
12,J004441_CWsub,7.821992079232212,5.744190543442448e-16,6.8857507703654175,2.1451978393394407e-16,0.07708914268877104,7.282216660959854,5.104219194125392e-17,0.052307124179101584,7.575274452125997,1.6895445410079267e-16,0.16015596913151572,7.910296950113234,3.1347416141601517e-16,0.2051757924692679,8.280142285494081,9.199043882743698e-17,0.13033681078544282,8.585321392824376,1.1548330819851826e-16,0.1561836317790712
13,J010546_CWsub,7.696154991335004,9.244592834954093e-16,6.911136270793364,2.4355134552587036e-17,0.06794574402304153,7.272194297975087,0.0,0.06369913502160143,7.53,4.572321325125567e-16,0.17411096905904389,7.9112390860992905,3.3259575041454236e-16,0.17690732665655243,8.236405446210702,1.3463140056831024e-16,0.14362599434720777,8.564379933314255,2.3983046826701154e-16,0.16265123268198542
14,J052043_CWsub,7.901437059464019,2.9603563670826973e-16,6.893582229534763,4.6631602800575184e-17,0.07962837284716283,7.2901181648272,1.3912516394696436e-17,0.055792151163247455,7.604727612595636,6.754405346235028e-17,0.133768183545363,7.892630455703345,1.511147401954318e-16,0.222946972575605,8.322381812083892,7.737684305048766e-17,0.17414117898377526,8.62870507591258,4.3228365649857636e-17,0.1332814995221839
15,J052520_CWsub,7.8038853589275945,3.2769854027281093e-16,6.9222568482143325,4.903876681932126e-17,0.06953860191326322,7.274778936996091,5.5853774639426e-18,0.032465356150043964,7.55,1.176898621125221e-16,0.1868507960633642,7.898087574539231,1.169952191957334e-16,0.16986436005760383,8.242088522231427,9.301345896455547e-17,0.15271094247630207,8.587241924912625,1.2243581518548742e-16,0.17490647053431668
16,NGC1978WBT2665_CWsub,7.726523329940137,1.6753545120262753e-15,6.91588034185328,5.756796827441607e-16,0.08296301467049834,7.263483624124775,1.2230636949730226e-16,0.06069328269374415,7.55,7.908758944962463e-16,0.23993340858136536,7.918282226876003,5.390335956565045e-16,0.19951679870399702,8.237542409061202,3.4544502187352457e-16,0.17008506416102068,8.602938148460472,1.859678607466421e-16,0.15692802328982008
17,SMPLMC076_CWsub,7.70886232950268,2.4802215167875916e-16,6.910258364465066,9.822088515066764e-18,0.07251464868312255,7.228221629432382,1.3947930454004855e-18,0.035002795676726976,7.553795514082417,8.655759905777545e-17,0.133768183545363,7.853617331535233,1.614645526209837e-16,0.13899890247308008,8.208382340999492,0.0,0.15495759919746077,8.631133708354367,9.035149404188723e-17,0.19900112803602904
18,SMPSMC006_CWsub,7.758379388773362,7.4245653742236e-16,6.927797387995977,1.8869922890292206e-17,0.06518041111824263,7.2459543467118195,0.0,0.05503882384823316,7.546010542354643,2.731857200536213e-16,0.13438732003832077,7.872279118684328,3.2748122525710527e-16,0.12920979517984327,8.175617147949042,1.4178959211163353e-16,0.15504292731719196,8.622136665037331,2.381251402748192e-16,0.20596053656984462
19,SMPSMC011_CWsub,7.605515592020935,1.3802359900351e-15,6.898906373031298,6.88983849721182e-17,0.07500270169006161,7.185238101492484,2.2692057594429237e-17,0.06369913502160143,7.554532577218255,9.149521018236863e-16,0.16542598342157644,7.876337201849672,4.652838882114137e-16,0.17343444736922428,8.264715866107517,0.0,0.10393617191262636,8.585800644746527,2.1789214975928884e-16,0.131492586030497
20,hd135344_convCWsub,7.877422499578467,5.892934674629307e-15,6.96,2.544305558204753e-16,0.049651128979107596,7.21654068420434,4.340220992585762e-16,0.046322737571427595,7.45,8.646826836434774e-16,0.23993340858136536,7.913501702837226,2.9881387637635022e-15,0.11678174753960263,8.16898756940326,2.040113227222328e-15,0.1013654600012637,8.56242622922821,1.2404480938010117e-15,0.1553940338139555
21,hd97048_convCWsub,7.743012903180674,2.4014746220206977e-13,6.842677192064014,2.8248618038266873e-15,0.06592471456110116,7.21122756341347,5.49769620815e-15,0.06369913502160143,7.626201108701584,1.3454034262581181e-13,0.1904002638908555,7.91780512474438,6.004092988869333e-14,0.1379619027238359,8.213476732831259,4.556618968756463e-14,0.17623427355976395,8.61944787889112,4.360356659814397e-14,0.13688134938677482
22,iras17047_SWS_CWsub,7.8401769023346946,1.4109114018875105e-12,6.901644959230784,8.960019767851413e-14,0.08863738507256966,7.252970350105336,8.981075294752895e-15,0.02972626301008067,7.56316757489012,2.4991534502450746e-13,0.13464563775256747,7.881437118694766,1.071981091067116e-12,0.19960418722505344,8.241267122959817,8.901496579588714e-14,0.11455434940604389,8.568011545624193,5.407601904733899e-13,0.2013518179265138
23,j050713_CWsub,7.839953789317892,5.451472858739698e-16,6.904255379794165,2.3625857366689003e-16,0.06810153525907983,7.309045413428466,1.0293907809265574e-17,0.02123304500720048,7.636420592715513,1.5472131421232346e-16,0.133768183545363,7.958839290973188,3.904259716616464e-16,0.222946972575605,8.253435983111597,0.0,0.11479380588942835,8.549335088046044,1.415658090170405e-16,0.20418012419228507
