# index, basename, pah77 (position, flux, fluxerr), aliphatic 6.9 (*4), aliphatic 7.2 (*4), g76 (*4), g78 (*4), g82 (*3), g86 (*4)
# NOTE: (*4) means 4 columns: position, integrated flux (in W/m^2), integrated flux error, sigma.
# NOTE: pah77 flux is sum of g76, g78 and g82.
0,IRAS05063_CWsub,7.918424423863539,2.8059399453617396e-16,8.663889267831574e-17,6.924057078188531,4.235686188232911e-17,1.686036279140027e-17,0.05685792833484194,7.235879994464213,7.242223680725454e-18,1.336287865724566e-17,0.03571554246260933,7.5595887880650805,2.212245709611294e-17,2.933865701840568e-17,0.17216214355520448,7.9226409038809615,2.1741650369147745e-16,3.278695439215724e-17,0.21501034414767894,8.276997416126152,4.1055033748583566e-17,2.451328126775281e-17,0.12018772039370063,8.578699873211681,1.0174693075406856e-16,3.2010788073604524e-17,0.20495094897203955
1,IRAS05092_CWsub,7.774922101851244,2.6789845094874092e-15,8.036411349229648e-17,6.891541445308442,1.038371663860298e-16,1.6122574628740444e-17,0.05827008667542898,7.265038168362542,5.1856435278805976e-17,1.423716784870073e-17,0.045438510095509574,7.50823971925301,6.582248483153778e-16,2.4428003791445444e-17,0.133768183545363,7.82441466044634,1.5636944827324834e-15,2.881676697492227e-17,0.18615186068104067,8.323158093385642,4.570651784395482e-16,2.7119342725928773e-17,0.16486755278376117,8.626188840955875,6.111176887870925e-16,2.409199532751488e-17,0.13011351602271753
2,IRAS05186_CWsub,7.742551393802944,6.64931050454269e-15,8.165381351576527e-17,6.94114110768527,2.609527963078761e-16,1.7949940146782168e-17,0.07867296610983056,7.260250645856281,1.2439036851837843e-16,1.615165428372819e-17,0.06369913502160143,7.65,3.3524454335293837e-15,3.0363684110977824e-17,0.22511707838145947,7.893934592918485,2.8250082440967622e-15,3.0216978279665304e-17,0.222946972575605,8.294743819305875,4.718568269165442e-16,2.1073151125122138e-17,0.10843225208715415,8.61484877735267,1.8056372229318146e-15,2.4396178493932117e-17,0.1453259327162895
3,IRAS05361_CWsub,7.75743385999092,4.8412132818879436e-15,7.037684377007462e-17,6.938923449460142,1.7889529786019206e-16,1.546328463907524e-17,0.08609902947137459,7.227199889523169,0.0,1.1093424386323283e-17,0.04431247532333766,7.45,9.589934009354102e-16,2.581356481400237e-17,0.23993340858136536,7.803673242692237,2.9196072742702364e-15,2.24400859329649e-17,0.181319196978899,8.255707214679884,9.626126066822964e-16,2.2123193023107355e-17,0.17623427355976395,8.626842317950754,1.0806100309818674e-15,1.9569101954646865e-17,0.13789119884948794
4,IRAS05370_CWsub,7.66836445616202,1.1659680967212955e-15,1.7423288187873466e-17,6.8740537938129345,1.7195645750861358e-17,2.7312239245549323e-18,0.03704230044857245,7.169718947258769,4.185390616857781e-17,3.581583664629338e-18,0.06369913502160143,7.567222052385974,5.931514932473449e-16,6.407372563417968e-18,0.20386528953553512,7.851172039970192,4.917905770180521e-16,6.7005294875546285e-18,0.222946972575605,8.274378968646008,8.10260264558983e-17,4.315386136900871e-18,0.09247464185259872,8.605971296066834,2.3163428136195686e-16,4.983367193608308e-18,0.1233187493181361
5,IRAS05413_CWsub,7.611431208823436,5.785095989577091e-16,8.284227140471864e-17,6.858238422556394,1.7224225325103113e-16,1.532625812145223e-17,0.056728216665549676,7.242284140865545,0.0,1.5348155815288058e-17,0.05689043558835021,7.45,2.876397386312022e-16,3.151968959549801e-17,0.23993340858136536,7.97,2.9086986032650697e-16,3.01085569225476e-17,0.2189307381025394,8.271526000118664,0.0,2.1214024886673028e-17,0.10868585043328075,8.649708233126146,1.6448935155607853e-16,2.920307456280808e-17,0.20596053656984462
6,IRAS05588_CWsub,7.736122823173483,3.360418303434287e-15,6.544203209992282e-17,6.915465399680478,1.7209456053209557e-16,1.4787006264993977e-17,0.06945363550462631,7.266038161035317,4.9814858018665035e-17,9.572065862831883e-18,0.02910354058510708,7.596365395585942,1.8325880026546957e-15,2.259179392795617e-17,0.16211974265385617,7.893809200897435,9.46063930943433e-16,1.993394938750186e-17,0.12621796455258716,8.237084089733296,5.81766369836158e-16,2.291628878446479e-17,0.16681036886242945,8.59354398251169,6.811084955480444e-16,1.9601096682319643e-17,0.12203803646718848
7,IRAS06111_CWsub,7.880530381480089,1.2572828072491887e-15,7.611055001146439e-17,6.905261060842497,6.37816500527446e-16,1.7367775839180736e-17,0.07733818891656524,7.271225460585099,9.589372968592216e-17,1.216260496045725e-17,0.03792789933445345,7.564652361406084,1.947327100110856e-16,2.296078982920517e-17,0.1351696639024761,7.8803764201838185,7.88812095122801e-16,2.7648446360873987e-17,0.19599592940219568,8.261755212647515,2.73738002115302e-16,2.5501313821385227e-17,0.1667365068912885,8.605568639425037,9.72976742716301e-17,1.9833848656762373e-17,0.10086014248207442
8,IRAS14429_CWsub,7.963625928749201,1.9967649262594102e-13,8.48141657417928e-15,6.921236855820175,5.7528068578798885e-15,1.7964479315908195e-15,0.06511703393840873,7.256950134286203,1.0080670112876979e-15,1.2049815122282532e-15,0.02929719957404097,7.65,1.0956699942481008e-14,2.5748014427355248e-15,0.133768183545363,7.893413743982721,1.3265108715759392e-13,2.9512406756225963e-15,0.17574160891569357,8.239152909043508,5.606870552586611e-14,2.95537445582116e-15,0.17623427355976395,8.635881711515795,4.9505299751980436e-14,2.8216351632992115e-15,0.16064494342109895
9,IRAS15482_CWsub,7.856680136481587,3.0501659008508523e-15,2.2953183582974196e-16,6.9024759473680914,1.7384268009363891e-16,4.098542192310205e-17,0.05695456967819617,7.253508591171714,3.3117881197868234e-17,3.5165072124700737e-17,0.04192690257792664,7.45,5.596570492848728e-16,7.66170868064281e-17,0.19903113704753467,7.8613510203463,1.7641974581021429e-15,8.081889193257901e-17,0.2214601235349373,8.206502852791122,7.263113934638366e-16,7.209585709073485e-17,0.17623427355976395,8.525005142846553,9.120641509745125e-16,7.752662475332667e-17,0.2037846686912661
10,IRASF05110-6616_LR_CWsub,7.850819440721495,1.2919030803388493e-15,6.541753557352824e-17,6.900155450028155,5.440178693375372e-16,1.425851856994386e-17,0.07391960906224727,7.280335904001059,1.3622025110427227e-16,1.0756582978590587e-17,0.042068740888372674,7.561952026409185,2.2986386948364715e-16,1.926284121688098e-17,0.13491229798328633,7.8710707477087345,7.637776448624056e-16,2.4762549949868787e-17,0.222946972575605,8.273802547428941,2.9826156599279654e-16,2.1392144406778482e-17,0.16638703910559066,8.59180728183237,1.8745378323722045e-16,2.0824401491722828e-17,0.15767248299499112
11,IRASf05192_CWsub,7.887918019661692,1.1530838330511514e-15,9.19955820946646e-18,6.96,8.426215671281681e-17,1.6714130226473396e-18,0.04569997427006423,7.295581446835208,1.3513169417931936e-17,1.973297525789184e-18,0.06369913502160143,7.52386619091024,1.641212241091186e-16,2.8595797878534567e-18,0.133768183545363,7.877907260244792,7.095423962450245e-16,3.297744085417201e-18,0.17790259889392976,8.283198180771686,2.7942021269700817e-16,3.0422343361958014e-18,0.15140273472922258,8.619573369338365,2.7655197758875535e-16,2.989843481011287e-18,0.1462329695689751
12,J004441_CWsub,7.8219920778909975,5.744190551361208e-16,3.535787901367317e-17,6.885750770340168,2.1451978438118154e-16,8.085365999888473e-18,0.07708914284948859,7.282216661085928,5.1042191623351676e-17,6.660142022000707e-18,0.052307122510369036,7.575274454209928,1.6895445928580744e-16,1.1653989980374812e-17,0.16015596913151578,7.910296955337396,3.1347416024712437e-16,1.3190648125636653e-17,0.20517579246926776,8.280142287510802,9.199043560318898e-17,1.05132409076617e-17,0.13033680824124205,8.585321392824376,1.154833083793113e-16,1.1508555955884373e-17,0.1561836314055031
13,J010546_CWsub,7.696154989732108,9.244592793353732e-16,1.3989589001517962e-17,6.911136269346684,2.4355134129214343e-17,2.9967403253025628e-18,0.06794574402304153,7.272194297975087,0.0,2.9015813432012516e-18,0.06369913502160143,7.53,4.572321414624402e-16,4.797125152559304e-18,0.17411096905904389,7.911239093354001,3.3259573198597823e-16,4.835494446209652e-18,0.17690732370023168,8.236405441601018,1.3463140588695482e-16,4.356969402749006e-18,0.1436259965067767,8.564379932986931,2.3983046857761576e-16,4.636568306607674e-18,0.16265123279195395
14,J052043_CWsub,7.9014370545590085,2.9603563461582363e-16,6.736481275781309e-18,6.893582229530827,4.663160278876246e-17,1.5144251032392371e-18,0.07962837276359683,7.290118164561838,1.3912516221282814e-17,1.2676531235182386e-18,0.05579215065432655,7.604727611262372,6.754405180863154e-17,1.962864381863779e-18,0.133768183545363,7.892630450359045,1.5111474088605647e-16,2.5340470206073775e-18,0.222946972575605,8.322381804541932,7.73768419211356e-17,2.2395698733101527e-18,0.17414117659697773,8.628705071303205,4.322836794245338e-17,1.9592904366445135e-18,0.1332815020150797
15,J052520_CWsub,7.803885304843708,3.2769857590674575e-16,7.372724081111583e-18,6.922256848961105,4.903876607022323e-17,1.574007698139687e-18,0.06953859821686308,7.274778936486793,5.585372809382021e-18,1.075483691736003e-18,0.032465334821527615,7.55,1.1768991143946986e-16,2.580128657038861e-18,0.1868507960633642,7.898087574539231,1.1699519913232475e-16,2.4600561499270256e-18,0.16986436005760383,8.242088522231427,9.301346533495118e-17,2.3325392741456955e-18,0.1527109424763022,8.587241930703078,1.2243581234425587e-16,2.4963002197773434e-18,0.17490646303938956
16,NGC1978WBT2665_CWsub,7.726523261468665,1.6753544154321596e-15,4.99835074703552e-17,6.915880341377441,5.756796818383685e-16,1.0672935987839445e-17,0.08296301433735362,7.263483620968437,1.2230634774598286e-16,9.128763078864255e-18,0.06069327679600328,7.55,7.908759977799297e-16,1.815043362461451e-17,0.23993340858136536,7.918282369388248,5.390339307525002e-16,1.655127207561626e-17,0.19951679940097317,8.237542481912579,3.4544448689972963e-16,1.5281801770124432e-17,0.1700849307222168,8.602938038710564,1.8596801918678608e-16,1.4678847201279434e-17,0.15692806263710155
17,SMPLMC076_CWsub,7.708862329512817,2.480221516432703e-16,1.5637369480468477e-17,6.910258364419893,9.822088535292423e-18,3.719182586102225e-18,0.07251464872691124,7.228221629419597,1.3947930566007045e-18,2.5839612358362728e-18,0.03500279595780539,7.553795514143506,8.655759906504121e-17,5.0513916366133194e-18,0.133768183545363,7.853617331539289,1.6146455257822905e-16,5.149206532342243e-18,0.1389989024763222,8.208382340999492,0.0,5.436771311512914e-18,0.1549575991974608,8.631133708337046,9.035149402500121e-17,6.161158690775666e-18,0.19900112787706306
18,SMPSMC006_CWsub,7.75837938832495,7.424565369739971e-16,4.8594782133875547e-17,6.927797387318875,1.886992299770824e-17,1.1079169830779552e-17,0.06518041184597473,7.2459543467118195,0.0,1.0180831318063482e-17,0.05503882384823312,7.546010541532045,2.731857184205561e-16,1.590844812274248e-17,0.13438731997181103,7.872279120508718,3.2748123423388144e-16,1.5598986846585733e-17,0.12920979715268724,8.175617156189512,1.417895843195595e-16,1.7087347164547335e-17,0.15504292288953594,8.622136664609988,2.3812514069314257e-16,1.9694305788531023e-17,0.20596053656984462
19,SMPSMC011_CWsub,7.605515593242025,1.3802359877076101e-15,4.5141126178481987e-17,6.898906373655329,6.889838402262294e-17,1.0791665998186602e-17,0.07500270015691533,7.185238101952341,2.269206033317963e-17,9.945275394635962e-18,0.06369913502160143,7.554532576215974,9.149520922359253e-16,1.6026987786368208e-17,0.16542598133008918,7.876337200790637,4.652838954716847e-16,1.6410345504076455e-17,0.17343444595774907,8.264715866107517,0.0,1.2703792888037323e-17,0.10393617191262622,8.585800644742188,2.1789214948740187e-16,1.428896192865206e-17,0.1314925858117928
20,hd135344_convCWsub,7.877422438546504,5.892935057375469e-15,5.674194365874887e-17,6.96,2.5443054242467204e-16,1.0994931433480984e-17,0.04965113110814425,7.216540683684722,4.3402196792538747e-16,1.0620012117951343e-17,0.04632272724727404,7.45,8.646831736194829e-16,2.4169814314278174e-17,0.23993340858136536,7.913501710211443,2.9881387550864334e-15,1.686224662470746e-17,0.11678174753960263,8.168987572748309,2.040113128669553e-15,1.5709882719763228e-17,0.10136545676308144,8.562426225564213,1.2404481097252735e-15,1.945114285781818e-17,0.15539403469029234
21,hd97048_convCWsub,7.743012898770575,2.4014746192070043e-13,3.1573559111694244e-15,6.842677191273489,2.8248618088622626e-15,6.603840419969182e-16,0.06592471563943052,7.211227563529554,5.497695787697499e-15,6.4914124637269e-16,0.06369913502160143,7.626201137388826,1.3454036273318275e-13,1.1222929275090581e-15,0.1904002775470117,7.917805139350119,6.004090563632426e-14,9.553268786697366e-16,0.13796188482851351,8.213476711835254,4.5566193551193415e-14,1.0797361049906297e-15,0.17623427355976395,8.619447876222035,4.360356746727038e-14,9.515784064416473e-16,0.13688135055970366
22,iras17047_SWS_CWsub,7.840172873164147,1.4108982111009086e-12,2.0783639497746905e-14,6.901644922507018,8.960020042218796e-14,5.3705889088192e-15,0.08863742401743112,7.252973812054115,8.981121521580525e-15,3.1101655429037373e-15,0.02972626301008067,7.563162036534601,2.4987922591790643e-13,6.619175196965719e-15,0.13464215597744827,7.88143506102177,1.0720422634160876e-12,8.059507318184881e-15,0.19961367613499909,8.2412709146919,8.89767217669145e-14,6.104956982596305e-15,0.11453507936268663,8.568005946765535,5.407727884401569e-13,8.094579011829519e-15,0.20135473094456877
23,j050713_CWsub,7.839953788854596,5.451472867008757e-16,9.089272855549813e-17,6.904255379821897,2.3625857373255304e-16,2.015725544702793e-17,0.06810153527800718,7.309045413823006,1.0293907915246004e-17,1.1255352172133187e-17,0.02123304500720048,7.636420599903895,1.5472132558726093e-16,2.825070974096192e-17,0.133768183545363,7.958839295588446,3.904259611136148e-16,3.6471509448428384e-17,0.222946972575605,8.253435983111597,0.0,2.6170509366107824e-17,0.11479380588942863,8.549335077409797,1.4156580820012686e-16,3.4902753356611794e-17,0.20418013200372487
