# col1: wavelength, col2: cont_sub flux, col3: Flux error

5.126520156860351562e+00,1.487326720564156532e-02,3.133672103285789490e-02
5.156760215759277344e+00,-3.348184989188457417e-03,4.766657948493957520e-03

5.186999797821044922e+00,1.200603626848554921e-02,8.785746060311794281e-03

5.217249870300292969e+00,2.551156233017947556e-03,2.163124969229102135e-03

5.247489929199218750e+00,-1.024922138569216157e-03,9.413409046828746796e-03

5.277729988098144531e+00,8.214341026103397225e-04,6.545096170157194138e-03

5.307970046997070312e+00,7.138148016450421296e-05,2.793040126562118530e-03

5.338210105895996094e+00,-1.734723475976807094e-18,5.615631584078073502e-03

5.368460178375244141e+00,4.217269007342396708e-03,1.617744565010070801e-04

5.398700237274169922e+00,8.083507164305218928e-05,3.518175217323005199e-04

5.428939819335937500e+00,0.000000000000000000e+00,9.831530041992664337e-04

5.459179878234863281e+00,8.041923020959296231e-03,1.675727777183055878e-03

5.489419937133789062e+00,4.773895234086958372e-03,3.681322850752621889e-04

5.519670009613037109e+00,3.338633435525076645e-03,4.272420890629291534e-03

5.549910068511962891e+00,5.985016138078690096e-03,7.397882640361785889e-03

5.580150127410888672e+00,9.151011069336145026e-04,2.104945480823516846e-03

5.610390186309814453e+00,4.171531922012673699e-03,3.654312342405319214e-03

5.640629768371582031e+00,-4.226808041334871591e-04,3.161672066198661923e-05

5.670879840850830078e+00,-1.891474395276995790e-03,6.507989019155502319e-05

5.701119899749755859e+00,1.099137636881328955e-03,1.759517006576061249e-03

5.731359958648681641e+00,-4.541707539292144657e-04,1.314739696681499481e-03

5.761600017547607422e+00,1.158338577523579382e-04,1.108402502723038197e-03

5.791840076446533203e+00,4.041208703672860558e-03,7.578724995255470276e-03

5.822090148925781250e+00,0.000000000000000000e+00,6.452136207371950150e-03

5.852330207824707031e+00,-2.870330287187590479e-04,5.152687896043062210e-03

5.882569789886474609e+00,1.804954686739475289e-03,1.438293606042861938e-03

5.912809848785400391e+00,2.435623086567650225e-03,2.864148467779159546e-03

5.943049907684326172e+00,1.074568192423866475e-03,1.635949709452688694e-03

5.973299980163574219e+00,2.996843878234969893e-03,7.389816455543041229e-03

6.003540039062500000e+00,1.288919530441502703e-03,5.713324062526226044e-03

6.033780097961425781e+00,9.916517381508449525e-03,1.924945041537284851e-03

6.064020156860351562e+00,3.215898748952471242e-04,1.843861420638859272e-03

6.094260215759277344e+00,2.881616212493678941e-03,5.117833614349365234e-03

6.124509811401367188e+00,6.069076625802038299e-03,4.605462774634361267e-03

6.154749870300292969e+00,1.230248294544507640e-02,5.823491606861352921e-03

6.184989929199218750e+00,9.150602812812300840e-03,1.341447047889232635e-02

6.215229988098144531e+00,2.036383074244332847e-02,7.505018264055252075e-03

6.245470046997070312e+00,9.730219686964303172e-03,7.041656062938272953e-04

6.275720119476318359e+00,2.919651183697840463e-03,6.826445460319519043e-04

6.305960178375244141e+00,8.500278873072388691e-03,5.253510549664497375e-03

6.336200237274169922e+00,5.941337548008719660e-03,6.641334388405084610e-03

6.366439819335937500e+00,7.179974178024191300e-03,5.216579884290695190e-04

6.396679878234863281e+00,7.017000273447357439e-03,1.816103234887123108e-03

6.426929950714111328e+00,5.986730692839933865e-03,1.995509490370750427e-03

6.457170009613037109e+00,6.478980013710423924e-03,3.309749998152256012e-03

6.487410068511962891e+00,4.450270691208964291e-03,2.771786646917462349e-03

6.517650127410888672e+00,9.396864954161025796e-03,3.280762815847992897e-03

6.547890186309814453e+00,4.748986273829441940e-03,8.208642713725566864e-03

6.578139781951904297e+00,1.886457450439339711e-03,2.015871927142143250e-03

6.608379840850830078e+00,-2.010742584916631881e-03,2.056652680039405823e-03

6.638619899749755859e+00,-6.772455470334670657e-04,3.484653308987617493e-03

6.668859958648681641e+00,2.212042748704793477e-03,5.610346328467130661e-03

6.699100017547607422e+00,1.328085148913873970e-03,1.814343035221099854e-03

6.729350090026855469e+00,6.938893903907228378e-18,2.466842532157897949e-03

6.759590148925781250e+00,3.178382838949275063e-03,4.471919033676385880e-03

6.789830207824707031e+00,7.177549101221057659e-03,1.031818101182579994e-03

6.820069789886474609e+00,1.328389344702658043e-02,6.150945089757442474e-03

6.850309848785400391e+00,1.221965643489559064e-02,4.473181441426277161e-03

6.880559921264648438e+00,1.266145557404112221e-02,3.848877036944031715e-03

6.910799980163574219e+00,1.561483994598243663e-02,2.432225272059440613e-03

6.941040039062500000e+00,8.939980158663825283e-03,8.715913281776010990e-04

6.971280097961425781e+00,1.914436295956153944e-03,1.716111000860109925e-04

7.001520156860351562e+00,2.825917831235660871e-03,4.689231864176690578e-04

7.031770229339599609e+00,9.505335875507232857e-03,4.888500086963176727e-03

7.062009811401367188e+00,8.855068181200652366e-03,9.743504226207733154e-03

7.092249870300292969e+00,7.869275486305504774e-03,7.469398900866508484e-03

7.122489929199218750e+00,5.540465259568007339e-03,7.861888734623789787e-04

7.152729988098144531e+00,5.910004047146887041e-03,9.598760516382753849e-04

7.182980060577392578e+00,4.642955622395070203e-03,4.168776329606771469e-03

7.213220119476318359e+00,2.558223855330200858e-03,8.432262577116489410e-03

7.243460178375244141e+00,4.090644394482513546e-03,2.423214493319392204e-03

7.273700237274169922e+00,0.000000000000000000e+00,1.533957757055759430e-02

7.303939819335937500e+00,5.778883559710130957e-03,4.431245848536491394e-03

7.334189891815185547e+00,5.768585230582490286e-03,2.382869599387049675e-03

7.364429950714111328e+00,1.071909206884529703e-02,1.435173791833221912e-03

7.394670009613037109e+00,8.992256536433117231e-03,1.464655739255249500e-03

7.424910068511962891e+00,8.961951958090186299e-03,2.644406864419579506e-03

7.455150127410888672e+00,8.910150833060147268e-03,1.687845331616699696e-03

7.485400199890136719e+00,1.399480822446114853e-02,1.016181334853172302e-02

7.515639781951904297e+00,6.826402978651981146e-03,1.348473969846963882e-02

7.545879840850830078e+00,1.139123973873449464e-02,1.434532832354307175e-02

7.576119899749755859e+00,1.418722131769634132e-02,5.327286198735237122e-03

7.636600017547607422e+00,1.040518686268751547e-02,6.535763386636972427e-03

7.697090148925781250e+00,1.633312371175956595e-02,1.617474714294075966e-03

7.757569789886474609e+00,1.080535873352178600e-02,6.376936216838657856e-04

7.818049907684326172e+00,1.160984413273307564e-02,3.155478043481707573e-03

7.878540039062500000e+00,1.241921937928992109e-02,3.142604837194085121e-03

7.939020156860351562e+00,1.438531725287960777e-02,1.366838841931894422e-04

7.999509811401367188e+00,1.664575726564009039e-02,3.475102421361953020e-04

8.059989929199218750e+00,1.534940463509723574e-02,1.261309604160487652e-03

8.120470046997070312e+00,1.169153517071609694e-02,1.214595860801637173e-03

8.180959701538085938e+00,9.469612503334154385e-03,1.729618059471249580e-03

8.241439819335937500e+00,8.790113502005925117e-03,4.130460321903228760e-03

8.301919937133789062e+00,8.029001361799556480e-03,3.979802131652832031e-03

8.362409591674804688e+00,1.087818404997222682e-02,4.719758406281471252e-03

8.422889709472656250e+00,1.225210602212740280e-02,1.206958480179309845e-02

8.483369827270507812e+00,9.045195452706482342e-03,1.037859590724110603e-03

8.543860435485839844e+00,9.699640605872708599e-03,3.554066061042249203e-04

8.604339599609375000e+00,7.977425395637074979e-03,4.689759109169244766e-03

8.664830207824707031e+00,1.049877503005762491e-02,1.250026980414986610e-03

8.725310325622558594e+00,9.032500812376498267e-03,1.313699642196297646e-03

8.785790443420410156e+00,7.100192989663842158e-03,1.771121867932379246e-03

8.846280097961425781e+00,1.484547268029566547e-03,2.067811787128448486e-03

8.906760215759277344e+00,4.521455381077219005e-03,2.083782106637954712e-03

8.967240333557128906e+00,4.398278131611338404e-03,1.902527757920324802e-03

9.027729988098144531e+00,4.904048066704858044e-03,4.111029207706451416e-03

9.088210105895996094e+00,6.133018455362737598e-03,8.149414206854999065e-04

9.148690223693847656e+00,2.178299669619854217e-03,2.044524764642119408e-03

9.209179878234863281e+00,0.000000000000000000e+00,2.001812681555747986e-03

9.269659996032714844e+00,1.826124247187185801e-03,5.409216973930597305e-03

9.330149650573730469e+00,1.440975708730973803e-03,8.113717194646596909e-04

9.390629768371582031e+00,1.126263283562412010e-03,7.527109701186418533e-04

9.451109886169433594e+00,-2.775557561562891351e-17,5.404874100349843502e-04

9.511599540710449219e+00,-7.538891044059359281e-05,1.708012190647423267e-03

9.572079658508300781e+00,-8.371398492561799021e-04,1.951696234755218029e-03

9.632559776306152344e+00,1.493856962896264462e-03,1.134042860940098763e-03

9.693050384521484375e+00,2.184640728056366776e-03,3.159226384013891220e-03

9.753529548645019531e+00,2.935607557546862645e-03,5.592774832621216774e-04

9.814009666442871094e+00,0.000000000000000000e+00,1.246917876414954662e-03

9.874500274658203125e+00,5.278528047431008119e-04,4.197396803647279739e-03

9.934980392456054688e+00,5.725660069713922606e-04,1.221966464072465897e-03

9.995470046997070312e+00,6.305891923339412841e-04,1.775062526576220989e-03

1.005595016479492188e+01,1.567315376230185575e-03,1.757029793225228786e-03

1.011643028259277344e+01,8.425314696306196449e-04,5.368892569094896317e-03

1.017691993713378906e+01,1.196501885449494096e-03,1.777572324499487877e-03

1.023740005493164062e+01,-6.601559417116903417e-04,9.913940448313951492e-04

1.029788017272949219e+01,0.000000000000000000e+00,1.031746272929012775e-03

1.035836982727050781e+01,3.475185594076266038e-03,2.543836017139256001e-04

1.041884994506835938e+01,4.150353390520791774e-03,2.043099841102957726e-03

1.047933006286621094e+01,1.373484012651832176e-03,2.576631261035799980e-03

1.053981971740722656e+01,-2.668055309225092486e-04,1.969877863302826881e-03

1.060029983520507812e+01,2.775557561562891351e-17,1.426826696842908859e-03

1.066079044342041016e+01,9.828130026127424035e-04,7.160907145589590073e-03

1.072126960754394531e+01,-5.735071436213934337e-04,8.569817058742046356e-03

1.078174972534179688e+01,-4.038608057807369089e-03,2.758482936769723892e-03

1.084224033355712891e+01,2.775557561562891351e-17,1.518974546343088150e-03

1.090272045135498047e+01,2.161969639813188238e-03,2.145235426723957062e-03

1.096319961547851562e+01,8.252070062240990378e-04,5.417617503553628922e-03

1.102369022369384766e+01,3.187876930689476085e-03,4.977093078196048737e-03

1.108417034149169922e+01,7.144209138046836438e-03,6.241481751203536987e-04

1.114465045928955078e+01,7.693156790071903339e-03,7.153830956667661667e-04

1.120514011383056641e+01,2.000455960462205196e-02,9.873649105429649353e-04

1.126562023162841797e+01,3.186068290585605811e-02,3.843690967187285423e-03

1.132610988616943359e+01,2.396932601096141147e-02,9.006987325847148895e-03

1.138659000396728516e+01,2.510461739431385508e-02,9.630166459828615189e-04

1.144707012176513672e+01,2.183790057092199755e-02,3.707010531798005104e-03

1.150755977630615234e+01,1.234839932860920531e-02,4.279562737792730331e-03

1.156803989410400391e+01,1.007051760242624883e-02,2.309080678969621658e-03

1.162852001190185547e+01,8.487345167717541550e-03,1.349180703982710838e-03

1.168900966644287109e+01,6.708189701258943094e-03,7.120305672287940979e-03

1.174948978424072266e+01,2.182366520115441855e-03,4.619315732270479202e-03

1.180996990203857422e+01,3.815939403185752976e-03,4.540134686976671219e-03

1.187045955657958984e+01,0.000000000000000000e+00,4.304742324165999889e-04

1.193093967437744141e+01,3.723382307385253442e-03,2.759052440524101257e-03

1.199143028259277344e+01,-5.616422757909189656e-04,1.890484360046684742e-03

1.205191040039062500e+01,4.042122292456928889e-03,2.933539508376270533e-04
