# col1: wavelength, col2: cont_sub flux, col3: Flux error

4.902790000000000425e+00,4.238354971150261008e+01,2.530800000000000272e-01

4.907689999999999664e+00,4.155571298624920473e+01,2.929109999999999769e-01
4.912600000000000300e+00,4.111739696482865014e+01,3.893730000000000246e-01
4.917519999999999669e+00,4.082817730449240656e+01,4.187040000000000206e-01
4.922439999999999927e+00,4.014772312374454089e+01,4.323040000000000216e-01
4.927360000000000184e+00,3.977455297668563361e+01,3.915520000000000111e-01
4.932290000000000063e+00,3.876518865082089604e+01,2.753530000000000144e-01
4.937219999999999942e+00,3.733720239596566159e+01,2.642889999999999961e-01
4.942160000000000331e+00,3.581972258397844655e+01,2.972500000000000142e-01
4.947110000000000340e+00,3.515174238467799483e+01,4.514310000000000267e-01
4.952060000000000350e+00,3.466334768867427840e+01,4.837560000000000193e-01
4.957010000000000360e+00,3.379039610323430054e+01,3.148469999999999880e-01
4.961969999999999992e+00,3.359899815686800650e+01,4.982349999999999834e-01
4.966940000000000133e+00,3.338042533530342837e+01,5.100740000000000274e-01
4.971910000000000274e+00,3.168542975269114947e+01,3.212149999999999728e-01
4.976880000000000415e+00,3.117956837866535480e+01,3.576150000000000162e-01
4.981860000000000177e+00,3.100727248170835892e+01,2.647740000000000093e-01
4.986849999999999561e+00,2.992283184288915976e+01,3.247909999999999964e-01
4.991830000000000211e+00,2.869292673175815622e+01,2.849599999999999911e-01
4.996830000000000105e+00,2.843013188334229824e+01,2.917489999999999806e-01
5.001829999999999998e+00,2.781664946059805743e+01,3.363849999999999896e-01
5.006829999999999892e+00,2.735544546704293012e+01,2.721180000000000265e-01
5.011840000000000295e+00,2.723113456258845844e+01,2.611089999999999800e-01
5.016860000000000319e+00,2.642827393289167404e+01,2.822410000000000196e-01
5.021880000000000344e+00,2.551294744366144940e+01,3.261620000000000075e-01
5.026900000000000368e+00,2.481743044786217212e+01,3.670530000000000181e-01
5.031930000000000014e+00,2.418182471362729302e+01,2.801870000000000194e-01
5.036959999999999660e+00,2.348326252984236717e+01,2.557969999999999966e-01
5.041999999999999815e+00,2.265417864514685320e+01,2.461450000000000027e-01
5.047049999999999592e+00,2.256571760304337815e+01,2.562429999999999986e-01
5.052100000000000257e+00,2.239354066364938589e+01,3.572100000000000275e-01
5.057150000000000034e+00,2.160592219433511474e+01,4.861610000000000098e-01
5.062210000000000321e+00,2.040107181062702324e+01,4.724160000000000026e-01
5.067280000000000229e+00,2.037472226826661625e+01,4.092890000000000139e-01
5.072350000000000136e+00,2.012075826292203828e+01,4.491669999999999829e-01
5.077420000000000044e+00,1.917402349836039477e+01,4.076190000000000091e-01
5.082499999999999574e+00,1.835246093628384401e+01,2.427310000000000023e-01
5.087589999999999613e+00,1.802332152368918372e+01,2.827339999999999853e-01
5.092679999999999652e+00,1.732843489676915638e+01,3.149970000000000270e-01
5.097769999999999690e+00,1.690670409043167410e+01,2.607309999999999905e-01
5.102870000000000239e+00,1.687988387078679153e+01,2.317800000000000138e-01
5.107980000000000409e+00,1.639847335502053838e+01,2.823269999999999946e-01
5.113089999999999691e+00,1.569972864581790795e+01,2.992380000000000040e-01
5.118199999999999861e+00,1.538636210395050696e+01,3.149429999999999730e-01
5.123319999999999652e+00,1.585126873702999362e+01,3.350420000000000065e-01
5.128449999999999953e+00,1.555807581128191686e+01,2.885139999999999927e-01
5.133580000000000254e+00,1.491416744292810392e+01,2.152600000000000069e-01
5.138720000000000176e+00,1.430127264061021108e+01,2.842700000000000227e-01
5.143860000000000099e+00,1.386372509950702714e+01,3.965679999999999761e-01
5.149000000000000021e+00,1.255391615924643034e+01,4.585870000000000224e-01
5.154160000000000075e+00,1.212244932216529847e+01,4.360600000000000032e-01
5.159309999999999619e+00,1.219554575179435574e+01,4.146259999999999946e-01
5.164469999999999672e+00,1.216819280364457256e+01,3.592750000000000110e-01
5.169640000000000235e+00,1.222382397757255390e+01,4.431089999999999751e-01
5.174809999999999910e+00,1.245039411493769244e+01,5.487060000000000271e-01
5.179990000000000094e+00,1.244137553596240053e+01,5.634900000000000464e-01
5.185170000000000279e+00,1.173369425707701552e+01,6.998609999999999554e-01
5.190360000000000085e+00,1.133986991233030750e+01,7.207440000000000513e-01
5.195560000000000400e+00,1.018939346922601530e+01,6.669469999999999565e-01
5.200750000000000206e+00,9.451151351202558004e+00,5.848250000000000393e-01
5.205960000000000143e+00,9.384913666454192338e+00,6.121860000000000079e-01
5.211159999999999570e+00,9.071638829387996594e+00,4.775429999999999953e-01
5.216380000000000017e+00,8.232167095166463611e+00,2.491669999999999996e-01
5.221599999999999575e+00,8.372046225467496328e+00,2.635009999999999852e-01
5.224370000000000402e+00,7.090065539051351173e+00,9.729010000000000158e-01
5.226820000000000022e+00,8.131524778061555381e+00,3.152099999999999902e-01
5.229599999999999582e+00,7.370628625849082738e+00,6.944350000000000245e-01
5.232050000000000090e+00,7.918397501285127760e+00,3.075700000000000101e-01
5.234829999999999650e+00,7.967282839258452043e+00,3.800140000000000184e-01
5.237289999999999779e+00,7.317801450074247427e+00,2.209430000000000005e-01
5.240070000000000228e+00,6.035232203459133693e+00,9.510030000000000427e-01
5.242530000000000356e+00,6.426271233237170755e+00,2.519950000000000245e-01
5.245309999999999917e+00,5.322904428702390334e+00,6.928440000000000154e-01
5.247770000000000046e+00,6.371914699602712950e+00,2.551610000000000267e-01
5.250560000000000116e+00,5.445498439812235247e+00,6.312879999999999603e-01
5.253020000000000245e+00,6.532386627900465648e+00,1.828369999999999995e-01
5.255810000000000315e+00,6.207595908908356108e+00,8.025050000000000239e-01
5.258280000000000065e+00,6.170932083955137593e+00,2.322720000000000062e-01
5.261070000000000135e+00,5.533570231550778651e+00,6.412830000000000474e-01
5.263539999999999885e+00,5.913343797047844852e+00,2.349110000000000087e-01
5.266329999999999956e+00,4.145707466198486735e+00,4.806759999999999922e-01
5.268799999999999706e+00,5.908278901632974645e+00,2.108460000000000056e-01
5.271600000000000286e+00,4.342015046512227805e+00,6.074079999999999480e-01
5.274079999999999657e+00,5.368786459727388660e+00,1.899200000000000055e-01
5.276869999999999727e+00,4.914783844477538466e+00,6.641359999999999486e-01
5.279349999999999987e+00,5.405341600678688074e+00,2.111429999999999974e-01
5.282149999999999679e+00,3.573814896488957338e+00,6.456239999999999757e-01
5.284629999999999939e+00,5.275994805810767296e+00,2.588820000000000010e-01
5.287440000000000140e+00,2.781020413207085262e+00,5.149070000000000036e-01
5.289920000000000400e+00,4.351328116091808695e+00,2.651510000000000256e-01
5.292729999999999713e+00,2.545354118361909279e+00,5.555959999999999788e-01
5.295209999999999972e+00,4.262739635717085918e+00,3.168650000000000078e-01
5.298020000000000174e+00,2.405382064614990600e+00,5.461770000000000236e-01
5.300510000000000055e+00,4.181100232725021293e+00,2.806279999999999886e-01
5.303320000000000256e+00,2.337811198345431940e+00,4.364399999999999946e-01
5.305819999999999759e+00,4.022180267723105551e+00,2.590600000000000125e-01
5.308629999999999960e+00,1.066021687159969478e+00,3.395179999999999865e-01
5.311119999999999841e+00,3.664474198805768523e+00,3.194210000000000105e-01
5.313939999999999664e+00,1.480229454945992895e+00,3.888530000000000042e-01
5.316440000000000055e+00,3.163890175989613862e+00,3.642380000000000062e-01
5.319259999999999877e+00,2.193794554489989057e+00,5.054210000000000091e-01
5.321760000000000268e+00,2.696350633623341153e+00,3.140229999999999966e-01
5.324580000000000091e+00,1.969209657613999465e+00,7.918570000000000331e-01
5.327079999999999593e+00,2.562880530236171239e+00,1.921930000000000027e-01
5.329909999999999926e+00,1.747516445211916736e+00,6.882129999999999637e-01
5.332410000000000316e+00,2.587236638672763434e+00,2.096889999999999865e-01
5.335239999999999760e+00,1.540714780176744014e+00,7.128299999999999637e-01
5.337749999999999773e+00,2.322236215161660677e+00,2.348560000000000092e-01
5.340580000000000105e+00,6.573975201002109081e-01,5.892180000000000195e-01
5.343090000000000117e+00,2.293542556223181261e+00,3.082739999999999925e-01
5.345919999999999561e+00,5.098216483527906462e-02,4.410229999999999984e-01
5.348429999999999573e+00,2.160199884074986976e+00,3.348380000000000245e-01
5.351270000000000415e+00,-4.214770550608681887e-02,5.195149999999999491e-01
5.353780000000000427e+00,1.760706659497836668e+00,3.325770000000000115e-01
5.356620000000000381e+00,3.994034945356057520e-01,5.707189999999999763e-01
5.359140000000000015e+00,1.791988041293677281e+00,3.780169999999999919e-01
5.361979999999999968e+00,7.520796106418385918e-01,3.311259999999999759e-01
5.364499999999999602e+00,2.180873707105137171e+00,3.911529999999999729e-01
5.367350000000000065e+00,1.920449192811597428e-01,3.312599999999999989e-01
5.369869999999999699e+00,1.634962016312568434e+00,4.252940000000000054e-01
5.372720000000000162e+00,2.321927997203623306e-01,3.709259999999999780e-01
5.375239999999999796e+00,1.164691506361949180e+00,3.488390000000000102e-01
5.378090000000000259e+00,1.138786359322903508e+00,4.252449999999999841e-01
5.380620000000000402e+00,8.977900118419173126e-01,4.190450000000000008e-01
5.383469999999999978e+00,3.615186110461197089e-01,6.117230000000000167e-01
5.386000000000000121e+00,9.792653867072433904e-01,5.515109999999999735e-01
5.388860000000000205e+00,-3.981282987263932149e-01,4.601230000000000042e-01
5.391390000000000349e+00,1.562114475698460403e+00,4.066159999999999775e-01
5.394250000000000433e+00,-3.425211371068126454e-02,2.387970000000000093e-01
5.396790000000000198e+00,1.009908551216809336e+00,4.288950000000000262e-01
5.399650000000000283e+00,-1.098331837574277436e+00,2.774340000000000139e-01
5.402180000000000426e+00,3.853120729430425939e-01,3.891910000000000092e-01
5.405050000000000132e+00,-1.306385093477142600e+00,6.722019999999999662e-01
5.407589999999999897e+00,4.687061623679431577e-01,3.387470000000000203e-01
5.410459999999999603e+00,-1.363952695293484396e+00,7.137679999999999580e-01
5.413000000000000256e+00,3.611351535106663846e-01,3.450829999999999731e-01
5.415869999999999962e+00,-9.918616807893854137e-01,8.326160000000000228e-01
5.418420000000000236e+00,2.818212030998950013e-01,2.825949999999999851e-01
5.421289999999999942e+00,1.613048527189739900e-01,6.879699999999999704e-01
5.423840000000000217e+00,2.676832066162928569e-01,4.523409999999999931e-01
5.426709999999999923e+00,-1.726759079508807471e+00,6.957609999999999628e-01
5.429260000000000197e+00,1.166302385462249624e+00,4.372570000000000068e-01
5.432140000000000413e+00,-2.545759334275784713e+00,6.681350000000000344e-01
5.434700000000000308e+00,1.471853955369018863e+00,3.885379999999999945e-01
5.437579999999999636e+00,-2.131008807860278687e+00,4.584900000000000087e-01
5.440129999999999910e+00,9.862838252829480012e-01,4.341450000000000031e-01
5.443019999999999747e+00,-2.579111210047815295e+00,3.280759999999999788e-01
5.445579999999999643e+00,1.940921690131247601e-02,3.616340000000000110e-01
5.448470000000000368e+00,-1.747377600416028631e+00,2.873490000000000211e-01
5.451019999999999754e+00,-4.610661770677699778e-01,3.378700000000000037e-01
5.453920000000000101e+00,-1.262939470981105039e+00,3.815040000000000098e-01
5.456479999999999997e+00,-7.976751257783440963e-01,2.568650000000000100e-01
5.459369999999999834e+00,-1.796126748753836377e+00,5.512759999999999883e-01
5.461940000000000239e+00,-1.713886013204978465e+00,3.714089999999999892e-01
5.464839999999999698e+00,-2.960723473165602027e+00,4.421900000000000275e-01
5.467399999999999594e+00,-1.803729151984470480e+00,4.096810000000000174e-01
5.470299999999999940e+00,-2.946764713278306580e+00,4.300970000000000071e-01
5.472870000000000346e+00,-7.181603245944003788e-01,4.013669999999999738e-01
5.475780000000000314e+00,-1.990548561938316308e+00,3.971629999999999883e-01
5.478349999999999831e+00,-4.036166593188603713e-01,5.186509999999999732e-01
5.481250000000000178e+00,-2.116058325655218564e+00,3.319579999999999753e-01
5.483830000000000204e+00,-7.106459170864525277e-01,5.544179999999999664e-01
5.486740000000000173e+00,-2.113606100186006032e+00,3.203460000000000196e-01
5.489320000000000199e+00,-8.907318051248704904e-01,5.271630000000000482e-01
5.492230000000000167e+00,-3.173850664528859777e+00,5.688560000000000283e-01
5.494810000000000194e+00,-1.060028073737028009e+00,6.026319999999999455e-01
5.497720000000000162e+00,-2.919593496699893098e+00,1.289290000000000047e+00
5.500300000000000189e+00,-2.646200939033782618e-03,6.215340000000000309e-01
5.503219999999999779e+00,-1.106600296438680964e+00,1.390689999999999982e+00
5.505810000000000315e+00,-8.794495115296285803e-04,6.409540000000000237e-01
5.508729999999999905e+00,-3.582013945312017000e-01,1.053520000000000012e+00
5.511320000000000441e+00,-6.109695620619266521e-01,5.954150000000000276e-01
5.514240000000000030e+00,-1.518247651551535959e+00,1.291179999999999994e+00
5.516829999999999679e+00,-1.170938800636116994e+00,4.574280000000000013e-01
5.519759999999999778e+00,-1.938164747166229773e+00,1.204609999999999959e+00
5.522350000000000314e+00,-1.508449694198344737e+00,3.524590000000000223e-01
5.525280000000000413e+00,-2.135098177627821059e+00,5.729090000000000016e-01
5.527870000000000061e+00,-1.576301013107872961e+00,3.412370000000000125e-01
5.530809999999999782e+00,-8.260107764831445820e-01,8.786960000000000326e-01
5.533409999999999940e+00,-1.743919702477083611e+00,3.645900000000000252e-01
5.536340000000000039e+00,7.847678221003482335e-01,8.749700000000000255e-01
5.538940000000000197e+00,-1.216917903908402820e+00,3.691329999999999889e-01
5.541879999999999917e+00,-2.572642875652158878e+00,1.085939999999999905e+00
5.544480000000000075e+00,-7.696468335298192187e-01,4.190510000000000068e-01
5.547430000000000305e+00,-2.723997397481785487e+00,7.110119999999999774e-01
5.550029999999999575e+00,-5.385812057461318858e-01,5.918470000000000120e-01
5.552979999999999805e+00,-1.615405841403655174e+00,4.198359999999999870e-01
5.555579999999999963e+00,-1.992324095169080600e+00,6.399430000000000396e-01
5.558530000000000193e+00,-2.176922054681179830e+00,5.321110000000000007e-01
5.561139999999999972e+00,-1.828165895290205789e+00,4.702620000000000133e-01
5.564090000000000202e+00,-3.054293371774257526e+00,3.176880000000000259e-01
5.566709999999999603e+00,-1.426803250911630627e+00,3.706130000000000257e-01
5.569659999999999833e+00,-2.752736650041088584e+00,2.275560000000000083e-01
5.572280000000000122e+00,-1.623938396605846712e+00,4.650349999999999762e-01
5.575230000000000352e+00,-2.534827253937823599e+00,1.899240000000000095e-01
5.577849999999999753e+00,-1.121955980865435798e+00,8.235679999999999668e-01
5.580809999999999604e+00,-2.443906691524104335e+00,3.551560000000000272e-01
5.583429999999999893e+00,-5.596550156661761477e-01,7.178459999999999841e-01
5.586389999999999745e+00,-2.175412200242160310e+00,3.662239999999999940e-01
5.589019999999999655e+00,-1.569774497719606643e+00,5.076659999999999506e-01
5.591980000000000395e+00,-2.135585255503460900e+00,5.974429999999999463e-01
5.594610000000000305e+00,-2.332890167277925197e+00,4.321989999999999998e-01
5.597579999999999778e+00,-3.326615848487105787e+00,7.945609999999999618e-01
5.600209999999999688e+00,-1.837016560054811620e+00,4.086359999999999992e-01
5.603180000000000049e+00,-3.279438261209300709e+00,3.839150000000000063e-01
5.605809999999999960e+00,-1.358970400226971798e+00,4.614519999999999733e-01
5.608780000000000321e+00,-2.584718354840259025e+00,2.874110000000000276e-01
5.611419999999999852e+00,-1.170177096780475878e+00,5.390509999999999469e-01
5.614399999999999835e+00,-2.726036208904950353e+00,4.800550000000000095e-01
5.617029999999999745e+00,7.424616220650648302e-02,4.446060000000000012e-01
5.620009999999999728e+00,-2.359882885219583670e+00,7.561560000000000503e-01
5.622650000000000148e+00,-3.354774342560702394e-01,5.243839999999999613e-01
5.625639999999999752e+00,-3.102482869026975010e+00,5.580399999999999805e-01
5.628280000000000172e+00,-4.457212483505781364e-01,4.863770000000000038e-01
5.631260000000000154e+00,-3.446875028833854326e+00,2.852810000000000068e-01
5.633910000000000196e+00,-1.067357385819547311e+00,4.164519999999999889e-01
5.636899999999999800e+00,-3.330868451698461907e+00,2.078520000000000090e-01
5.639549999999999841e+00,-1.247500951273475600e+00,5.635189999999999921e-01
5.642540000000000333e+00,-2.939984154572322872e+00,4.413730000000000153e-01
5.645190000000000374e+00,-2.648732099946862206e-01,5.923850000000000504e-01
5.648179999999999978e+00,-2.710059635861206129e+00,3.299839999999999995e-01
5.650839999999999641e+00,-5.844419982072279751e-01,5.132130000000000303e-01
5.653830000000000133e+00,-2.801900790098926119e+00,2.666569999999999774e-01
5.656489999999999796e+00,-4.137972095739268497e-01,4.236829999999999763e-01
5.659489999999999910e+00,-2.037584424758183133e+00,4.401829999999999909e-01
5.662149999999999572e+00,-2.952199518624212260e-01,5.453839999999999799e-01
5.665149999999999686e+00,-2.181906767954138182e+00,3.945649999999999991e-01
5.667810000000000237e+00,-1.450628213038362091e+00,7.207280000000000353e-01
5.670819999999999972e+00,-2.696114241568673631e+00,6.033330000000000082e-01
5.673479999999999634e+00,-1.142686915276977189e+00,6.210229999999999917e-01
5.676499999999999879e+00,-1.689475691741669117e+00,8.291239999999999721e-01
5.679160000000000430e+00,7.726748998292940485e-01,4.825619999999999910e-01
5.682170000000000165e+00,-1.033356977850643510e+00,2.966849999999999765e-01
5.684840000000000337e+00,-8.246720967534484359e-01,7.031479999999999952e-01
5.687859999999999694e+00,-2.031642973322123957e+00,3.639600000000000057e-01
5.690529999999999866e+00,-5.007547734976087739e-01,6.886609999999999676e-01
5.693550000000000111e+00,-2.093233389033487768e+00,4.380580000000000029e-01
5.696220000000000283e+00,-6.739921193791609255e-02,4.088760000000000172e-01
5.699250000000000149e+00,-1.676091452524573810e+00,4.823680000000000190e-01
5.701920000000000321e+00,-5.686774622288517378e-01,6.838870000000000227e-01
5.704950000000000188e+00,-1.493438143764083570e+00,5.393040000000000056e-01
5.710659999999999847e+00,-1.188672294536773144e+00,4.010889999999999733e-01
5.716370000000000395e+00,-1.362210675109577274e+00,3.572500000000000120e-01
5.722089999999999677e+00,-7.358182784031770396e-01,5.716550000000000242e-01
5.727809999999999846e+00,-1.028737114006322173e+00,4.528220000000000023e-01
5.733539999999999637e+00,-1.359798895831615617e+00,4.953770000000000118e-01
5.739279999999999937e+00,-1.388299546691769137e+00,9.049089999999999634e-01
5.745020000000000238e+00,-1.307058108104939276e+00,9.462019999999999875e-01
5.750770000000000159e+00,-1.573242641077281512e+00,8.525179999999999980e-01
5.756520000000000081e+00,-8.533860396759340716e-01,1.198600000000000110e+00
5.762279999999999625e+00,8.000655015861113384e-01,1.005659999999999998e+00
5.768049999999999677e+00,-8.278873394436088162e-01,4.878870000000000151e-01
5.773819999999999730e+00,-1.061992395393755562e+00,6.021579999999999711e-01
5.779600000000000293e+00,-1.002214346901617148e+00,6.140660000000000007e-01
5.785379999999999967e+00,-1.067243470104306535e+00,6.022100000000000231e-01
5.791170000000000151e+00,-1.615494014063333594e+00,6.510230000000000183e-01
5.796960000000000335e+00,2.432187235117400093e-02,7.742949999999999555e-01
5.802760000000000140e+00,7.097897918895741398e-01,4.637299999999999756e-01
5.808569999999999567e+00,-7.758432806204051957e-02,2.517599999999999838e-01
5.814379999999999882e+00,3.010954127993086260e-01,3.247180000000000066e-01
5.820199999999999818e+00,4.221730814444901725e-01,3.826579999999999981e-01
5.826019999999999754e+00,-1.206458551449243188e-01,1.955890000000000128e-01
5.831850000000000200e+00,-9.123894365434104259e-02,2.074380000000000113e-01
5.837679999999999758e+00,-1.470705681542714416e-01,2.846879999999999966e-01
5.843519999999999825e+00,-2.618604803064084052e-01,3.514959999999999751e-01
5.849370000000000402e+00,-6.908759037527456570e-02,2.855449999999999933e-01
5.855220000000000091e+00,-9.805518260096013350e-02,2.513029999999999986e-01
5.861080000000000290e+00,-3.022676574310629860e-01,2.129850000000000076e-01
5.866939999999999600e+00,-1.826966801642266880e-01,2.750360000000000027e-01
5.872810000000000308e+00,1.804896475459125682e-01,3.039720000000000200e-01
5.878689999999999749e+00,4.763388409650191058e-01,2.739619999999999833e-01
5.884570000000000078e+00,4.967125530779989973e-01,3.178650000000000087e-01
5.890460000000000029e+00,6.923157684549963164e-01,4.309560000000000057e-01
5.896349999999999980e+00,3.921325171121248232e-02,5.508429999999999715e-01
5.902250000000000441e+00,1.991570297411460189e-02,3.478890000000000038e-01
5.908159999999999634e+00,8.943488468814182468e-01,4.972759999999999958e-01
5.914069999999999716e+00,1.535910746882990896e+00,5.467870000000000230e-01
5.919990000000000308e+00,2.265084694561615652e+00,5.658100000000000351e-01
5.925910000000000011e+00,1.854827761987506207e+00,4.566819999999999768e-01
5.931840000000000224e+00,1.970898509376187047e+00,5.644500000000000073e-01
5.937770000000000437e+00,9.333789456848036181e-01,7.277989999999999737e-01
5.943710000000000271e+00,8.922229777201131640e-01,5.829729999999999634e-01
5.949659999999999727e+00,2.038096334216978445e+00,2.924069999999999725e-01
5.955610000000000070e+00,1.685558316138706658e+00,2.446959999999999968e-01
5.961570000000000036e+00,1.735596022951887196e+00,2.793320000000000247e-01
5.967539999999999623e+00,1.847855483764958784e+00,3.180999999999999939e-01
5.973510000000000097e+00,2.155433122863121831e+00,3.693509999999999849e-01
5.979479999999999684e+00,2.424881913650570375e+00,3.114689999999999959e-01
5.985459999999999781e+00,2.266750111279125512e+00,2.913370000000000126e-01
5.991450000000000387e+00,2.060274113367468019e+00,4.153430000000000177e-01
5.997449999999999726e+00,2.522760437525524146e+00,5.070189999999999975e-01
6.003449999999999953e+00,2.521506971973321853e+00,3.812340000000000173e-01
6.009450000000000180e+00,1.948216886678480364e+00,2.434769999999999990e-01
6.015469999999999651e+00,1.843482358373916608e+00,2.565419999999999923e-01
6.021490000000000009e+00,1.511129178586513966e+00,2.530919999999999837e-01
6.027510000000000367e+00,1.996040649423054258e+00,3.279460000000000153e-01
6.033540000000000347e+00,2.482988348427896952e+00,2.745310000000000250e-01
6.039579999999999949e+00,2.591329477531646663e+00,1.750569999999999904e-01
6.045620000000000438e+00,1.751207140861527289e+00,3.129930000000000212e-01
6.051669999999999661e+00,1.614347002195364755e+00,3.287260000000000182e-01
6.057719999999999771e+00,2.083306324809563126e+00,3.694250000000000034e-01
6.063780000000000392e+00,2.105756911991774061e+00,4.022600000000000064e-01
6.069849999999999746e+00,1.819256470553141103e+00,2.795369999999999799e-01
6.075919999999999987e+00,1.914968381379159368e+00,2.651780000000000248e-01
6.081999999999999851e+00,2.091188841740130755e+00,4.113410000000000122e-01
6.088090000000000224e+00,2.204925876409643326e+00,3.953019999999999867e-01
6.094179999999999708e+00,2.073938802929817360e+00,4.656609999999999916e-01
6.100279999999999703e+00,1.282668397947277050e+00,2.706069999999999864e-01
6.106379999999999697e+00,1.323247813580610277e+00,1.857439999999999924e-01
6.112490000000000201e+00,1.539574296924695940e+00,1.861289999999999889e-01
6.118599999999999817e+00,2.285924750559963137e+00,3.264210000000000167e-01
6.124729999999999563e+00,2.099522869968581507e+00,3.316970000000000196e-01
6.130849999999999689e+00,2.107297715363048773e+00,3.737889999999999824e-01
6.136989999999999945e+00,1.862227830609487711e+00,4.151540000000000230e-01
6.143130000000000202e+00,2.037447541446055332e+00,2.814820000000000100e-01
6.149269999999999570e+00,3.053070961416361584e+00,2.112080000000000068e-01
6.155429999999999957e+00,3.467195162477744397e+00,2.964760000000000173e-01
6.161579999999999835e+00,3.624224974696939050e+00,3.502379999999999938e-01
6.167749999999999844e+00,3.593784226089963951e+00,2.570680000000000187e-01
6.173919999999999852e+00,4.025314279675187734e+00,3.061650000000000205e-01
6.180100000000000371e+00,4.629694589368555491e+00,2.707419999999999827e-01
6.186280000000000001e+00,5.130601283692705294e+00,3.013109999999999955e-01
6.192470000000000141e+00,6.079310844291018867e+00,2.882979999999999987e-01
6.198669999999999902e+00,6.335863200697390951e+00,3.981390000000000207e-01
6.204869999999999663e+00,6.539699283222457638e+00,4.639840000000000075e-01
6.211070000000000313e+00,5.818003623218270803e+00,4.311200000000000032e-01
6.217290000000000205e+00,6.354423290615889286e+00,4.372010000000000063e-01
6.223510000000000097e+00,7.157684686093222837e+00,3.676719999999999988e-01
6.229739999999999611e+00,7.580455971157423534e+00,3.836120000000000085e-01
6.235970000000000013e+00,8.017745620967430042e+00,4.771360000000000046e-01
6.242210000000000036e+00,8.056679179103870325e+00,4.680349999999999788e-01
6.248450000000000060e+00,7.434387970914212218e+00,3.841930000000000067e-01
6.254699999999999704e+00,7.268455013008370713e+00,4.686250000000000138e-01
6.260959999999999859e+00,7.768521326689254991e+00,3.667830000000000257e-01
6.267229999999999634e+00,7.525968070265895093e+00,2.519419999999999993e-01
6.273500000000000298e+00,7.153232070671750265e+00,3.080300000000000260e-01
6.279770000000000074e+00,7.490258357027741454e+00,3.327120000000000077e-01
6.286059999999999981e+00,6.778566156566936840e+00,2.552820000000000089e-01
6.292349999999999888e+00,6.595741698998152103e+00,2.691160000000000219e-01
6.298639999999999795e+00,6.451570157720884602e+00,3.875350000000000183e-01
6.304940000000000211e+00,6.223215418543487587e+00,3.099410000000000220e-01
6.311250000000000249e+00,6.591139410640820984e+00,2.411679999999999935e-01
6.317569999999999908e+00,6.316334203410269410e+00,3.031760000000000010e-01
6.323889999999999567e+00,5.772536475987074311e+00,3.184310000000000196e-01
6.330210000000000115e+00,5.175211619915327077e+00,2.278580000000000050e-01
6.336549999999999905e+00,4.414292089060596780e+00,2.199119999999999964e-01
6.342889999999999695e+00,4.289522354568083173e+00,2.542730000000000268e-01
6.349230000000000373e+00,4.084867954567035220e+00,3.021170000000000244e-01
6.355590000000000295e+00,4.343915834706008283e+00,3.696570000000000134e-01
6.361939999999999706e+00,5.081896742486341267e+00,6.233199999999999852e-01
6.368310000000000137e+00,4.697215787150980759e+00,6.092699999999999783e-01
6.374679999999999680e+00,4.901317320928070487e+00,6.364469999999999850e-01
6.381059999999999732e+00,4.522804370056880074e+00,8.928249999999999797e-01
6.387439999999999785e+00,4.579553831272507480e+00,8.697669999999999568e-01
6.393830000000000346e+00,6.518567231023848052e+00,9.981680000000000552e-01
6.400229999999999642e+00,5.577998152329019632e+00,7.699789999999999690e-01
6.406629999999999825e+00,4.410996111035707656e+00,7.551160000000000094e-01
6.413039999999999630e+00,3.546320602283880685e+00,8.682809999999999695e-01
6.419459999999999944e+00,3.025955576776381495e+00,5.478410000000000224e-01
6.425880000000000258e+00,2.931602953973843295e+00,7.301159999999999872e-01
6.432310000000000194e+00,2.447940417889614917e+00,8.553509999999999724e-01
6.438749999999999751e+00,2.435592289959759515e+00,3.134370000000000211e-01
6.445190000000000197e+00,2.096502675655006254e+00,2.965909999999999935e-01
6.451640000000000263e+00,2.502547670162211801e+00,3.978530000000000122e-01
6.458090000000000330e+00,2.610042689287731754e+00,3.353110000000000257e-01
6.464550000000000018e+00,2.346342868933141812e+00,2.521349999999999980e-01
6.471020000000000216e+00,1.377233130449351250e+00,5.987959999999999949e-01
6.477500000000000036e+00,1.044808545804012390e+00,7.302110000000000545e-01
6.483979999999999855e+00,2.110736930471423189e+00,3.886959999999999860e-01
6.490459999999999674e+00,1.108474874817833467e+00,4.189359999999999751e-01
6.496959999999999624e+00,1.050852217152153933e+00,4.192409999999999748e-01
6.503459999999999575e+00,1.458630884593889565e+00,3.528569999999999762e-01
6.509960000000000413e+00,1.742267621598395433e+00,3.611010000000000053e-01
6.516479999999999606e+00,1.451140447235305331e+00,4.696509999999999851e-01
6.522999999999999687e+00,1.417873721760425365e+00,3.940960000000000019e-01
6.529519999999999769e+00,1.735744344669399197e+00,3.707400000000000140e-01
6.536059999999999981e+00,2.183118977466927291e+00,5.350260000000000016e-01
6.542600000000000193e+00,2.020413956633915209e+00,3.926450000000000218e-01
6.549140000000000406e+00,1.838056337660363582e+00,3.572969999999999757e-01
6.555690000000000239e+00,1.907587533352128162e+00,3.816939999999999777e-01
6.562249999999999694e+00,1.968474231971937272e+00,2.139900000000000135e-01
6.568819999999999659e+00,2.208833278353165674e+00,3.328840000000000132e-01
6.575389999999999624e+00,2.502887606456829062e+00,4.141050000000000009e-01
6.581970000000000098e+00,2.273538531815569641e+00,4.289830000000000032e-01
6.588549999999999685e+00,3.073599286506586203e+00,5.253649999999999709e-01
6.595150000000000290e+00,3.933205272391716356e+00,5.888700000000000045e-01
6.601740000000000386e+00,3.333761918817946146e+00,7.196090000000000542e-01
6.608349999999999724e+00,3.028548908977350962e+00,7.602470000000000061e-01
6.614959999999999951e+00,2.237445820386780859e+00,5.865289999999999671e-01
6.621579999999999799e+00,1.520104579985862792e+00,5.762880000000000225e-01
6.628199999999999648e+00,1.397588763410039903e+00,5.704369999999999719e-01
6.634839999999999627e+00,1.718405319338368820e+00,4.485020000000000118e-01
6.641469999999999985e+00,2.370428635536641515e+00,4.311619999999999897e-01
6.648119999999999585e+00,2.047021041312786949e+00,4.422360000000000180e-01
6.654770000000000074e+00,1.683431207698801835e+00,3.678529999999999855e-01
6.661430000000000184e+00,1.265472644024173476e+00,2.909570000000000212e-01
6.668090000000000295e+00,1.514378312051610997e+00,2.527460000000000262e-01
6.674760000000000026e+00,1.943652439968364121e+00,2.146770000000000067e-01
6.681440000000000268e+00,1.866564118922271476e+00,2.688809999999999811e-01
6.688130000000000130e+00,1.691782604617773522e+00,3.528680000000000150e-01
6.694819999999999993e+00,1.964729936678399902e+00,3.850190000000000001e-01
6.701520000000000366e+00,1.525902195323887156e+00,2.826420000000000043e-01
6.708219999999999850e+00,1.278090753577660443e+00,3.656869999999999843e-01
6.714929999999999843e+00,1.169972743439154250e+00,4.077879999999999838e-01
6.721650000000000347e+00,1.939748082296444132e+00,9.327379999999999560e-01
6.728379999999999583e+00,2.443086854788391271e+00,1.479409999999999892e+00
6.735109999999999708e+00,-4.629114735978134831e-02,1.468879999999999963e+00
6.741850000000000342e+00,8.275337330852181594e-01,3.081539999999999835e-01
6.748590000000000089e+00,8.071302880000246205e-01,2.866670000000000051e-01
6.755340000000000344e+00,7.811095652143222878e-01,3.377829999999999999e-01
6.762100000000000222e+00,7.255123211225233959e-01,4.766369999999999774e-01
6.768869999999999720e+00,6.945094820800727931e-01,5.846559999999999535e-01
6.775640000000000107e+00,6.324675877568548543e-01,3.899380000000000068e-01
6.782420000000000115e+00,7.290408962512247015e-01,3.270500000000000074e-01
6.789209999999999745e+00,3.929107596560381666e-01,3.594209999999999905e-01
6.796000000000000263e+00,1.671217089552010648e-01,3.089910000000000156e-01
6.802800000000000402e+00,-1.184967390814239963e-02,2.743729999999999780e-01
6.809599999999999653e+00,7.030359502366652080e-01,4.267199999999999882e-01
6.816419999999999924e+00,7.476464086914118568e-01,3.626659999999999884e-01
6.823240000000000194e+00,1.273535305112369898e-01,2.769510000000000027e-01
6.830059999999999576e+00,1.512248588075157940e-01,2.867859999999999854e-01
6.836899999999999977e+00,5.407718680008590795e-01,2.572909999999999919e-01
6.843740000000000379e+00,3.678012420562071227e-01,2.210930000000000117e-01
6.850579999999999892e+00,5.938804141718421192e-01,2.348820000000000074e-01
6.857440000000000424e+00,4.669052577602039733e-01,2.681879999999999820e-01
6.864300000000000068e+00,-8.384237415101836177e-02,2.954399999999999804e-01
6.871170000000000222e+00,2.826304762932210224e-01,3.656340000000000146e-01
6.878040000000000376e+00,5.857068555765421181e-01,2.972879999999999967e-01
6.884920000000000151e+00,7.403910084820690685e-01,2.788669999999999760e-01
6.891810000000000436e+00,1.147042133661897445e+00,2.355629999999999946e-01
6.898710000000000342e+00,8.100893209256181393e-01,3.820180000000000242e-01
6.905610000000000248e+00,1.862726921930022428e-01,5.122290000000000454e-01
6.912519999999999776e+00,1.749087952891210662e-01,4.825760000000000050e-01
6.919430000000000192e+00,5.758364241774378556e-01,3.024439999999999906e-01
6.926359999999999850e+00,5.228337704838583733e-01,2.875400000000000178e-01
6.933290000000000397e+00,6.362888691509400729e-01,2.602289999999999881e-01
6.940220000000000056e+00,5.861865076330197155e-02,3.026510000000000034e-01
6.941349999999999909e+00,-4.466227915989202657e-01,5.105030000000000401e-01
6.947169999999999845e+00,2.936742979515436502e-01,3.482080000000000175e-01
6.948290000000000077e+00,-4.660830968642279970e-01,5.105030000000000401e-01
6.954119999999999635e+00,2.397304082162072802e-01,1.977250000000000119e-01
6.955239999999999867e+00,3.187664599578887703e-02,3.137559999999999794e-01
6.961079999999999934e+00,-6.818231324736183652e-01,2.447840000000000016e-01
6.962200000000000166e+00,6.603846860450621747e-01,5.500979999999999759e-01
6.968040000000000234e+00,-7.502516903772660228e-01,2.653630000000000155e-01
6.969170000000000087e+00,5.680291603939284784e-01,5.126849999999999463e-01
6.975010000000000154e+00,-2.444445688119500915e-01,2.778070000000000261e-01
6.976140000000000008e+00,1.988040895850478051e-01,4.388920000000000043e-01
6.981989999999999696e+00,-2.782379098474230261e-02,4.267980000000000107e-01
6.983120000000000438e+00,1.151605832267996732e-01,4.062359999999999860e-01
6.988979999999999748e+00,4.226850705433982114e-02,4.929129999999999900e-01
6.990109999999999602e+00,3.464959771202202887e-04,4.386860000000000204e-01
6.995969999999999800e+00,-4.825850230896815418e-01,5.329829999999999846e-01
6.997099999999999653e+00,4.289944123946938248e-01,5.978919999999999790e-01
7.002970000000000361e+00,-5.171023450204987881e-01,4.730480000000000240e-01
7.004100000000000215e+00,-2.238135764849884524e-01,6.350689999999999946e-01
7.009970000000000034e+00,1.567783415603996033e-01,3.702509999999999968e-01
7.011110000000000397e+00,-5.684099005943883398e-01,3.513930000000000109e-01
7.016989999999999839e+00,-2.857342519425234428e-01,3.247450000000000059e-01
7.018119999999999692e+00,-4.434332435375534232e-01,2.785030000000000006e-01
7.024009999999999643e+00,-2.865346067476979286e-01,3.840770000000000017e-01
7.025150000000000006e+00,-5.275242749399478015e-01,3.396489999999999787e-01
7.031039999999999957e+00,3.520003489109102546e-01,4.473530000000000006e-01
7.032169999999999810e+00,-2.974998549864160680e-03,4.702979999999999938e-01
7.038070000000000270e+00,8.969908809852498166e-01,5.144419999999999549e-01
7.039209999999999745e+00,-1.354895903578956506e-02,3.722409999999999886e-01
7.045110000000000205e+00,8.325504925907480924e-01,6.268430000000000391e-01
7.046249999999999680e+00,-5.180427157526636961e-01,3.196869999999999989e-01
7.052159999999999762e+00,9.545361875475997238e-01,4.767879999999999896e-01
7.053300000000000125e+00,-2.856425747598612119e-01,3.648339999999999916e-01
7.059219999999999828e+00,5.006248536948652017e-01,5.896529999999999827e-01
7.060360000000000191e+00,6.656834231338137897e-02,2.966719999999999913e-01
7.066279999999999895e+00,2.979045525715445564e+00,1.869739999999999958e+00
7.067420000000000258e+00,-2.388909661055453881e-01,3.132079999999999864e-01
7.073349999999999582e+00,8.867462279165012617e+00,4.625219999999999665e+00
7.074489999999999945e+00,9.767359915224815836e-02,4.380709999999999882e-01
7.081570000000000142e+00,2.722986244186778038e-01,3.762980000000000214e-01
7.088659999999999961e+00,1.229057870032246313e-02,2.820639999999999814e-01
7.095749999999999780e+00,-2.545724516963607797e-01,3.455159999999999898e-01
7.102850000000000108e+00,7.473878649390641726e-03,3.840839999999999810e-01
7.109950000000000436e+00,2.310573458283275983e-01,3.946000000000000063e-01
7.117070000000000007e+00,3.570076364089569410e-02,3.464010000000000145e-01
7.124189999999999579e+00,5.219332757735122286e-01,2.833689999999999820e-01
7.131319999999999659e+00,4.250091563554168062e-01,4.410930000000000129e-01
7.138449999999999740e+00,-2.015242629803086771e-01,3.570619999999999905e-01
7.145590000000000330e+00,-3.632728339707202991e-01,3.564769999999999883e-01
7.152739999999999654e+00,-2.042809797580398268e-01,3.968140000000000001e-01
7.159900000000000375e+00,-1.106032439927879807e-01,3.032759999999999900e-01
7.167060000000000208e+00,-6.413924232404824011e-01,2.858589999999999742e-01
7.174229999999999663e+00,-5.352049235493572255e-01,3.163989999999999858e-01
7.181409999999999627e+00,-1.439855913303276225e-01,4.555199999999999805e-01
7.188600000000000101e+00,-4.177939485220960592e-02,4.494429999999999814e-01
7.195789999999999687e+00,1.159210612562242559e-01,3.384519999999999751e-01
7.202989999999999782e+00,-6.771335225182362194e-03,4.219080000000000052e-01
7.210189999999999877e+00,-6.651252576139299322e-02,4.658129999999999771e-01
7.217410000000000103e+00,-7.209174726036771119e-03,3.654370000000000118e-01
7.224630000000000329e+00,1.911641311039744551e-01,3.344579999999999775e-01
7.231860000000000177e+00,2.829139057074954167e-01,3.518830000000000013e-01
7.239090000000000025e+00,5.138328838140093779e-02,2.897239999999999815e-01
7.246340000000000003e+00,-5.077455599693969646e-01,3.132980000000000209e-01
7.253589999999999982e+00,-4.270955637153903695e-01,3.422589999999999799e-01
7.260839999999999961e+00,-7.618666879438702466e-01,3.493459999999999899e-01
7.268110000000000070e+00,-8.868280231194818342e-01,2.390019999999999922e-01
7.275380000000000180e+00,-2.544312433877475854e-01,3.469260000000000121e-01
7.282659999999999911e+00,1.298287055902562770e-01,4.427369999999999917e-01
7.289939999999999642e+00,-7.444357800520773338e-02,4.342139999999999889e-01
7.297240000000000393e+00,-3.016188576632226059e-01,3.068170000000000064e-01
7.304540000000000255e+00,-4.185571363039466419e-01,2.105529999999999902e-01
7.311849999999999739e+00,-1.198341972140823941e-01,3.116579999999999906e-01
7.319160000000000110e+00,8.339539495511427702e-02,3.375199999999999867e-01
7.326489999999999725e+00,-8.048080163558690714e-02,3.204949999999999743e-01
7.333820000000000228e+00,2.276288866615496786e-01,2.276739999999999875e-01
7.341149999999999842e+00,-2.556855040722254557e-01,3.410610000000000031e-01
7.348499999999999588e+00,-2.544676776007941399e-01,4.820699999999999985e-01
7.355850000000000222e+00,6.969353005351672792e-01,4.483820000000000028e-01
7.363209999999999589e+00,1.330806175103581346e+00,5.874979999999999647e-01
7.370580000000000354e+00,1.469864349959803640e+00,4.907599999999999740e-01
7.377950000000000230e+00,5.386469424981736864e-01,4.471010000000000262e-01
7.385329999999999728e+00,3.348460642660304742e-01,5.563080000000000247e-01
7.392719999999999736e+00,7.024111181465721998e-01,4.518099999999999894e-01
7.400120000000000253e+00,3.580150646389324010e-02,3.844899999999999984e-01
7.407519999999999882e+00,3.174951914706696243e-01,3.207599999999999896e-01
7.414930000000000021e+00,3.704834381191366433e-01,3.165109999999999868e-01
7.422349999999999781e+00,-1.412643522310563782e-01,2.642419999999999769e-01
7.429780000000000051e+00,5.533912212238849548e-01,2.737729999999999886e-01
7.437210000000000321e+00,1.252048968234762860e+00,3.014200000000000212e-01
7.444650000000000212e+00,8.776493045360123091e-01,3.536799999999999944e-01
7.452099999999999724e+00,1.012631629974722891e+00,3.054569999999999785e-01
7.459559999999999746e+00,1.211045343845390754e+00,4.714880000000000182e-01
7.467019999999999769e+00,1.591750106027017608e+00,4.938199999999999812e-01
7.474490000000000300e+00,1.516065480423322676e+00,3.399719999999999964e-01
7.481969999999999565e+00,1.147430865379879705e+00,3.079089999999999883e-01
7.489449999999999719e+00,1.072166560089149456e+00,3.797969999999999957e-01
7.496950000000000003e+00,1.144610372990004343e+00,3.928679999999999950e-01
7.504450000000000287e+00,1.442073717740992578e+00,3.184839999999999893e-01
7.511960000000000193e+00,1.830295089801065700e+00,2.689909999999999801e-01
7.519470000000000098e+00,1.812995643069554852e+00,3.158929999999999794e-01
7.526989999999999625e+00,1.900893444699418566e+00,3.464789999999999814e-01
7.534530000000000172e+00,2.157485704092723111e+00,3.366450000000000276e-01
7.542060000000000208e+00,2.393728376177051587e+00,3.007610000000000006e-01
7.549610000000000376e+00,1.877404296233409653e+00,2.977099999999999747e-01
7.557159999999999656e+00,1.824417876440002750e+00,3.141100000000000003e-01
7.564720000000000333e+00,2.380046109914424335e+00,3.097829999999999750e-01
7.572289999999999743e+00,2.708088390564206804e+00,2.990309999999999913e-01
7.579869999999999663e+00,3.086294111757487357e+00,3.223019999999999774e-01
7.587449999999999584e+00,3.528636359705575209e+00,3.895689999999999986e-01
7.595040000000000013e+00,3.725281265342433201e+00,3.743830000000000213e-01
7.602640000000000065e+00,3.525328221118700256e+00,2.970679999999999987e-01
7.610249999999999737e+00,3.635176618948947613e+00,3.279039999999999733e-01
7.617860000000000298e+00,3.757460408175618660e+00,3.647210000000000174e-01
7.625479999999999592e+00,3.664844854985833678e+00,3.027670000000000083e-01
7.633110000000000284e+00,3.446529350384582635e+00,2.674400000000000110e-01
7.640749999999999709e+00,3.372713284844167880e+00,2.278169999999999917e-01
7.648399999999999643e+00,3.628896048305221278e+00,1.955709999999999948e-01
7.656049999999999578e+00,3.770912672713740754e+00,2.828479999999999883e-01
7.663710000000000022e+00,3.914127339455042431e+00,3.166680000000000050e-01
7.671380000000000088e+00,3.774939437570675516e+00,2.787970000000000170e-01
7.679050000000000153e+00,3.992984650651361989e+00,3.201669999999999794e-01
7.686729999999999841e+00,4.227826507457564276e+00,3.291009999999999769e-01
7.694420000000000037e+00,3.887764396137201039e+00,3.270199999999999774e-01
7.702119999999999855e+00,3.772497704312220534e+00,2.758860000000000201e-01
7.709830000000000183e+00,4.036725819079659772e+00,2.869369999999999976e-01
7.717539999999999623e+00,4.224385513020060046e+00,3.288099999999999912e-01
7.725259999999999572e+00,4.276439223751858698e+00,2.964310000000000000e-01
7.732990000000000030e+00,3.899586337489036936e+00,2.855030000000000068e-01
7.740730000000000111e+00,4.118726239924054511e+00,3.035309999999999953e-01
7.748470000000000191e+00,4.140896577907966503e+00,2.532130000000000214e-01
7.756230000000000402e+00,4.315420432294219566e+00,3.142039999999999833e-01
7.763989999999999725e+00,4.804573930306659690e+00,3.001949999999999896e-01
7.771749999999999936e+00,4.814157114756207889e+00,3.163599999999999746e-01
7.779530000000000278e+00,4.875391749003361141e+00,3.842519999999999825e-01
7.787309999999999732e+00,5.090455276826046926e+00,3.530190000000000272e-01
7.795099999999999696e+00,5.798308161466502852e+00,3.799480000000000079e-01
7.802900000000000169e+00,5.629549785842707266e+00,3.373689999999999745e-01
7.810710000000000264e+00,5.588579532359014834e+00,3.020909999999999984e-01
7.818520000000000358e+00,5.571237024559779982e+00,3.120820000000000261e-01
7.826349999999999696e+00,5.209941381556927098e+00,2.635529999999999817e-01
7.834179999999999922e+00,4.881972688732096444e+00,3.695899999999999741e-01
7.842019999999999769e+00,4.618190085470899930e+00,3.169379999999999975e-01
7.849859999999999616e+00,5.056934078329099691e+00,3.670109999999999761e-01
7.857719999999999594e+00,4.680622016932179719e+00,3.993650000000000255e-01
7.865579999999999572e+00,4.666935754674147674e+00,3.921970000000000178e-01
7.873450000000000060e+00,4.850333545211945818e+00,4.919910000000000116e-01
7.881319999999999659e+00,4.472856780605594551e+00,3.800020000000000064e-01
7.889210000000000278e+00,4.716321036040760362e+00,3.982049999999999756e-01
7.897100000000000009e+00,5.101009937895321755e+00,4.784280000000000199e-01
7.905000000000000249e+00,4.920480851627999641e+00,4.007600000000000051e-01
7.912910000000000110e+00,4.791733155077363193e+00,3.240850000000000120e-01
7.920829999999999593e+00,4.222466225580857824e+00,3.124339999999999895e-01
7.928749999999999964e+00,4.002722788192521364e+00,3.141700000000000048e-01
7.936689999999999579e+00,3.694415746157345026e+00,2.688989999999999991e-01
7.944630000000000081e+00,3.616231395254615677e+00,2.114969999999999906e-01
7.952580000000000204e+00,3.770625763281392651e+00,3.334790000000000254e-01
7.960530000000000328e+00,3.824542467545985147e+00,3.492850000000000121e-01
7.968499999999999694e+00,3.439292623439195395e+00,3.268769999999999731e-01
7.976469999999999949e+00,3.014764313186635292e+00,3.976310000000000122e-01
7.984449999999999825e+00,2.987512669698839218e+00,3.581599999999999784e-01
7.992440000000000211e+00,3.145437067184454705e+00,2.929720000000000102e-01
8.000429999999999708e+00,2.997982241730008823e+00,2.860579999999999790e-01
8.008440000000000225e+00,2.923657066604224752e+00,3.183770000000000211e-01
8.016450000000000742e+00,3.021751864228257034e+00,3.481560000000000210e-01
8.024470000000000880e+00,3.055720645144546666e+00,4.339160000000000239e-01
8.032500000000000639e+00,3.590362781776905265e+00,5.376459999999999573e-01
8.040540000000000020e+00,3.528477646061817907e+00,4.874479999999999924e-01
8.048579999999999401e+00,2.809511322154497392e+00,4.689639999999999920e-01
8.056630000000000180e+00,2.555316919694744726e+00,3.146999999999999797e-01
8.064690000000000580e+00,2.624193809825596801e+00,3.158000000000000251e-01
8.072760000000000602e+00,2.603841363206301551e+00,3.257249999999999868e-01
8.080840000000000245e+00,1.716858950013424590e+00,2.597639999999999949e-01
8.088929999999999509e+00,1.615945939941951792e+00,2.581149999999999833e-01
8.097020000000000550e+00,1.804349771236104516e+00,2.214959999999999984e-01
8.105119999999999436e+00,2.028822197063092858e+00,3.012170000000000125e-01
8.113229999999999720e+00,2.113162586338185989e+00,3.403909999999999991e-01
8.121349999999999625e+00,1.755470307498656624e+00,2.817410000000000192e-01
8.129469999999999530e+00,2.111993704935349214e+00,3.067059999999999786e-01
8.137600000000000833e+00,2.042983624358610584e+00,2.809079999999999910e-01
8.145749999999999602e+00,1.382290002408389284e+00,2.897410000000000263e-01
8.153900000000000148e+00,1.147710840702684365e+00,2.735380000000000034e-01
8.162050000000000693e+00,1.647346188837007119e+00,3.315100000000000269e-01
8.170220000000000482e+00,2.778095868127968160e+00,4.441860000000000253e-01
8.178390000000000271e+00,2.715759245561532254e+00,4.439290000000000180e-01
8.186579999999999302e+00,1.779635229822195797e+00,4.304140000000000188e-01
8.194770000000000110e+00,1.426624099518194910e+00,3.636179999999999968e-01
8.202970000000000539e+00,1.755974877110686450e+00,4.169100000000000028e-01
8.211169999999999192e+00,1.633338183891595463e+00,4.032600000000000073e-01
8.219390000000000640e+00,1.428711099556949193e+00,3.403070000000000261e-01
8.227610000000000312e+00,1.655395730448796954e+00,3.509909999999999974e-01
8.235839999999999606e+00,1.196340183634720944e+00,3.770180000000000198e-01
8.244080000000000297e+00,4.439438224575393832e-01,5.346440000000000081e-01
8.252330000000000609e+00,8.670060097973397717e-01,6.010480000000000267e-01
8.260590000000000543e+00,1.545626108072587712e+00,6.076030000000000042e-01
8.268850000000000477e+00,2.124156342189998270e+00,7.522759999999999447e-01
8.277129999999999654e+00,2.076390578072970783e+00,7.135540000000000216e-01
8.285410000000000608e+00,6.436341331340305061e-01,5.609939999999999927e-01
8.293699999999999406e+00,1.172633505653108088e+00,7.256209999999999605e-01
8.301999999999999602e+00,2.991988056401977403e+00,7.311579999999999746e-01
8.310299999999999798e+00,1.969751161017562424e+00,4.639300000000000090e-01
8.318619999999999237e+00,1.064914379838521441e+00,2.652959999999999763e-01
8.326940000000000452e+00,8.198853341842209375e-01,3.118210000000000148e-01
8.335269999999999513e+00,6.183093683319800249e-01,3.970629999999999993e-01
8.343609999999999971e+00,5.435858414278715856e-01,4.424279999999999879e-01
8.351960000000000051e+00,6.112141121670813249e-01,3.027250000000000218e-01
8.360310000000000130e+00,1.443348942373567922e+00,3.743920000000000026e-01
8.368679999999999453e+00,1.295779114811102417e+00,3.798039999999999750e-01
8.377050000000000551e+00,7.336150262589864468e-01,2.606950000000000101e-01
8.385429999999999495e+00,5.319006306803597539e-01,2.796989999999999754e-01
8.393819999999999837e+00,1.844352851707959928e-01,2.174049999999999871e-01
8.402219999999999800e+00,4.302183463809576836e-01,2.389179999999999915e-01
8.410629999999999384e+00,4.480491705177200856e-01,2.776509999999999811e-01
8.419040000000000745e+00,2.308841443198907939e-01,3.150830000000000020e-01
8.427459999999999951e+00,5.667660585273512908e-01,3.873809999999999754e-01
8.435900000000000176e+00,1.194036771356326909e+00,3.758659999999999779e-01
8.444340000000000401e+00,7.673103990058329771e-01,3.570340000000000180e-01
8.452780000000000626e+00,3.001869965562509179e-01,2.759380000000000166e-01
8.461240000000000094e+00,8.065502231639420927e-01,2.737310000000000021e-01
8.469709999999999184e+00,9.844571633747687400e-01,2.211470000000000102e-01
8.478180000000000049e+00,8.263658370557482868e-01,1.940310000000000090e-01
8.486660000000000537e+00,1.218917399356021392e+00,4.279870000000000063e-01
8.495150000000000645e+00,1.615111203367334269e+00,5.687790000000000346e-01
8.503650000000000375e+00,1.573446601748571538e+00,4.730599999999999805e-01
8.512159999999999727e+00,1.761122946726894511e+00,3.124890000000000168e-01
8.520680000000000476e+00,9.314395900989289601e-01,3.006510000000000016e-01
8.529199999999999449e+00,1.225955958194578699e+00,2.522739999999999982e-01
8.537739999999999441e+00,8.154514875442000488e-01,2.879189999999999805e-01
8.546279999999999433e+00,6.601459142436798544e-01,3.128130000000000077e-01
8.554830000000000823e+00,1.515785140426277877e-01,4.258129999999999971e-01
8.563390000000000057e+00,2.062486372277003710e-01,4.003860000000000197e-01
8.571960000000000690e+00,9.967556336610581269e-01,2.886830000000000229e-01
8.580529999999999546e+00,1.223260342319555605e+00,2.854539999999999855e-01
8.589119999999999422e+00,1.591239369635479406e+00,2.732680000000000109e-01
8.597709999999999297e+00,1.897915279911892128e+00,2.790759999999999907e-01
8.606310000000000571e+00,1.833425932409353365e+00,2.429010000000000058e-01
8.614919999999999689e+00,1.749970675506869355e+00,1.914760000000000073e-01
8.623540000000000205e+00,1.636648857165095450e+00,2.257440000000000002e-01
8.632170000000000343e+00,2.075259824927584873e+00,2.779079999999999884e-01
8.640810000000000102e+00,2.151102925921939857e+00,2.708130000000000259e-01
8.649449999999999861e+00,2.240240891930978862e+00,2.852290000000000103e-01
8.658099999999999241e+00,2.128710159652158040e+00,3.731019999999999892e-01
8.666769999999999641e+00,2.401546215120625050e+00,3.736140000000000017e-01
8.675440000000000040e+00,2.552875887359409290e+00,3.614950000000000108e-01
8.684120000000000061e+00,2.207734899383593685e+00,3.345529999999999893e-01
8.692809999999999704e+00,2.361822596465220414e+00,3.203409999999999869e-01
8.701499999999999346e+00,1.779703137203723529e+00,2.747689999999999855e-01
8.710210000000000008e+00,2.109446477412536325e+00,2.623320000000000096e-01
8.718920000000000670e+00,2.029781827577826547e+00,2.593050000000000077e-01
8.727650000000000574e+00,1.447978187932626781e+00,2.346139999999999892e-01
8.736380000000000479e+00,1.374565723740291290e+00,2.177419999999999911e-01
8.745120000000000005e+00,8.341784871259907419e-01,2.560120000000000173e-01
8.753869999999999152e+00,6.406158211375228007e-01,2.948649999999999882e-01
8.762629999999999697e+00,5.589770684215249474e-01,2.355859999999999899e-01
8.771399999999999864e+00,2.298615712247098486e-01,2.257570000000000132e-01
8.780170000000000030e+00,2.050356397507329120e-01,2.601689999999999836e-01
8.788959999999999440e+00,2.517649191276429832e-01,2.537630000000000163e-01
8.797750000000000625e+00,1.518292764171924603e-02,2.591100000000000070e-01
8.806549999999999656e+00,1.988245060591538049e-01,3.312709999999999821e-01
8.815360000000000085e+00,6.098134167640818504e-01,2.467100000000000126e-01
8.824180000000000135e+00,6.044850837130901766e-01,1.944780000000000120e-01
8.833009999999999806e+00,9.198752764111031155e-01,2.275040000000000118e-01
8.841850000000000875e+00,6.717200105766689688e-01,2.227079999999999893e-01
8.850690000000000168e+00,2.082237666928907771e-01,2.781270000000000131e-01
8.859550000000000480e+00,5.255866036777980810e-01,3.244739999999999847e-01
8.868410000000000792e+00,7.705816172117145868e-01,2.845300000000000051e-01
8.877290000000000347e+00,1.472094256210993990e-01,2.883180000000000187e-01
8.886169999999999902e+00,1.799433942097863337e-01,2.980220000000000091e-01
8.895060000000000855e+00,1.729527596815785273e-01,1.952969999999999984e-01
8.903959999999999653e+00,4.558751544725829774e-01,2.216049999999999964e-01
8.912869999999999848e+00,2.097484622832741508e-01,3.029620000000000091e-01
8.921780000000000044e+00,-1.699222562766724565e-01,2.900630000000000153e-01
8.930709999999999482e+00,-3.720328137441573091e-01,2.055210000000000092e-01
8.939640000000000697e+00,3.278888458362647640e-01,2.762060000000000071e-01
8.948589999999999378e+00,7.717488202364748417e-01,2.928700000000000192e-01
8.957539999999999836e+00,-2.401818997137024070e-01,4.128870000000000040e-01
8.966499999999999915e+00,-3.664302176913594167e-01,3.715609999999999746e-01
8.975479999999999237e+00,4.707921874893017389e-02,2.533599999999999741e-01
8.984460000000000335e+00,-1.457848329103459406e-01,3.168139999999999845e-01
8.993439999999999657e+00,-3.978841491593954061e-01,3.089749999999999996e-01
9.002439999999999998e+00,-5.735049639999392213e-01,2.608320000000000083e-01
9.011449999999999960e+00,3.093568578612746478e-01,3.303740000000000010e-01
9.020459999999999923e+00,1.123602846955410683e+00,4.340689999999999826e-01
9.029489999999999128e+00,4.926518417173131326e-01,4.585230000000000139e-01
9.038520000000000110e+00,1.140656894681004729e-01,3.738159999999999816e-01
9.047570000000000334e+00,-3.993294952842063594e-02,2.109550000000000036e-01
9.056620000000000559e+00,2.931481853424600104e-02,1.980669999999999931e-01
9.065680000000000405e+00,2.722919739510007986e-01,2.643570000000000086e-01
9.074749999999999872e+00,3.587407746921869034e-01,2.569060000000000232e-01
9.083830000000000737e+00,-7.829625763604219912e-02,2.218819999999999959e-01
9.092919999999999447e+00,4.265236629264244073e-01,2.020309999999999884e-01
9.102019999999999555e+00,4.197435874125314825e-01,1.959329999999999961e-01
9.111119999999999663e+00,4.915730024268505360e-02,3.702770000000000228e-01
9.120240000000000791e+00,5.757061791769650938e-01,3.527989999999999737e-01
9.129360000000000142e+00,1.333336503187627642e-01,3.127969999999999917e-01
9.138500000000000512e+00,-4.571329499743193026e-02,3.562679999999999736e-01
9.147640000000000882e+00,1.060404514828405809e-02,3.929369999999999807e-01
9.156790000000000873e+00,2.545759360770212254e-01,3.755660000000000109e-01
9.165950000000000486e+00,-1.420163011967900957e-01,2.096560000000000090e-01
9.175119999999999720e+00,-2.766215717549602715e-01,2.225540000000000018e-01
9.184300000000000352e+00,-2.599893931807226721e-01,3.337530000000000219e-01
9.193490000000000606e+00,-3.356962900709703490e-02,3.997020000000000017e-01
9.202690000000000481e+00,8.188751032847996214e-02,4.059450000000000003e-01
9.211899999999999977e+00,-1.592685334714722956e-01,3.917709999999999804e-01
9.221109999999999474e+00,-3.659533615761638714e-01,2.937830000000000163e-01
9.230339999999999989e+00,-4.441898110832038782e-01,2.369130000000000125e-01
9.239580000000000126e+00,-3.224931572436098293e-01,2.305180000000000007e-01
9.248820000000000263e+00,-6.846827827900714425e-01,2.898899999999999810e-01
9.258070000000000022e+00,-3.986451620355477843e-01,3.993349999999999955e-01
9.267329999999999401e+00,-1.052532784512768771e+00,5.696400000000000352e-01
9.276609999999999800e+00,-1.733328867829021291e+00,4.968119999999999759e-01
9.285890000000000200e+00,-1.153725245145501788e+00,3.473820000000000241e-01
9.295180000000000220e+00,-9.898065201249277578e-01,2.524930000000000230e-01
9.304479999999999862e+00,-1.219266035058126363e-01,2.649750000000000161e-01
9.313789999999999125e+00,3.107602363074200014e-01,2.331300000000000039e-01
9.323109999999999786e+00,-3.034006277225778092e-01,4.717919999999999892e-01
9.332430000000000447e+00,-4.377366155892090660e-01,4.710230000000000250e-01
9.341770000000000351e+00,-4.705584665017372714e-01,3.401950000000000252e-01
9.351119999999999877e+00,-3.916940035573972523e-01,3.732340000000000102e-01
9.360469999999999402e+00,2.383276738890209856e-01,3.314070000000000071e-01
9.369839999999999947e+00,2.579611056118480406e-02,2.611680000000000113e-01
9.379210000000000491e+00,-7.755915046826320491e-01,2.397539999999999949e-01
9.388600000000000279e+00,-5.333460474398492579e-01,3.508850000000000025e-01
9.397990000000000066e+00,2.692288745636091107e-01,4.614240000000000008e-01
9.407389999999999475e+00,8.635486695262564183e-01,5.798480000000000301e-01
9.416809999999999903e+00,8.379278321409806551e-01,4.831019999999999759e-01
9.426230000000000331e+00,4.972624699329557529e-01,2.852540000000000076e-01
9.435660000000000380e+00,4.457665678886755245e-01,3.737409999999999899e-01
9.445100000000000051e+00,1.129809357993494245e-01,2.966429999999999900e-01
9.454549999999999343e+00,-3.755398803831866417e-02,2.164609999999999868e-01
9.464010000000000034e+00,-2.182981378038419962e-01,2.680600000000000205e-01
9.473480000000000345e+00,-1.693118211355866265e-01,2.875440000000000218e-01
9.482950000000000657e+00,2.467504317468538488e-02,2.856429999999999803e-01
9.492440000000000211e+00,3.394059893114231841e-02,2.695270000000000166e-01
9.501939999999999387e+00,-6.246311482229316425e-03,2.573710000000000164e-01
9.511449999999999960e+00,1.488483042287214175e-03,3.650939999999999741e-01
9.520960000000000534e+00,1.778318254531150444e-01,4.971249999999999836e-01
9.530490000000000350e+00,-2.811190936720500133e-01,5.551719999999999988e-01
9.540020000000000167e+00,-6.869318725720923169e-01,4.620340000000000003e-01
9.549569999999999226e+00,-1.153310986082793477e+00,2.603909999999999836e-01
9.559120000000000061e+00,-1.009220980131782852e+00,2.627740000000000076e-01
9.568690000000000140e+00,-9.817674379177532273e-01,2.425279999999999936e-01
9.578260000000000218e+00,-7.763124030899319905e-01,2.146820000000000117e-01
9.587839999999999918e+00,-1.162425361021167447e+00,2.710640000000000271e-01
9.597429999999999239e+00,-8.741395612797724368e-01,2.932879999999999932e-01
9.607039999999999580e+00,-1.099624679917674541e+00,2.532610000000000139e-01
9.616649999999999920e+00,-1.122739420512385067e+00,2.611870000000000025e-01
9.626269999999999882e+00,-9.890525457493133388e-01,2.684279999999999999e-01
9.635899999999999466e+00,-1.144595610958088372e+00,2.487709999999999921e-01
9.645540000000000447e+00,-1.720899745202315145e+00,3.373030000000000195e-01
9.655189999999999273e+00,-1.216895650172716614e+00,4.016350000000000198e-01
9.664849999999999497e+00,-1.503135990791335530e-01,3.974849999999999772e-01
9.674519999999999342e+00,-4.521834355413645312e-01,3.920930000000000248e-01
9.684200000000000585e+00,-1.372534572478841142e+00,2.369499999999999940e-01
9.693889999999999674e+00,-1.279395990999198318e+00,1.946730000000000127e-01
9.703590000000000160e+00,-1.386696239285637233e+00,2.861799999999999899e-01
9.713300000000000267e+00,-1.388663431483191602e+00,2.803490000000000149e-01
9.723019999999999996e+00,-1.056325246583810440e+00,2.237850000000000117e-01
9.732739999999999725e+00,-9.387777298731485587e-01,3.096880000000000188e-01
9.742480000000000473e+00,-1.023311024848847950e+00,3.664520000000000000e-01
9.752230000000000842e+00,-1.108019431392222032e+00,3.278320000000000123e-01
9.761990000000000833e+00,-1.060228876934957043e+00,3.140209999999999946e-01
9.771750000000000824e+00,-9.614378661824538597e-01,2.853280000000000260e-01
9.781530000000000058e+00,-1.021326647570592883e+00,2.177709999999999924e-01
9.791320000000000690e+00,-1.283891675968487078e+00,3.197539999999999827e-01
9.801109999999999545e+00,-9.085340690770138394e-01,3.358940000000000259e-01
9.810919999999999419e+00,-9.404250843506538615e-01,2.669300000000000006e-01
9.820729999999999293e+00,-8.530435210000604229e-01,2.668030000000000124e-01
9.830560000000000187e+00,-3.453538891444196679e-01,2.643220000000000014e-01
9.840389999999999304e+00,-1.993402482524722075e-01,2.813470000000000137e-01
9.850239999999999441e+00,-3.597539744326638811e-04,3.356089999999999907e-01
9.860099999999999199e+00,1.207504560861920595e-01,2.517059999999999853e-01
9.869960000000000733e+00,-2.464802911902204130e-01,2.409910000000000108e-01
9.879839999999999733e+00,-3.355890568452615241e-01,3.301290000000000058e-01
9.889720000000000510e+00,1.323303348106108501e-02,4.441760000000000153e-01
9.899620000000000530e+00,-4.908464715784042198e-01,4.044599999999999862e-01
9.909520000000000550e+00,6.480743242051367758e-01,4.521499999999999964e-01
9.919430000000000192e+00,9.493718767505896494e-01,4.565870000000000206e-01
9.929360000000000852e+00,-3.986736983036642812e-01,3.648839999999999861e-01
9.939289999999999736e+00,-2.152692112979828210e-01,2.641939999999999844e-01
9.949239999999999640e+00,6.186024528235023467e-02,2.354719999999999869e-01
9.959189999999999543e+00,-7.711967628085432125e-01,3.756530000000000147e-01
9.969160000000000466e+00,-9.924640651479883502e-01,3.588410000000000211e-01
9.979129999999999612e+00,-5.322567679621883485e-01,3.451629999999999976e-01
9.989110000000000156e+00,-4.999970511319844491e-01,3.101689999999999725e-01
9.999109999999999943e+00,-1.072606803673785691e+00,2.925389999999999935e-01
1.000910000000000011e+01,-1.545503509188950630e+00,2.963350000000000151e-01
1.001909999999999989e+01,-1.413011579641388238e+00,4.517650000000000277e-01
1.002919999999999945e+01,-1.433369633779676633e+00,4.466990000000000127e-01
1.003919999999999924e+01,-8.913677743945100929e-01,2.957779999999999854e-01
1.004920000000000080e+01,-6.395429681437505565e-01,2.763010000000000188e-01
1.005930000000000035e+01,-1.356051311515901858e+00,3.517480000000000051e-01
1.006930000000000014e+01,-1.521554188702989308e+00,4.768350000000000088e-01
1.007939999999999969e+01,-1.218252234658077526e+00,5.088089999999999558e-01
1.008949999999999925e+01,-1.094936882184853744e+00,4.799910000000000010e-01
1.009960000000000058e+01,-9.056337430410010825e-01,4.792980000000000018e-01
1.010970000000000013e+01,-9.839684289842551834e-01,4.717830000000000079e-01
1.011979999999999968e+01,-8.250665517723021480e-01,2.978379999999999916e-01
1.012989999999999924e+01,-9.667537231628386962e-01,3.151999999999999802e-01
1.014010000000000034e+01,3.232121713262259277e-01,4.197339999999999960e-01
1.015019999999999989e+01,4.689522090433264623e-01,3.494090000000000251e-01
1.016039999999999921e+01,-4.326443104128188111e-01,2.704019999999999757e-01
1.017050000000000054e+01,6.201155023443583048e-01,5.570530000000000204e-01
1.018069999999999986e+01,6.063441107757476800e-01,5.470300000000000162e-01
1.019089999999999918e+01,-8.192184353647249395e-01,3.833829999999999738e-01
1.020110000000000028e+01,-3.471015159400145933e-01,3.238349999999999840e-01
1.021129999999999960e+01,-3.795345108130696588e-01,4.201360000000000094e-01
1.022150000000000070e+01,-5.090467998468248823e-01,6.192560000000000286e-01
1.023179999999999978e+01,2.132922093409916897e-01,4.752600000000000158e-01
1.024200000000000088e+01,1.285037475143120389e-01,2.541120000000000045e-01
1.025220000000000020e+01,3.439465835080675049e-01,3.572100000000000275e-01
1.026249999999999929e+01,5.755884994115945119e-02,4.212589999999999946e-01
1.027280000000000015e+01,-1.052232031306701288e-01,2.538869999999999738e-01
1.028299999999999947e+01,3.879681726343626735e-01,2.299760000000000137e-01
1.029330000000000034e+01,8.669339946449063916e-01,2.493249999999999911e-01
1.030359999999999943e+01,2.029307122828523546e+00,4.312019999999999742e-01
1.031390000000000029e+01,1.766054334603477827e+00,6.381890000000000063e-01
1.032429999999999914e+01,2.336688948576416180e+00,9.126469999999999860e-01
1.033460000000000001e+01,1.604243304259075131e+00,8.655469999999999553e-01
1.034490000000000087e+01,3.817078236481208364e-02,3.537199999999999789e-01
1.035529999999999973e+01,-1.420295820984271984e-01,3.791999999999999815e-01
1.036560000000000059e+01,3.864458723350239211e-02,3.120919999999999805e-01
1.037599999999999945e+01,-1.297238296621898712e-01,2.174790000000000056e-01
1.038640000000000008e+01,-9.795188003419497136e-02,3.272209999999999841e-01
1.039680000000000071e+01,4.555623331730096481e-01,3.921669999999999878e-01
1.040719999999999956e+01,3.477207070149788137e-01,2.733410000000000006e-01
1.041760000000000019e+01,3.339251385472117306e-01,2.790699999999999847e-01
1.042800000000000082e+01,1.019677524825254977e+00,4.021890000000000187e-01
1.043839999999999968e+01,1.122879762904648970e+00,4.054269999999999818e-01
1.044890000000000008e+01,1.834707489447247042e-01,3.736740000000000061e-01
1.045930000000000071e+01,2.919822953261181908e-01,3.324309999999999765e-01
1.046979999999999933e+01,5.512039701692792448e-01,3.149500000000000077e-01
1.048029999999999973e+01,4.385152888813372840e-01,2.701669999999999905e-01
1.049080000000000013e+01,3.043327659733101598e-01,2.727399999999999824e-01
1.050130000000000052e+01,-2.658270840437850779e-01,4.534009999999999985e-01
1.051179999999999914e+01,-8.267477466589348012e-01,4.524380000000000068e-01
1.052229999999999954e+01,-8.191270736117317597e-02,4.571810000000000040e-01
1.053279999999999994e+01,2.275945483605354980e-01,4.299740000000000228e-01
1.054340000000000011e+01,-7.355960390131954796e-02,3.526290000000000258e-01
1.055390000000000050e+01,-4.729101245387745678e-01,3.004209999999999936e-01
1.056450000000000067e+01,-4.053821612513637263e-01,2.837749999999999995e-01
1.057499999999999929e+01,-4.604046766112830369e-01,2.872239999999999793e-01
1.058559999999999945e+01,-5.858889515509062562e-01,3.032560000000000255e-01
1.059619999999999962e+01,-3.118553777894952361e-01,3.555039999999999867e-01
1.060679999999999978e+01,4.134274577357643921e-01,3.581730000000000191e-01
1.061739999999999995e+01,6.057909680876747416e-01,3.418499999999999872e-01
1.062800000000000011e+01,2.666665663290501698e-01,3.189660000000000273e-01
1.063870000000000005e+01,3.276537186512626931e-01,2.736939999999999928e-01
1.064930000000000021e+01,2.415349469266914184e-04,2.767990000000000173e-01
1.066000000000000014e+01,-4.298468588126418410e-01,2.881500000000000172e-01
1.067060000000000031e+01,-6.099559894969459606e-01,2.964140000000000108e-01
1.068130000000000024e+01,-4.355259532603028561e-01,2.761049999999999893e-01
1.069200000000000017e+01,-7.563638582733140936e-01,3.021010000000000084e-01
1.070270000000000010e+01,-5.989196147436075535e-01,2.906750000000000167e-01
1.071340000000000003e+01,-5.928431328787944210e-01,2.360819999999999863e-01
1.072409999999999997e+01,-1.388784322886486677e+00,3.309340000000000059e-01
1.073489999999999966e+01,-1.793112230036005172e+00,3.320279999999999898e-01
1.074559999999999960e+01,-1.152684242234599310e+00,3.193280000000000007e-01
1.075629999999999953e+01,-1.092528796276273084e+00,3.497109999999999941e-01
1.076709999999999923e+01,-7.669672122156541150e-01,3.803839999999999999e-01
1.077790000000000070e+01,-4.513000799615589642e-01,4.065349999999999797e-01
1.078870000000000040e+01,-9.845928723075694222e-01,4.035679999999999823e-01
1.079950000000000010e+01,9.294889379527475626e-01,7.500440000000000440e-01
1.081029999999999980e+01,1.437579878025815106e+00,7.851339999999999986e-01
1.082109999999999950e+01,-3.646855248819242945e-01,4.054119999999999946e-01
1.083189999999999920e+01,-5.283727435640521719e-01,4.148080000000000100e-01
1.084270000000000067e+01,-5.347250814114801187e-03,4.854539999999999966e-01
1.085360000000000014e+01,8.594204599009280798e-01,4.901889999999999858e-01
1.086439999999999984e+01,1.114272146129763996e+00,3.740249999999999964e-01
1.087529999999999930e+01,1.130418912036741830e+00,4.780900000000000150e-01
1.088620000000000054e+01,-4.115547965369614758e-03,6.434450000000000447e-01
1.089710000000000001e+01,-2.461256013720358737e-02,5.681059999999999999e-01
1.090799999999999947e+01,1.331855209875563162e-01,4.906789999999999763e-01
1.091890000000000072e+01,-2.970566202516167209e-02,3.810459999999999958e-01
1.092980000000000018e+01,-2.300778521984483405e-01,3.586369999999999836e-01
1.094079999999999941e+01,-9.975602613531009411e-01,4.625690000000000079e-01
1.095170000000000066e+01,-6.657866548389392847e-01,5.208009999999999584e-01
1.096269999999999989e+01,3.330518813247564935e-01,5.392630000000000479e-01
1.097359999999999935e+01,7.665121100551139932e-01,5.239209999999999701e-01
1.098460000000000036e+01,2.222412791612097038e+00,6.353659999999999863e-01
1.099559999999999960e+01,2.881548816424611914e+00,7.380309999999999926e-01
1.100660000000000061e+01,2.175630578790286762e+00,4.163209999999999966e-01
1.101759999999999984e+01,1.947568473006672463e+00,3.974699999999999900e-01
1.102860000000000085e+01,2.293372893371380172e+00,5.554440000000000488e-01
1.103969999999999985e+01,2.781713891447360254e+00,5.094520000000000159e-01
1.105070000000000086e+01,3.871560661175436735e+00,5.577779999999999960e-01
1.106179999999999986e+01,4.042221016875576112e+00,5.010360000000000369e-01
1.107280000000000086e+01,3.879252091990867513e+00,4.259859999999999758e-01
1.108389999999999986e+01,4.295274142757399716e+00,5.505060000000000509e-01
1.109500000000000064e+01,3.650082067101141803e+00,6.199449999999999683e-01
1.110609999999999964e+01,4.147486545385415724e+00,6.337239999999999540e-01
1.111720000000000041e+01,4.814498257973585993e+00,4.695289999999999742e-01
1.112839999999999918e+01,4.274413754263648002e+00,3.994510000000000005e-01
1.113949999999999996e+01,3.396450661084024603e+00,4.088499999999999912e-01
1.115060000000000073e+01,3.095626939517785559e+00,3.809719999999999773e-01
1.116179999999999950e+01,2.683775291364494109e+00,4.023200000000000109e-01
1.117300000000000004e+01,2.712542134685193673e+00,4.454190000000000094e-01
1.118410000000000082e+01,3.127358751564432993e+00,3.763859999999999983e-01
1.119529999999999959e+01,3.343016511727380902e+00,4.774120000000000030e-01
1.120650000000000013e+01,3.833325580293752921e+00,5.119620000000000282e-01
1.121770000000000067e+01,4.229996928893704933e+00,4.485919999999999908e-01
1.122899999999999920e+01,4.006137730453456669e+00,4.584070000000000089e-01
1.124019999999999975e+01,4.524745926851050370e+00,4.225169999999999759e-01
1.125140000000000029e+01,5.157449416133626841e+00,3.732599999999999807e-01
1.126270000000000060e+01,4.744993601650090653e+00,4.169979999999999798e-01
1.127399999999999913e+01,4.430314177409108822e+00,5.435969999999999969e-01
1.128519999999999968e+01,4.051728907119471756e+00,7.314110000000000333e-01
1.129649999999999999e+01,2.689956381862387502e+00,8.199089999999999989e-01
1.130780000000000030e+01,3.598893951564331672e+00,7.367730000000000112e-01
1.131910000000000061e+01,3.892852884370174849e+00,8.315919999999999979e-01
1.133050000000000068e+01,3.749957294912622530e+00,6.692620000000000235e-01
1.134179999999999922e+01,2.956372843169006615e+00,5.287079999999999558e-01
1.135319999999999929e+01,2.518616599591240401e+00,6.190250000000000474e-01
1.136449999999999960e+01,3.002034235632432768e+00,4.963420000000000054e-01
1.137589999999999968e+01,2.613163212678752956e+00,4.677950000000000164e-01
1.138729999999999976e+01,2.001742159775250940e+00,5.091099999999999515e-01
1.139869999999999983e+01,2.350482646876255188e+00,5.491660000000000430e-01
1.141009999999999991e+01,2.456596243936115087e+00,6.243769999999999598e-01
1.142149999999999999e+01,2.319994520909155256e+00,7.222180000000000266e-01
1.143290000000000006e+01,2.357389047749716582e+00,6.479500000000000259e-01
1.144430000000000014e+01,2.818691394412148554e+00,4.885360000000000258e-01
1.145579999999999998e+01,2.448110725366493767e+00,5.121869999999999479e-01
1.146729999999999983e+01,3.196922899091880765e+00,6.057460000000000067e-01
1.147869999999999990e+01,2.603780377860882567e+00,6.093779999999999752e-01
1.149019999999999975e+01,1.496232803367341546e+00,6.863770000000000149e-01
1.150169999999999959e+01,2.563213599681994026e+00,8.586319999999999508e-01
1.151319999999999943e+01,3.429534643910280067e+00,8.541680000000000383e-01
1.152469999999999928e+01,2.768007813157634445e+00,7.017320000000000224e-01
1.153630000000000067e+01,3.999210757540907935e+00,7.349879999999999747e-01
1.154780000000000051e+01,4.397105389615973081e+00,8.522969999999999713e-01
1.155940000000000012e+01,3.535116761732584933e+00,1.019200000000000106e+00
1.157089999999999996e+01,3.527180779071912298e+00,1.009619999999999962e+00
1.158249999999999957e+01,3.825048918075257376e+00,8.160199999999999676e-01
1.159409999999999918e+01,1.830904487960676619e+00,6.109879999999999756e-01
1.160570000000000057e+01,1.389859678373177587e+00,5.059000000000000163e-01
1.161730000000000018e+01,2.248026678957796065e+00,6.486939999999999928e-01
1.162889999999999979e+01,1.316417679359553006e+00,5.745879999999999876e-01
1.164059999999999917e+01,1.023547373574913877e+00,4.402769999999999739e-01
1.165220000000000056e+01,9.958053091535177259e-01,4.255709999999999771e-01
1.166389999999999993e+01,9.638911105678289459e-01,4.394899999999999918e-01
1.167549999999999955e+01,9.952651611418552591e-01,1.049660000000000037e+00
1.168720000000000070e+01,5.817566735376260567e-01,1.166099999999999914e+00
1.169890000000000008e+01,-9.032890366252530612e-01,7.770460000000000145e-01
1.171059999999999945e+01,-1.919959461726854499e+00,8.702699999999999880e-01
1.172230000000000061e+01,-1.094342094147243927e+00,7.880690000000000195e-01
1.173409999999999975e+01,7.541389369396540587e-01,5.272489999999999677e-01
1.174579999999999913e+01,2.012524821020704735e-01,7.229809999999999848e-01
1.175760000000000005e+01,-3.962790847937007754e-01,1.229829999999999979e+00
1.176929999999999943e+01,5.409810969559067928e-01,1.402859999999999996e+00
1.178110000000000035e+01,3.968887822355419814e+00,1.415219999999999922e+00
1.179289999999999949e+01,2.738124456983864974e+00,1.305379999999999985e+00
1.180470000000000041e+01,-3.449019098611572076e-02,5.459709999999999841e-01
1.181649999999999956e+01,-1.258002609889018686e+00,5.599819999999999798e-01
1.182830000000000048e+01,-2.734053036965061523e+00,5.539279999999999760e-01
1.184009999999999962e+01,-2.110261104499084439e+00,6.012480000000000047e-01
1.185200000000000031e+01,-2.333802190185380709e+00,6.196589999999999598e-01
1.186379999999999946e+01,-2.258476844489855750e+00,5.742680000000000007e-01
1.187570000000000014e+01,-1.104098635746357360e+00,7.467859999999999498e-01
1.188760000000000083e+01,-1.656216570322403214e+00,7.790620000000000323e-01
1.189409999999999989e+01,6.234750082243591152e+01,2.215419999999999945e+01
1.189949999999999974e+01,-3.421935399994882943e+00,8.377449999999999619e-01
1.190600000000000058e+01,3.612384379354041641e+01,1.747929999999999851e+01
1.191140000000000043e+01,-2.976159876540748428e+00,8.154860000000000442e-01
1.191789999999999949e+01,7.333206253355584181e+00,4.536360000000000170e+00
1.192329999999999934e+01,-3.221394751736891493e+00,7.643799999999999484e-01
1.192980000000000018e+01,5.509083450104501622e+00,2.997720000000000162e+00
1.193520000000000003e+01,-4.222344777360248713e+00,1.006299999999999972e+00
1.194180000000000064e+01,2.267596363507088597e+00,2.447150000000000158e+00
1.194720000000000049e+01,-2.126968981409252279e+00,1.043989999999999974e+00
1.195369999999999955e+01,2.922934201973713897e+00,1.557029999999999914e+00
1.195909999999999940e+01,-2.911515870182689980e+00,7.513680000000000359e-01
1.196570000000000000e+01,2.213199549009438272e+00,1.654260000000000064e+00
1.197109999999999985e+01,-4.213340586683752775e+00,6.449049999999999505e-01
1.197770000000000046e+01,1.001977054054464134e+00,1.515300000000000091e+00
1.198310000000000031e+01,-3.463078473753828490e+00,4.905399999999999761e-01
1.198959999999999937e+01,1.731738073237423237e+00,1.134249999999999980e+00
1.199510000000000076e+01,-4.199919150455905026e+00,6.315239999999999743e-01
1.200159999999999982e+01,-4.795420286811236110e-03,8.906530000000000280e-01
1.200709999999999944e+01,-4.875080868135702516e+00,7.460719999999999574e-01
1.201360000000000028e+01,-2.233912764347429913e-01,8.503709999999999880e-01
1.201909999999999989e+01,-4.243924767061077574e+00,7.200239999999999974e-01
1.202570000000000050e+01,-9.830416660473773049e-01,8.924480000000000190e-01
1.203110000000000035e+01,-3.312560477271009773e+00,5.380150000000000210e-01
1.203769999999999918e+01,-1.716076239015141169e+00,7.084249999999999714e-01
1.204310000000000080e+01,-4.763007040528144387e+00,6.203659999999999730e-01
1.204969999999999963e+01,-2.673421379995772895e-01,5.382660000000000222e-01
1.205519999999999925e+01,-5.634094620477069881e+00,8.585289999999999866e-01
1.206179999999999986e+01,-5.314370312048559697e-01,8.622589999999999977e-01
1.206729999999999947e+01,-5.651613311903675552e+00,7.524440000000000017e-01
1.207390000000000008e+01,-1.083785525106289782e+00,1.195640000000000036e+00
1.207929999999999993e+01,-5.929193006954454503e+00,5.406119999999999814e-01
1.208590000000000053e+01,-1.828147982675581318e+00,1.065779999999999950e+00
1.209140000000000015e+01,-5.699503053422729337e+00,4.909789999999999988e-01
1.209800000000000075e+01,-1.324131797748009376e+00,9.114219999999999544e-01
1.210350000000000037e+01,-5.120816046172993907e+00,6.430169999999999497e-01
1.211009999999999920e+01,2.905589516790918481e-01,1.308840000000000003e+00
1.211560000000000059e+01,-5.776656548772439947e+00,8.085390000000000077e-01
1.212229999999999919e+01,-1.102067790172434059e-01,1.349460000000000104e+00
1.212770000000000081e+01,-5.064449124788239942e+00,9.542350000000000554e-01
1.213439999999999941e+01,-1.445917299072085882e-01,1.386449999999999960e+00
1.213990000000000080e+01,-4.533954361257112708e+00,8.098020000000000218e-01
1.214649999999999963e+01,1.992122337103566565e+00,2.253620000000000179e+00
1.215199999999999925e+01,-5.891878612908715951e+00,6.675699999999999967e-01
1.215869999999999962e+01,4.654845759261270643e+00,2.897899999999999920e+00
1.216419999999999924e+01,-4.995275681712350035e+00,7.076200000000000268e-01
1.217079999999999984e+01,4.136227449727623906e+00,2.945879999999999832e+00
1.217639999999999922e+01,-5.146439721598179418e+00,8.400980000000000114e-01
1.218299999999999983e+01,1.301652547725339559e+00,1.186099999999999932e+00
1.218849999999999945e+01,-4.676439381597321088e+00,9.097960000000000491e-01
1.219519999999999982e+01,4.529559750413589825e-01,1.354719999999999924e+00
1.220069999999999943e+01,-3.813666900180727737e+00,9.731769999999999587e-01
1.220739999999999981e+01,1.790755427602164218e-02,7.414150000000000462e-01
1.221289999999999942e+01,-2.296650035345351171e+00,1.166069999999999940e+00
1.221959999999999980e+01,-5.950228919703626218e-01,7.046019999999999506e-01
1.222519999999999918e+01,-1.016769139956892332e+00,1.011649999999999938e+00
1.223179999999999978e+01,-2.338065541097460454e+00,9.564089999999999536e-01
1.223739999999999917e+01,-1.379820696248806655e+00,9.449429999999999774e-01
1.224409999999999954e+01,-2.658498923220484755e-01,8.684190000000000520e-01
1.224959999999999916e+01,-1.843120288020948294e+00,1.191109999999999891e+00
1.225629999999999953e+01,-1.221477058013945793e+00,1.082540000000000058e+00
1.226190000000000069e+01,-2.241553660948365945e+00,1.275230000000000086e+00
1.226859999999999928e+01,-1.075348985116182376e+00,1.183999999999999941e+00
1.227420000000000044e+01,-3.306039867819904998e+00,1.133280000000000065e+00
1.228090000000000082e+01,7.119776416767820137e-02,1.430749999999999966e+00
1.228640000000000043e+01,-3.078013081956711972e+00,9.994070000000000453e-01
1.229320000000000057e+01,-1.282072694183074901e+00,1.521980000000000111e+00
1.229870000000000019e+01,-1.968436660932063376e+00,1.385839999999999961e+00
1.230550000000000033e+01,3.970037558108607811e-01,1.674160000000000093e+00
1.231099999999999994e+01,-1.359418808157332847e+00,1.687000000000000055e+00
1.231780000000000008e+01,-2.279108769871193374e+00,1.906330000000000080e+00
1.232339999999999947e+01,-1.498830715160991645e+00,1.378810000000000091e+00
1.233009999999999984e+01,-2.475946155249914682e+00,1.847790000000000044e+00
1.233569999999999922e+01,-1.844319352063436668e+00,1.071339999999999959e+00
1.234239999999999959e+01,-7.744284346014040921e-03,1.853490000000000082e+00
1.234800000000000075e+01,-2.667276127034131861e+00,1.260289999999999910e+00
1.235479999999999912e+01,-2.842314356224200367e-01,2.043010000000000215e+00
1.236040000000000028e+01,-2.822522978486947665e+00,1.037179999999999991e+00
1.236710000000000065e+01,1.856254698933902603e+00,1.939279999999999893e+00
1.237270000000000003e+01,-3.369211151631812839e+00,7.259679999999999467e-01
1.237950000000000017e+01,-9.613969004275482177e-01,2.392689999999999984e+00
1.238509999999999955e+01,-7.441398663444296346e-01,1.318850000000000078e+00
1.239189999999999969e+01,1.034644765447048087e-01,2.570559999999999956e+00
1.239750000000000085e+01,-1.342364752422394503e+00,1.483519999999999950e+00
1.240429999999999922e+01,2.612397145659866027e+00,1.635580000000000034e+00
1.240990000000000038e+01,-4.297127494056530495e+00,1.016440000000000010e+00
1.241670000000000051e+01,-6.644057727283581016e-02,2.205779999999999852e+00
1.242229999999999990e+01,-2.996269775437610861e+00,1.061029999999999918e+00
1.242910000000000004e+01,1.333409623555784407e+00,2.161300000000000221e+00
1.243479999999999919e+01,-2.036472826928111601e+00,9.102080000000000171e-01
1.244159999999999933e+01,1.502167268936894118e+00,1.358600000000000030e+00
1.244720000000000049e+01,-1.085898310736371997e+00,8.798489999999999922e-01
1.245400000000000063e+01,7.170681255122062225e-01,1.342449999999999921e+00
1.245969999999999978e+01,-1.123269988033353428e+00,9.098990000000000133e-01
1.246649999999999991e+01,1.063388856955661765e+00,9.650450000000000417e-01
1.247209999999999930e+01,-2.735153223014481938e+00,1.143469999999999986e+00
1.247889999999999944e+01,-4.862341794680240525e-01,6.379070000000000018e-01
1.248460000000000036e+01,-1.248575934127657661e+00,1.113439999999999985e+00
1.249140000000000050e+01,-8.872327699719306793e-01,4.807020000000000182e-01
1.249709999999999965e+01,9.788539520598824595e-01,1.062410000000000077e+00
1.250389999999999979e+01,3.507865540281045469e-01,5.030050000000000354e-01
1.250960000000000072e+01,1.264788856877640200e+00,1.006999999999999895e+00
1.251640000000000086e+01,3.667621386158259611e-02,6.118559999999999555e-01
1.252210000000000001e+01,1.036781201655042395e+00,9.094950000000000534e-01
1.252899999999999991e+01,3.590730899734140280e-02,5.710509999999999753e-01
1.253459999999999930e+01,-5.764165922784343365e-01,1.022939999999999960e+00
1.254149999999999920e+01,1.953809076767818453e-01,8.449670000000000236e-01
1.254720000000000013e+01,1.160455376862508103e-01,9.592399999999999816e-01
1.255400000000000027e+01,-9.011987445132874086e-02,8.038680000000000270e-01
1.255969999999999942e+01,-6.139921502862151215e-01,1.201929999999999943e+00
1.256659999999999933e+01,-7.103720218844422618e-01,6.731949999999999878e-01
1.257230000000000025e+01,-2.139202953047337985e+00,1.225929999999999964e+00
1.257920000000000016e+01,-1.009433784173186410e+00,5.981859999999999955e-01
1.258489999999999931e+01,-2.659538080097206603e+00,1.083879999999999955e+00
1.259179999999999922e+01,4.399412704619045655e-01,9.205020000000000424e-01
1.259750000000000014e+01,-2.111851099656277597e+00,1.453549999999999898e+00
1.260440000000000005e+01,1.389399573800375265e+00,1.120430000000000037e+00
1.261009999999999920e+01,-3.487955799450865868e-01,2.715640000000000054e+00
1.261700000000000088e+01,1.304787557621708061e+00,9.744450000000000056e-01
1.262959999999999994e+01,4.635165370539695573e-02,8.264280000000000515e-01
1.264220000000000077e+01,3.059382938309660460e-01,8.126980000000000315e-01
1.265489999999999959e+01,3.398427831137240673e-02,8.339119999999999866e-01
1.266750000000000043e+01,-2.150383796760770849e-01,6.963399999999999590e-01
1.268019999999999925e+01,-1.435304844795446400e-01,5.150959999999999983e-01
1.269289999999999985e+01,7.577904405019779688e-01,5.500709999999999766e-01
1.270560000000000045e+01,6.292942751560701709e-01,5.986599999999999699e-01
1.271829999999999927e+01,3.723508993703106285e-01,5.930539999999999701e-01
1.273099999999999987e+01,1.715130193032315731e+00,6.362860000000000182e-01
1.274380000000000024e+01,2.288875477687430049e+00,6.708399999999999919e-01
1.275650000000000084e+01,2.642813849020662076e-01,6.208179999999999810e-01
1.276929999999999943e+01,2.189371965137887344e-01,5.363949999999999552e-01
1.278209999999999980e+01,2.175410144902354403e-01,5.377739999999999743e-01
1.279480000000000040e+01,-7.281982761963714523e-01,6.068980000000000485e-01
1.280770000000000053e+01,-5.006211559611362105e-01,4.215920000000000223e-01
1.282049999999999912e+01,-1.188440571381708111e-01,2.450400000000000078e-01
1.283329999999999949e+01,-7.063277744889795429e-02,2.563810000000000255e-01
1.284609999999999985e+01,1.972842267320675802e-01,5.970590000000000064e-01
1.285899999999999999e+01,-5.823852131866296133e-01,5.503879999999999884e-01
1.287180000000000035e+01,-4.874656849037162232e-01,2.681370000000000142e-01
1.288470000000000049e+01,1.732643154219104531e-01,2.878740000000000188e-01
1.289760000000000062e+01,5.074173357027511599e-02,2.978180000000000271e-01
1.291050000000000075e+01,4.630398031046247809e-01,3.480480000000000240e-01
1.292340000000000089e+01,1.952317575882354106e-01,4.322849999999999748e-01
1.293640000000000079e+01,-5.549067916213754614e-01,3.284440000000000137e-01
1.294929999999999914e+01,-5.605276979238400514e-01,3.676690000000000236e-01
1.296230000000000082e+01,-5.527723191269302561e-01,4.009130000000000194e-01
1.297519999999999918e+01,1.674891232465345325e-01,3.751749999999999807e-01
1.298820000000000086e+01,3.125359279573949323e-01,3.474619999999999931e-01
1.300120000000000076e+01,8.091315322822367762e-05,3.249380000000000046e-01
1.301420000000000066e+01,4.079902873990093326e-02,3.999690000000000190e-01
1.302720000000000056e+01,-1.684347753767152511e-01,3.840839999999999810e-01
1.304030000000000022e+01,-8.248907982097009040e-01,3.312709999999999821e-01
1.305330000000000013e+01,-1.427919470912740962e+00,2.755670000000000064e-01
1.306639999999999979e+01,-1.340051182715805922e+00,3.179049999999999931e-01
1.307949999999999946e+01,-1.396963991842028463e+00,4.026730000000000032e-01
1.309249999999999936e+01,-1.653375580435060499e+00,3.920239999999999836e-01
1.310560000000000080e+01,-1.805206844123176779e+00,4.296099999999999919e-01
1.311880000000000024e+01,-1.031122074580498094e+00,3.811610000000000276e-01
1.313189999999999991e+01,-1.215392344420214599e+00,2.703470000000000040e-01
1.314499999999999957e+01,-2.239260247293513473e+00,3.653870000000000173e-01
1.315820000000000078e+01,-2.173317252636381980e+00,3.354179999999999939e-01
1.317130000000000045e+01,-2.019061072836457527e+00,2.847950000000000204e-01
1.318449999999999989e+01,-2.029160973760168574e+00,4.369930000000000203e-01
1.319769999999999932e+01,-1.884670330489543133e+00,4.414600000000000191e-01
1.321090000000000053e+01,-1.716410680400500155e+00,3.258039999999999825e-01
1.322409999999999997e+01,-1.610003560868952022e+00,3.066829999999999834e-01
1.323739999999999917e+01,-2.063294612290846430e+00,3.420869999999999744e-01
1.325060000000000038e+01,-2.046164409008055074e+00,3.476110000000000033e-01
1.326389999999999958e+01,-1.728588796714374709e+00,3.070800000000000196e-01
1.327710000000000079e+01,-1.667419277025603108e+00,2.935550000000000104e-01
1.329039999999999999e+01,-1.401158372659683238e+00,3.206280000000000241e-01
1.330369999999999919e+01,-1.794487781489893408e+00,3.883570000000000078e-01
1.331700000000000017e+01,-1.365727244107185712e+00,3.241870000000000029e-01
1.333029999999999937e+01,-8.753965011024931187e-01,2.722519999999999940e-01
1.334370000000000012e+01,-9.055808433961676229e-01,3.202650000000000219e-01
1.335699999999999932e+01,-9.581713834325817913e-01,3.055129999999999790e-01
1.337040000000000006e+01,-9.752202398327209920e-01,2.288509999999999989e-01
1.338380000000000081e+01,-2.808797788496377734e-01,2.298409999999999898e-01
1.339719999999999978e+01,-7.224679170658134808e-01,2.883229999999999960e-01
1.341060000000000052e+01,-1.126302571063714453e+00,2.935499999999999776e-01
1.342399999999999949e+01,-9.637016574258030488e-01,3.197679999999999967e-01
1.343740000000000023e+01,-3.812830927345647325e-01,3.991080000000000183e-01
1.345090000000000074e+01,-1.443310267799446933e-02,3.392669999999999852e-01
1.346429999999999971e+01,-5.837305739418248152e-01,2.959760000000000169e-01
1.347780000000000022e+01,1.848736203634402386e-01,3.549930000000000030e-01
1.349130000000000074e+01,5.983172419754012594e-02,3.338990000000000014e-01
1.350479999999999947e+01,-1.227232758534313461e-02,3.457259999999999778e-01
1.351829999999999998e+01,5.830453998689897332e-01,3.073100000000000276e-01
1.353180000000000049e+01,5.251688414147146489e-01,3.851289999999999991e-01
1.354529999999999923e+01,5.027819319060320424e-01,4.004460000000000242e-01
1.355889999999999951e+01,2.111371616905266535e-01,3.459639999999999938e-01
1.357249999999999979e+01,4.936477911401127017e-02,3.389019999999999810e-01
1.358600000000000030e+01,7.346648545871659053e-02,3.392640000000000100e-01
1.359960000000000058e+01,4.309875948802002199e-01,3.388320000000000221e-01
1.361320000000000086e+01,1.233837902727110247e+00,2.838669999999999805e-01
1.362689999999999912e+01,1.008915403672308031e+00,2.815400000000000125e-01
1.364049999999999940e+01,5.361921681465844358e-01,4.006359999999999921e-01
1.365409999999999968e+01,5.411562038021955345e-01,4.088479999999999892e-01
1.366779999999999973e+01,4.350393419718336929e-01,2.785759999999999903e-01
1.368149999999999977e+01,7.908065047318508789e-01,3.215319999999999845e-01
1.369519999999999982e+01,5.408454129130575438e-01,2.910530000000000062e-01
1.370889999999999986e+01,4.717437873462806408e-01,2.793720000000000092e-01
1.372259999999999991e+01,8.916893488623323094e-01,2.735469999999999846e-01
1.373629999999999995e+01,1.076969818292035086e+00,2.282260000000000122e-01
1.375009999999999977e+01,9.002043158864303507e-01,2.233140000000000125e-01
1.376379999999999981e+01,1.031134220060266671e+00,2.348750000000000004e-01
1.377759999999999962e+01,1.064627914652756857e+00,2.557579999999999854e-01
1.379139999999999944e+01,1.289943656023854857e+00,2.255220000000000002e-01
1.380519999999999925e+01,7.276710999537172597e-01,2.350180000000000047e-01
1.381900000000000084e+01,6.414999022224989744e-01,2.209740000000000038e-01
1.383280000000000065e+01,1.120719718610381221e+00,1.960610000000000130e-01
1.384660000000000046e+01,4.057202048975057096e-01,2.777640000000000109e-01
1.386050000000000004e+01,-2.682267615024507279e-01,2.328240000000000032e-01
1.387439999999999962e+01,-3.437700336029259063e-01,2.579810000000000159e-01
1.388819999999999943e+01,-5.009447462006839658e-01,2.924410000000000065e-01
