# col1: wavelength, col2: cont_sub flux, col3: Flux error

4.903109999999999857e+00,2.066324904216685354e+01,4.756099999999999772e-01

4.908019999999999605e+00,1.986615760173840073e+01,9.868069999999999897e-01
4.912930000000000241e+00,1.774908839218403145e+01,1.898609999999999909e+00
4.917839999999999989e+00,1.755621088474114089e+01,2.431869999999999976e+00
4.922760000000000247e+00,1.755616951809262360e+01,1.332840000000000025e+00
4.927690000000000126e+00,1.887541336734062725e+01,1.228329999999999922e+00
4.932620000000000005e+00,1.887737649208001045e+01,1.145389999999999908e+00
4.937549999999999883e+00,2.055336798896609452e+01,1.176649999999999974e+00
4.942490000000000272e+00,1.828577111739905092e+01,1.635780000000000012e+00
4.947440000000000282e+00,1.552767394373859133e+01,1.052910000000000013e+00
4.952390000000000292e+00,1.522591074376877884e+01,6.989579999999999682e-01
4.957340000000000302e+00,1.725410023651150127e+01,1.069600000000000106e+00
4.962299999999999933e+00,1.627559364787902751e+01,9.486109999999999820e-01
4.967270000000000074e+00,1.393106802325752014e+01,8.942639999999999478e-01
4.972240000000000215e+00,1.334582869965212559e+01,1.416390000000000038e+00
4.977210000000000356e+00,1.531538401538734817e+01,1.800240000000000062e+00
4.982190000000000119e+00,1.224791229640808510e+01,1.481950000000000101e+00
4.987180000000000391e+00,1.336643955484649915e+01,1.614489999999999981e+00
4.992169999999999774e+00,1.511042304619786236e+01,1.840060000000000029e+00
4.997160000000000046e+00,1.345260072501281812e+01,1.752760000000000096e+00
5.002159999999999940e+00,1.242389713846564980e+01,1.244990000000000041e+00
5.007159999999999833e+00,1.208945163853839588e+01,8.785960000000000436e-01
5.012170000000000236e+00,1.090763654069677813e+01,1.447470000000000034e+00
5.017190000000000261e+00,1.089459628425156801e+01,1.557879999999999932e+00
5.022210000000000285e+00,1.095275264567499107e+01,1.579039999999999999e+00
5.027230000000000310e+00,1.063484299806196631e+01,1.661650000000000071e+00
5.032259999999999955e+00,1.289580453694610718e+01,1.939149999999999929e+00
5.037300000000000111e+00,1.258543063746681945e+01,1.529679999999999929e+00
5.042340000000000266e+00,1.080151719136303079e+01,8.904290000000000260e-01
5.047380000000000422e+00,1.049983118021098605e+01,9.543490000000000029e-01
5.052430000000000199e+00,1.021795376978348457e+01,9.399469999999999770e-01
5.057489999999999597e+00,9.492077258594889599e+00,7.724370000000000402e-01
5.062549999999999883e+00,9.202062554138892736e+00,7.172089999999999854e-01
5.067610000000000170e+00,8.219666243353435320e+00,1.430150000000000032e+00
5.072680000000000078e+00,7.665862539924718888e+00,1.306890000000000107e+00
5.077759999999999607e+00,7.635322653238611146e+00,6.503430000000000044e-01
5.082840000000000025e+00,8.186173419491989733e+00,9.262930000000000330e-01
5.087920000000000442e+00,1.026095102785236968e+01,1.503069999999999906e+00
5.093009999999999593e+00,9.987801805046874648e+00,1.564289999999999958e+00
5.098110000000000142e+00,7.743515858779905336e+00,1.581879999999999953e+00
5.103209999999999802e+00,7.849886879409470275e+00,1.612919999999999909e+00
5.108319999999999972e+00,8.179884572168063528e+00,9.434299999999999908e-01
5.113430000000000142e+00,7.154686397664653974e+00,1.016000000000000014e+00
5.118540000000000312e+00,5.482877942511438008e+00,9.114149999999999752e-01
5.123660000000000103e+00,7.554691930012594092e+00,1.319239999999999968e+00
5.128790000000000404e+00,7.857476791507474800e+00,1.867899999999999894e+00
5.133919999999999817e+00,5.278358253780006670e+00,1.192539999999999933e+00
5.139059999999999739e+00,7.031051334548902965e+00,8.409900000000000153e-01
5.144199999999999662e+00,6.559486244346720341e+00,5.706769999999999898e-01
5.149350000000000094e+00,4.679522623758517241e+00,1.095059999999999922e+00
5.154499999999999638e+00,5.962585408150749444e+00,1.020599999999999952e+00
5.159650000000000070e+00,6.848729369650923715e+00,1.186420000000000030e+00
5.164819999999999744e+00,6.580162147531068761e+00,1.359050000000000091e+00
5.169979999999999798e+00,6.955010571910285933e+00,1.383000000000000007e+00
5.175159999999999982e+00,6.872919744788927865e+00,1.363450000000000051e+00
5.180329999999999657e+00,6.576673284386354901e+00,8.641950000000000465e-01
5.185520000000000351e+00,4.882158346218193223e+00,6.391480000000000494e-01
5.190710000000000157e+00,4.285537585160349217e+00,4.781139999999999834e-01
5.195899999999999963e+00,3.628874946104751587e+00,1.089590000000000058e+00
5.201100000000000279e+00,5.078769464119254451e+00,1.754269999999999996e+00
5.206299999999999706e+00,4.890763370694872769e+00,1.062659999999999938e+00
5.211509999999999643e+00,4.064568824604139152e+00,8.142099999999999893e-01
5.216719999999999580e+00,3.883114262132777661e+00,7.755239999999999911e-01
5.221940000000000026e+00,4.033824710272309488e+00,8.713509999999999867e-01
5.227170000000000094e+00,2.228983015007738544e+00,8.661370000000000458e-01
5.231690000000000396e+00,1.480804973116562273e+01,6.188250000000000028e+00
5.232400000000000162e+00,1.293627290732437984e+00,8.665159999999999529e-01
5.236919999999999575e+00,3.525334665073062368e+00,4.690019999999999634e+00
5.237630000000000230e+00,1.369800642252760881e+00,1.327690000000000037e+00
5.242160000000000153e+00,3.359192842843549798e+00,2.101290000000000102e+00
5.242869999999999919e+00,3.915433071940189080e+00,1.410009999999999986e+00
5.247410000000000352e+00,8.560905942640490096e+00,1.423480000000000079e+00
5.248120000000000118e+00,5.286286229172457496e+00,1.191359999999999975e+00
5.252659999999999663e+00,5.384956851767594088e+00,1.605669999999999931e+00
5.253370000000000317e+00,3.343272148637478125e+00,1.401380000000000070e+00
5.257909999999999862e+00,4.505108250138610160e+00,1.644679999999999920e+00
5.258630000000000138e+00,7.734287857736017457e-01,1.183670000000000000e+00
5.263169999999999682e+00,1.573633268503716209e+00,2.713020000000000209e+00
5.263889999999999958e+00,3.111215516012414639e+00,1.122949999999999893e+00
5.268440000000000012e+00,3.939812375555085566e+00,2.515730000000000022e+00
5.269149999999999778e+00,2.960904805603647105e+00,1.095339999999999980e+00
5.273710000000000342e+00,1.367803373177942206e+00,1.683589999999999920e+00
5.274429999999999730e+00,4.091335223950544275e+00,1.265099999999999891e+00
5.278990000000000293e+00,1.222696582421392009e+00,1.659429999999999961e+00
5.279700000000000060e+00,3.917117429668691031e+00,8.331650000000000444e-01
5.284270000000000245e+00,3.231937648129319385e+00,1.898160000000000069e+00
5.284980000000000011e+00,3.134265444010074120e+00,9.074119999999999964e-01
5.289550000000000196e+00,8.748788606779848820e+00,2.084439999999999849e+00
5.290269999999999584e+00,3.991158483758551867e+00,1.181899999999999951e+00
5.294850000000000279e+00,5.315301653013717598e+00,1.648760000000000003e+00
5.295569999999999666e+00,2.616675365810797516e+00,7.469519999999999493e-01
5.300139999999999851e+00,5.893420163647780541e+00,2.870919999999999916e+00
5.300860000000000127e+00,1.477091748925504433e+00,1.047150000000000025e+00
5.305450000000000443e+00,3.352957619271171197e+00,4.054249999999999687e+00
5.306169999999999831e+00,7.054233552949256136e-01,1.213640000000000052e+00
5.310760000000000147e+00,1.154485247410228510e+00,2.240450000000000053e+00
5.311480000000000423e+00,1.944439898341176587e+00,8.359769999999999701e-01
5.316069999999999851e+00,1.267164433753858788e+00,1.606549999999999923e+00
5.316790000000000127e+00,3.292102763753231187e+00,9.456350000000000033e-01
5.321390000000000065e+00,1.144528670098482692e+00,2.117189999999999905e+00
5.322110000000000340e+00,5.705461510871554509e-01,1.165480000000000071e+00
5.326710000000000278e+00,-4.182237767690288877e-02,3.132740000000000080e+00
5.327429999999999666e+00,1.496368998723054844e+00,1.864729999999999999e+00
5.332040000000000113e+00,-1.591451037765665433e-01,3.557700000000000085e+00
5.332760000000000389e+00,1.262115600439882357e+00,1.411569999999999991e+00
5.337379999999999569e+00,1.323536842822118587e+00,2.622599999999999820e+00
5.338099999999999845e+00,1.870262277567901421e+00,1.017570000000000086e+00
5.342719999999999914e+00,1.740106885516212287e+00,2.728190000000000115e+00
5.343440000000000190e+00,2.373991755623396926e+00,1.289460000000000051e+00
5.348060000000000258e+00,1.630625751810235613e+00,1.221889999999999921e+00
5.348790000000000155e+00,2.436285971068485878e-02,1.484269999999999978e+00
5.353410000000000224e+00,1.928956458550855402e+00,1.348479999999999901e+00
5.354140000000000121e+00,-9.414520911849599827e-01,1.245749999999999913e+00
5.358769999999999811e+00,2.273740891140061393e-01,1.461959999999999926e+00
5.359490000000000087e+00,9.120740939553151350e-02,1.179589999999999916e+00
5.364130000000000287e+00,1.252414978535085766e-01,1.840950000000000086e+00
5.364860000000000184e+00,2.354826740574008426e+00,1.440129999999999910e+00
5.369500000000000384e+00,1.331335427505935698e+00,2.480949999999999989e+00
5.370219999999999771e+00,-3.182570051996531646e-01,1.603930000000000078e+00
5.374869999999999592e+00,-4.179911435538006259e-01,3.302950000000000053e+00
5.375600000000000378e+00,-8.378325105835404685e-01,1.490390000000000104e+00
5.380250000000000199e+00,-1.335452600943174417e+00,2.677900000000000169e+00
5.380980000000000096e+00,-1.224864809891114348e+00,1.417419999999999902e+00
5.385629999999999917e+00,-2.695755564463631515e+00,3.076890000000000125e+00
5.386359999999999815e+00,-2.803904064773094618e+00,1.013500000000000068e+00
5.391020000000000145e+00,-5.933565830875008551e+00,2.251399999999999846e+00
5.391750000000000043e+00,9.489745144965784363e-01,1.282680000000000042e+00
5.396410000000000373e+00,-1.702369338693793921e+00,2.385159999999999947e+00
5.397140000000000271e+00,2.709374382638547019e+00,1.025290000000000035e+00
5.401810000000000223e+00,1.440056419721260639e+00,1.931799999999999962e+00
5.402540000000000120e+00,-3.905913865346697378e-01,1.484210000000000029e+00
5.407210000000000072e+00,-1.265153531737993831e+00,1.553579999999999961e+00
5.407949999999999591e+00,-2.159150742750926000e+00,1.141440000000000010e+00
5.412620000000000431e+00,-4.564408667157048072e+00,1.732159999999999922e+00
5.413359999999999950e+00,-1.169383762457158582e+00,8.640970000000000040e-01
5.418040000000000411e+00,8.970224394235390974e-01,1.678420000000000023e+00
5.418770000000000309e+00,-3.986312829065692398e-01,2.548270000000000035e+00
5.423460000000000392e+00,8.195916746227194238e-01,3.010029999999999983e+00
5.424199999999999910e+00,-1.949714881652482745e+00,2.688229999999999897e+00
5.428889999999999993e+00,-1.659590495621987571e-01,2.825050000000000061e+00
5.429619999999999891e+00,1.197157277739581360e+00,1.987219999999999986e+00
5.434319999999999595e+00,8.401738181597835364e-01,7.978199999999999736e-01
5.435060000000000002e+00,2.126234398506706924e+00,1.265719999999999956e+00
5.439759999999999707e+00,7.687194912845853878e-01,8.984309999999999796e-01
5.440489999999999604e+00,5.113846937355130962e-01,1.090710000000000068e+00
5.445199999999999818e+00,1.046573473298346713e+00,1.559229999999999894e+00
5.445940000000000225e+00,-1.987120336494452744e+00,1.296079999999999899e+00
5.450650000000000439e+00,-4.110318013369038681e+00,1.668870000000000076e+00
5.451389999999999958e+00,-2.054457009517653532e+00,1.326869999999999994e+00
5.456100000000000172e+00,-3.279167223835779410e+00,1.026140000000000052e+00
5.456839999999999691e+00,-7.566707511826109567e-02,1.377029999999999976e+00
5.461560000000000414e+00,-1.398591220989420236e+00,4.277619999999999756e-01
5.462299999999999933e+00,5.029286369969554471e-02,1.600459999999999994e+00
5.467019999999999769e+00,-1.965229727671484738e+00,4.670960000000000112e-01
5.467760000000000176e+00,-1.149739661076232267e-02,1.551060000000000105e+00
5.472489999999999633e+00,-2.607633880281206018e-01,1.173289999999999944e+00
5.473230000000000040e+00,1.322711938827623612e+00,1.320200000000000040e+00
5.477970000000000006e+00,-1.409824546534231615e+00,8.412570000000000325e-01
5.478710000000000413e+00,1.496988494221138666e+00,1.504920000000000035e+00
5.483450000000000379e+00,-1.466743693080028166e+00,6.052530000000000410e-01
5.484189999999999898e+00,5.601330216617128599e-03,1.579599999999999893e+00
5.488929999999999865e+00,-1.456563270697696311e+00,1.109709999999999974e+00
5.489679999999999893e+00,4.123091734011818943e-01,1.616149999999999975e+00
5.494430000000000369e+00,9.857817772519066324e-01,1.869899999999999896e+00
5.495169999999999888e+00,-3.092563412398341427e-02,1.350349999999999939e+00
5.499920000000000364e+00,7.464889866799495621e-04,1.934490000000000043e+00
5.500670000000000393e+00,3.810612890437550249e-01,1.056340000000000057e+00
5.505429999999999602e+00,-4.989203325483693163e-02,1.090160000000000018e+00
5.506170000000000009e+00,1.204425863850078215e+00,1.627809999999999979e+00
5.510930000000000106e+00,-1.056896710581204601e+00,3.934279999999999999e-01
5.511680000000000135e+00,7.843782402569843271e-02,2.842200000000000060e+00
5.516449999999999854e+00,8.708261456700512326e-01,1.059960000000000013e+00
5.517199999999999882e+00,-1.030637705464782172e+00,2.323770000000000113e+00
5.521969999999999601e+00,9.986141402004538037e-01,1.053460000000000063e+00
5.522719999999999629e+00,-2.916253990594883660e+00,1.496979999999999977e+00
5.527490000000000236e+00,1.829123893767810927e+00,1.244830000000000103e+00
5.528240000000000265e+00,-9.171544106068143520e-01,1.219249999999999945e+00
5.533019999999999605e+00,2.510134606971849536e+00,1.164050000000000029e+00
5.533769999999999634e+00,-9.604594370381409618e-01,1.280939999999999968e+00
5.538560000000000372e+00,-3.138089949367989462e+00,3.168719999999999981e+00
5.539310000000000400e+00,-1.934905331159631814e+00,1.324989999999999890e+00
5.544100000000000250e+00,-1.646313745335181267e+00,4.009330000000000283e+00
5.544850000000000279e+00,-1.317956401614182482e+00,1.392889999999999961e+00
5.549649999999999750e+00,6.018488757073718887e-01,2.487249999999999961e+00
5.550399999999999778e+00,-1.611126696069568709e+00,1.914779999999999927e+00
5.555200000000000138e+00,-2.713671144037885341e+00,1.339639999999999942e+00
5.555950000000000166e+00,-6.859855894699666834e-01,2.214329999999999909e+00
5.560760000000000147e+00,-1.543184154026107535e+00,1.358880000000000088e+00
5.561510000000000176e+00,1.773456842934407973e+00,2.828790000000000138e+00
5.566320000000000157e+00,-1.579463992479762879e+00,1.376880000000000104e+00
5.567070000000000185e+00,1.380226467225979192e+00,2.721359999999999779e+00
5.571889999999999787e+00,-1.990317327388435586e+00,1.068959999999999910e+00
5.572639999999999816e+00,3.491916868091225368e+00,1.708239999999999981e+00
5.577460000000000306e+00,-2.024522468395796082e+00,1.016049999999999898e+00
5.578219999999999956e+00,3.816689209848902919e+00,1.339509999999999978e+00
5.583039999999999559e+00,-5.577827161918289534e-01,1.317469999999999919e+00
5.583800000000000097e+00,1.391962680641206873e+00,1.520319999999999894e+00
5.588630000000000209e+00,-5.901375854348849259e-01,1.492340000000000000e+00
5.589389999999999858e+00,1.656935650162651541e+00,1.986949999999999994e+00
5.594219999999999970e+00,2.182283702696334871e-01,1.347939999999999916e+00
5.594979999999999620e+00,1.625623319690298274e+00,2.259100000000000108e+00
5.599820000000000242e+00,-5.324838077851072882e-01,1.693940000000000001e+00
5.600579999999999892e+00,-1.131730681929941085e-01,1.806780000000000053e+00
5.605419999999999625e+00,-2.569462368046600886e+00,2.065179999999999794e+00
5.606180000000000163e+00,1.519580148420622834e-01,3.243710000000000093e+00
5.611030000000000406e+00,-2.532403693468124217e+00,2.413030000000000008e+00
5.611790000000000056e+00,-9.053796348408393868e-01,2.957640000000000047e+00
5.616640000000000299e+00,1.145700588265865960e+00,2.189179999999999904e+00
5.617399999999999949e+00,2.260222153784159360e+00,1.198199999999999932e+00
5.622259999999999813e+00,1.097256349151114918e+00,1.680029999999999912e+00
5.623020000000000351e+00,2.039469410017815676e+00,1.404509999999999925e+00
5.627889999999999837e+00,-1.857578562624819796e+00,1.587760000000000060e+00
5.628650000000000375e+00,4.334199490004202460e-01,1.367350000000000065e+00
5.633519999999999861e+00,-3.677003700151519894e-01,1.324200000000000044e+00
5.634280000000000399e+00,2.383377379457948919e+00,1.171890000000000098e+00
5.639149999999999885e+00,1.588344902391835234e+00,1.447869999999999990e+00
5.639920000000000044e+00,1.558050355037405410e+00,1.253630000000000022e+00
5.644800000000000040e+00,1.562922108719547509e+00,1.568070000000000075e+00
5.645559999999999690e+00,-4.565600785753236579e-01,1.208380000000000010e+00
5.650439999999999685e+00,1.272213165295088544e-01,5.994690000000000296e-01
5.651209999999999845e+00,-4.366438441336999432e-01,1.185100000000000042e+00
5.656100000000000350e+00,-5.796352546019392094e-01,6.412750000000000394e-01
5.656859999999999999e+00,9.598978633012649198e-01,1.087609999999999966e+00
5.661760000000000126e+00,-6.038052476416115866e-01,8.026860000000000106e-01
5.662519999999999776e+00,2.191176217045878616e+00,1.491659999999999986e+00
5.667419999999999902e+00,-1.234035426844643624e+00,7.123490000000000100e-01
5.668190000000000062e+00,3.335546344410495578e+00,1.772780000000000022e+00
5.673090000000000188e+00,-8.148139097795485952e-01,1.188169999999999948e+00
5.673860000000000348e+00,1.865041733604844154e-01,1.736850000000000005e+00
5.678770000000000095e+00,1.339113722412696106e+00,1.065679999999999961e+00
5.679540000000000255e+00,-9.710382198419562627e-01,2.064060000000000006e+00
5.684450000000000003e+00,1.399242038588457859e+00,1.323879999999999946e+00
5.685220000000000162e+00,1.451136639774652792e-01,3.073809999999999931e+00
5.690140000000000420e+00,1.376183359379760773e+00,1.996439999999999992e+00
5.690909999999999691e+00,4.212072170013392736e+00,2.986460000000000115e+00
5.695829999999999949e+00,2.938331131301552546e+00,1.275379999999999958e+00
5.696600000000000108e+00,4.084230697638572494e+00,2.136460000000000026e+00
5.701529999999999987e+00,3.240497632274387030e+00,7.508209999999999607e-01
5.702300000000000146e+00,-7.047984732831231725e-01,4.047139999999999738e+00
5.707230000000000025e+00,3.217575517176404887e+00,1.056159999999999988e+00
5.712939999999999685e+00,2.023476685229102401e+00,1.895080000000000098e+00
5.718659999999999854e+00,2.000352803704430471e+00,1.702199999999999935e+00
5.724380000000000024e+00,8.311958374502790292e-01,1.290969999999999951e+00
5.730109999999999815e+00,5.516163561038744945e-01,9.393259999999999943e-01
5.735839999999999606e+00,2.815406367225504525e+00,1.446609999999999951e+00
5.741579999999999906e+00,1.794875212088516747e+00,1.218800000000000106e+00
5.747320000000000206e+00,1.770515278425843775e+00,9.071810000000000151e-01
5.753070000000000128e+00,2.279934336366594039e+00,1.163750000000000062e+00
5.758829999999999671e+00,2.254681250347257304e+00,8.370859999999999967e-01
5.764590000000000103e+00,1.198649486444415047e+00,9.356729999999999769e-01
5.770360000000000156e+00,2.136343680179258797e+00,1.505430000000000046e+00
5.776130000000000209e+00,2.109458530125884579e+00,2.168919999999999959e+00
5.781909999999999883e+00,-8.630376708653031415e-02,2.127540000000000209e+00
5.787689999999999557e+00,1.801853063876954764e+00,2.454730000000000079e+00
5.793490000000000251e+00,1.816877639080349383e+00,1.850819999999999910e+00
5.799280000000000435e+00,9.446834467497033927e-02,1.176409999999999956e+00
5.805080000000000240e+00,-4.282280362013928254e-01,1.096850000000000103e+00
5.810889999999999667e+00,1.866433719490014909e+00,9.778499999999999970e-01
5.816709999999999603e+00,1.110098305421189480e+00,5.282059999999999533e-01
5.822530000000000427e+00,7.803685516382827814e-01,1.753069999999999906e+00
5.828350000000000364e+00,-2.750906385152921629e+00,2.093090000000000117e+00
5.834179999999999922e+00,1.141602172012312622e-01,1.641420000000000101e+00
5.840019999999999989e+00,2.953114618340837438e-01,1.051190000000000069e+00
5.845860000000000056e+00,1.177564838452109797e-01,9.162059999999999649e-01
5.851709999999999745e+00,7.817514752462351169e-02,1.209580000000000100e+00
5.857569999999999943e+00,-2.174190784632587636e+00,1.021670000000000078e+00
5.863430000000000142e+00,-4.713266461565623899e-01,9.597290000000000543e-01
5.869290000000000340e+00,4.314015664121694016e+00,1.158949999999999925e+00
5.875160000000000160e+00,3.704305771463964447e+00,1.646409999999999929e+00
5.881039999999999601e+00,1.056483819811695923e+00,1.307469999999999910e+00
5.886930000000000440e+00,1.007889405665384430e+00,9.820470000000000033e-01
5.892820000000000391e+00,6.354830493264529423e-02,9.804720000000000102e-01
5.898710000000000342e+00,1.160781761386786570e-02,1.117010000000000058e+00
5.904609999999999914e+00,5.883284259566252672e-01,1.711559999999999970e+00
5.910519999999999996e+00,-5.669984784431392200e-02,2.119029999999999969e+00
5.916439999999999699e+00,7.334348438253304181e-01,1.638879999999999892e+00
5.922349999999999781e+00,1.535147523709465389e+00,1.275930000000000009e+00
5.928279999999999994e+00,7.932548845487694678e-01,1.143229999999999968e+00
5.934210000000000207e+00,-1.251924954723994787e+00,7.351020000000000332e-01
5.940150000000000041e+00,-1.316380832465734230e+00,6.952030000000000154e-01
5.946089999999999876e+00,1.508127047676879329e-01,5.943829999999999947e-01
5.952040000000000219e+00,7.929614345196114300e-01,8.141479999999999828e-01
5.958000000000000185e+00,-1.425215526071959005e-01,6.643369999999999553e-01
5.963960000000000150e+00,-1.970022035324134890e-01,5.996920000000000028e-01
5.969920000000000115e+00,1.161040869292207844e+00,4.979520000000000057e-01
5.975900000000000212e+00,-1.151229086790301892e-01,5.386859999999999982e-01
5.981869999999999798e+00,1.442981219008032667e-01,2.240450000000000053e+00
5.987860000000000404e+00,4.665239924591062959e+00,2.008589999999999876e+00
5.993850000000000122e+00,4.585976173628711905e+00,1.525120000000000031e+00
5.999850000000000350e+00,4.959925486086049773e-01,1.145999999999999908e+00
6.005849999999999689e+00,1.135741944614188981e+00,1.224909999999999943e+00
6.011860000000000426e+00,1.957705328956546253e+00,1.086920000000000108e+00
6.017870000000000275e+00,1.786940664537663537e+00,9.776960000000000095e-01
6.023900000000000254e+00,1.201678804057412009e+00,5.283400000000000318e-01
6.029919999999999725e+00,-1.279285658141127158e-01,8.718230000000000146e-01
6.035949999999999704e+00,1.500447294377874385e+00,9.994769999999999488e-01
6.041990000000000194e+00,2.102821767810414855e+00,9.380209999999999937e-01
6.048040000000000305e+00,1.371210447293922385e+00,9.211160000000000458e-01
6.054090000000000416e+00,1.180185788976032768e+00,5.604599999999999582e-01
6.060150000000000148e+00,1.084611395910055620e+00,5.279500000000000304e-01
6.066209999999999880e+00,6.750642472759764701e-01,5.583900000000000530e-01
6.072280000000000122e+00,2.637503927522807601e+00,1.250240000000000018e+00
6.078350000000000364e+00,4.052011798497989759e+00,1.030580000000000052e+00
6.084439999999999849e+00,3.022376680059362997e+00,1.010229999999999961e+00
6.090519999999999712e+00,2.364916013383016491e+00,1.397680000000000033e+00
6.096619999999999706e+00,2.358346123086509039e+00,1.553569999999999895e+00
6.102719999999999700e+00,2.885623713465975015e+00,9.887690000000000090e-01
6.108819999999999695e+00,4.053071714926574032e+00,1.443519999999999914e+00
6.114930000000000199e+00,3.945936819789608307e+00,1.622870000000000035e+00
6.121050000000000324e+00,2.605836676576426925e+00,1.255330000000000057e+00
6.127180000000000071e+00,2.671889151727103950e+00,1.169839999999999991e+00
6.133309999999999818e+00,5.742793753714650506e+00,1.598859999999999948e+00
6.139439999999999564e+00,7.481373752928234921e+00,1.118440000000000101e+00
6.145590000000000330e+00,7.368283036924857754e+00,3.212880000000000180e+00
6.151729999999999698e+00,7.261194217058605460e+00,2.264110000000000067e+00
6.157890000000000086e+00,8.059271969455814144e+00,1.427489999999999926e+00
6.164049999999999585e+00,8.589209290665991148e+00,1.553900000000000059e+00
6.170219999999999594e+00,9.009838997720120091e+00,1.268389999999999906e+00
6.176389999999999603e+00,1.113457263711422840e+01,8.454469999999999485e-01
6.182570000000000121e+00,1.156414031109820684e+01,1.844649999999999901e+00
6.188760000000000261e+00,1.780416167371740244e+01,1.894840000000000080e+00
6.194950000000000401e+00,1.763715291516351868e+01,1.217179999999999929e+00
6.201150000000000162e+00,1.751504040190910061e+01,1.186010000000000009e+00
6.207349999999999923e+00,2.065004319778202913e+01,1.509670000000000067e+00
6.213560000000000194e+00,2.069688532999454011e+01,1.825520000000000032e+00
6.219780000000000086e+00,2.623008736415830455e+01,2.017990000000000173e+00
6.225999999999999979e+00,2.651377245092289670e+01,1.765970000000000040e+00
6.232230000000000381e+00,2.638736145011264256e+01,1.007190000000000030e+00
6.238459999999999894e+00,2.665118001136871229e+01,1.640740000000000087e+00
6.244710000000000427e+00,2.695274150864306506e+01,2.257000000000000117e+00
6.250949999999999562e+00,2.578698401431419285e+01,1.543600000000000083e+00
6.257209999999999717e+00,2.565741266566480050e+01,1.731039999999999912e+00
6.263469999999999871e+00,2.551926329916195613e+01,1.865969999999999906e+00
6.269730000000000025e+00,2.659766069731181304e+01,1.267039999999999944e+00
6.276010000000000311e+00,2.646600955372334241e+01,7.761350000000000193e-01
6.282289999999999708e+00,2.355915159600206366e+01,8.870999999999999996e-01
6.288569999999999993e+00,2.306591184494578783e+01,9.259230000000000516e-01
6.294859999999999900e+00,2.293260303327385685e+01,1.173030000000000017e+00
6.301160000000000316e+00,1.779304817604049305e+01,1.564119999999999955e+00
6.307470000000000354e+00,1.765847052521181837e+01,2.980150000000000077e+00
6.313780000000000392e+00,1.768270774995823658e+01,2.309870000000000090e+00
6.320090000000000430e+00,1.654648523137160865e+01,1.454250000000000043e+00
6.326419999999999710e+00,1.498059787164931933e+01,1.029609999999999914e+00
6.332749999999999879e+00,1.399139964995550045e+01,1.041130000000000111e+00
6.339080000000000048e+00,1.385471618948938755e+01,1.069239999999999968e+00
6.345430000000000348e+00,1.281604004958802889e+01,1.312629999999999963e+00
6.351770000000000138e+00,1.039454540040584618e+01,9.058869999999999978e-01
6.358130000000000059e+00,9.715907461034092307e+00,6.584010000000000140e-01
6.364489999999999981e+00,9.577685284574354085e+00,5.854939999999999589e-01
6.370860000000000412e+00,9.709687170031578773e+00,8.028089999999999948e-01
6.377229999999999954e+00,6.399756421637331272e+00,9.868590000000000417e-01
6.383610000000000007e+00,9.948801126469184908e+00,2.541080000000000005e+00
6.389999999999999680e+00,9.809447079037848738e+00,1.790499999999999980e+00
6.396390000000000242e+00,7.048838516079445782e+00,1.296210000000000084e+00
6.402790000000000425e+00,6.231183577230080317e+00,1.036289999999999933e+00
6.409200000000000230e+00,6.585108674950166829e+00,1.067250000000000032e+00
6.415610000000000035e+00,5.105258611901934529e+00,1.335280000000000022e+00
6.422030000000000349e+00,1.583841954604917390e+00,1.428749999999999964e+00
6.428449999999999775e+00,3.527303635953032312e+00,1.424269999999999925e+00
6.434890000000000221e+00,4.201634962154841446e+00,9.832400000000000029e-01
6.441320000000000157e+00,3.699816482386570016e+00,7.999030000000000307e-01
6.447770000000000223e+00,3.559622722133354955e+00,1.110500000000000043e+00
6.454220000000000290e+00,1.883016215174279750e+00,1.106670000000000043e+00
6.460679999999999978e+00,2.603007518215139982e+00,9.792920000000000513e-01
6.467139999999999667e+00,3.747541082518385025e+00,1.526410000000000045e+00
6.473609999999999864e+00,3.753728426068295931e+00,1.300210000000000088e+00
6.480089999999999684e+00,5.902598227057929137e+00,1.002739999999999965e+00
6.486570000000000391e+00,5.763294129219538320e+00,1.196879999999999944e+00
6.493059999999999832e+00,3.135629478440847606e+00,1.822889999999999899e+00
6.499559999999999782e+00,3.402633593877620655e+00,1.677110000000000101e+00
6.506059999999999732e+00,4.474648929215881310e+00,2.254820000000000046e+00
6.512570000000000192e+00,5.186991048618356359e+00,1.765260000000000051e+00
6.519090000000000273e+00,5.048889917317634257e+00,1.099930000000000074e+00
6.525610000000000355e+00,2.811686412909054411e+00,1.213589999999999947e+00
6.532140000000000057e+00,3.048198711754636747e+00,1.172660000000000036e+00
6.538669999999999760e+00,2.911466381016683869e+00,2.813919999999999977e+00
6.545209999999999972e+00,3.681709514595713273e+00,1.991829999999999989e+00
6.551759999999999806e+00,3.289359121128086372e+00,8.602560000000000207e-01
6.558320000000000149e+00,3.153846473206463941e+00,1.133969999999999922e+00
6.564879999999999605e+00,5.292908125378186668e+00,1.437759999999999927e+00
6.571449999999999569e+00,4.448368672741892738e+00,8.181450000000000111e-01
6.578020000000000422e+00,3.471162833121631763e+00,5.194299999999999473e-01
6.584600000000000009e+00,1.604317654437156904e+00,1.072210000000000107e+00
6.591190000000000104e+00,7.768654689503691202e-01,1.305150000000000032e+00
6.597789999999999822e+00,8.460388772567881688e-01,1.301020000000000065e+00
6.604390000000000427e+00,7.150685248610457734e-01,1.877150000000000096e+00
6.610990000000000144e+00,5.320834556027662643e-01,2.317680000000000184e+00
6.617609999999999992e+00,2.387227058424059578e-01,1.214949999999999974e+00
6.624229999999999841e+00,-7.197888584938141321e-01,8.632630000000000026e-01
6.630860000000000198e+00,2.538860270211245052e-01,7.795100000000000362e-01
6.637489999999999668e+00,1.885471806738859613e+00,1.159950000000000037e+00
6.644129999999999647e+00,-3.819098125920206144e-02,1.605569999999999942e+00
6.650780000000000136e+00,1.325832019557509511e+00,1.273989999999999956e+00
6.657429999999999737e+00,1.701761015480386163e+00,1.042569999999999997e+00
6.664089999999999847e+00,1.037441870834868496e+00,2.038250000000000117e+00
6.670759999999999579e+00,1.851609627284716453e+00,1.831120000000000081e+00
6.677439999999999820e+00,1.613899603661419491e+00,1.470429999999999904e+00
6.684120000000000061e+00,9.110257574123146185e-01,1.222390000000000088e+00
6.690800000000000303e+00,-2.373781798629931217e+00,1.479009999999999936e+00
6.697499999999999787e+00,-1.788419065070030456e-01,1.320789999999999909e+00
6.704200000000000159e+00,-1.221967452713254687e+00,1.655759999999999899e+00
6.710910000000000153e+00,-1.463198451575898673e+00,1.454649999999999999e+00
6.717620000000000147e+00,1.744170093225033469e+00,1.322990000000000110e+00
6.724339999999999762e+00,1.631802569275919268e+00,1.276469999999999994e+00
6.731069999999999887e+00,-2.533563894605581623e+00,1.163780000000000037e+00
6.737800000000000011e+00,-2.823730214348135092e+00,1.511130000000000084e+00
6.744550000000000267e+00,-6.916843397729302012e-01,1.287539999999999907e+00
6.751290000000000013e+00,-5.782103251432069158e-01,5.963330000000000020e-01
6.758049999999999891e+00,5.528518399886479529e-01,1.253360000000000030e+00
6.764809999999999768e+00,-1.860847892723860753e+00,1.726210000000000022e+00
6.771580000000000155e+00,-2.529227996173705861e+00,6.251830000000000442e-01
6.778349999999999653e+00,-2.864025008485739932e-01,1.968639999999999946e+00
6.785129999999999661e+00,-3.852846058504049154e-01,1.425939999999999985e+00
6.791920000000000179e+00,5.636495245330053194e-02,9.974720000000000253e-01
6.798720000000000319e+00,1.778572831425151435e-02,1.012580000000000036e+00
6.805519999999999570e+00,2.504825590005310687e-02,6.883099999999999774e-01
6.812330000000000219e+00,1.980003575191403797e+00,6.045800000000000063e-01
6.819149999999999601e+00,1.050826583643058143e+00,1.291330000000000089e+00
6.825969999999999871e+00,-7.898795372487299460e-01,8.656749999999999723e-01
6.832799999999999763e+00,1.919257801062812518e-01,6.306150000000000366e-01
6.839629999999999654e+00,1.038940283428345879e+00,4.919180000000000219e-01
6.846479999999999677e+00,1.230088104262939908e+00,5.701230000000000464e-01
6.853329999999999700e+00,2.070587713806460783e+00,3.026619999999999866e+00
6.860179999999999723e+00,1.907905351880110345e+00,2.039849999999999941e+00
6.867049999999999876e+00,9.264788934895378247e-01,6.616459999999999564e-01
6.873920000000000030e+00,8.734119114051424049e-01,7.691069999999999851e-01
6.880790000000000184e+00,1.570470348874295041e+00,8.556399999999999562e-01
6.887679999999999580e+00,-3.767950291652724104e-01,7.921110000000000095e-01
6.894569999999999865e+00,-3.096394703487586497e+00,1.060810000000000031e+00
6.901469999999999771e+00,5.159335411114511771e-01,1.135559999999999903e+00
6.908369999999999678e+00,9.518627873807901096e-01,1.277930000000000010e+00
6.915280000000000094e+00,-8.110409355488172878e-01,1.082400000000000029e+00
6.922200000000000131e+00,-5.635064082140743835e-01,1.467829999999999968e+00
6.929129999999999789e+00,-4.581627041073801365e-01,2.426750000000000185e+00
6.936060000000000336e+00,-4.560245314106694536e+00,1.909859999999999891e+00
6.937490000000000379e+00,-2.435435396092344718e-01,2.064799999999999969e+00
6.942999999999999616e+00,-2.094581309527555391e+00,1.714250000000000052e+00
6.944429999999999659e+00,-3.078279178205818312e-01,1.157659999999999911e+00
6.949950000000000294e+00,9.054994954070920699e-01,1.272299999999999986e+00
6.951380000000000337e+00,-7.542023829171071725e-01,1.562589999999999923e+00
6.956900000000000084e+00,8.432557195204921641e-01,1.011579999999999924e+00
6.958339999999999748e+00,-8.162970768878849981e-01,1.244979999999999976e+00
6.963860000000000383e+00,9.760649880129648182e-01,1.551500000000000101e+00
6.965300000000000047e+00,-2.871556554977630071e-01,1.119799999999999907e+00
6.970830000000000304e+00,2.031596740245284138e+00,2.233560000000000212e+00
6.972269999999999968e+00,5.395012405929193733e-01,1.065620000000000012e+00
6.977800000000000225e+00,1.046060414237386027e+01,1.507509999999999906e+00
6.979239999999999888e+00,1.317426438716495340e+00,9.114499999999999824e-01
6.984779999999999767e+00,6.768069069723019027e+00,1.060429999999999984e+00
6.986229999999999940e+00,3.567519850584986330e+00,8.857110000000000261e-01
6.991769999999999818e+00,5.942960209535094407e+00,8.759289999999999576e-01
6.993219999999999992e+00,2.910816061300607771e+00,7.447930000000000383e-01
6.998770000000000380e+00,5.132945947774850026e+00,1.206909999999999927e+00
7.000210000000000043e+00,1.846679198123297283e+00,7.574969999999999759e-01
7.005770000000000053e+00,9.274728164975272193e-01,9.448649999999999549e-01
7.007220000000000226e+00,-7.209829806716072653e-01,5.345189999999999664e-01
7.012780000000000236e+00,2.094527607547902903e+00,2.361670000000000158e+00
7.014230000000000409e+00,-1.100644952103536411e+00,4.259689999999999865e-01
7.019800000000000040e+00,2.040777946408525167e+00,2.289039999999999964e+00
7.021239999999999704e+00,-1.284942897714948629e+00,5.913420000000000343e-01
7.026819999999999844e+00,2.165865946789850227e+00,1.372679999999999900e+00
7.028270000000000017e+00,-4.318621206187316375e-01,6.719110000000000360e-01
7.033850000000000158e+00,2.722881594622052148e+00,1.268580000000000041e+00
7.035300000000000331e+00,4.802147391726521164e-01,4.929200000000000248e-01
7.040890000000000093e+00,-4.055082508376628425e-01,1.697780000000000067e+00
7.042340000000000266e+00,6.219787921019346300e-01,5.949900000000000189e-01
7.047930000000000028e+00,1.257034557010463516e+00,2.088569999999999816e+00
7.049389999999999823e+00,1.634965580188776357e-01,8.047710000000000141e-01
7.054979999999999585e+00,2.904027380997860064e-01,1.940169999999999950e+00
7.056440000000000268e+00,-1.377895314040522123e+00,1.186809999999999921e+00
7.062039999999999651e+00,-8.927376202972965302e-01,1.540869999999999962e+00
7.063500000000000334e+00,3.689968347801126924e-01,1.240050000000000097e+00
7.069110000000000227e+00,-1.579120740591683614e+00,2.071419999999999817e+00
7.070570000000000022e+00,1.068738749590231407e+00,5.024819999999999842e-01
7.076179999999999914e+00,-6.525013109350069840e+00,4.634900000000000131e-01
7.077639999999999709e+00,1.326063750714872924e+00,1.055469999999999908e+00
7.084719999999999906e+00,1.916267579468112103e+00,9.477069999999999661e-01
7.091809999999999725e+00,1.632015200434885571e+00,8.905669999999999975e-01
7.098900000000000432e+00,-1.323862933708724654e+00,8.908530000000000060e-01
7.106010000000000382e+00,6.431653199024651713e-01,8.198699999999999877e-01
7.113120000000000331e+00,5.556950996185179292e-01,7.495929999999999538e-01
7.120230000000000281e+00,-2.209211346722376845e+00,6.243830000000000213e-01
7.127360000000000362e+00,-2.318819280683790396e+00,5.376959999999999518e-01
7.134490000000000443e+00,-1.732337427767639326e+00,5.313620000000000010e-01
7.141630000000000145e+00,-8.596690746340840406e-02,5.782540000000000457e-01
7.148769999999999847e+00,6.755178025882315751e-01,5.868959999999999733e-01
7.155920000000000059e+00,6.150159157075876237e-01,4.318799999999999861e-01
7.163079999999999892e+00,-7.559103013295427331e-01,7.209020000000000428e-01
7.170250000000000234e+00,-1.868998903566556180e+00,7.635499999999999510e-01
7.177419999999999689e+00,-7.448260523810361633e-01,6.651190000000000158e-01
7.184599999999999653e+00,4.410732428868158195e-02,4.209849999999999981e-01
7.191790000000000127e+00,-6.376378425798634453e-04,4.417699999999999960e-01
7.198990000000000222e+00,6.299871505895282553e-03,7.060180000000000344e-01
7.206190000000000317e+00,3.703470865571745207e-01,7.044080000000000341e-01
7.213400000000000034e+00,-7.609677379561432531e-01,6.408479999999999732e-01
7.220620000000000260e+00,8.581556710573821078e-01,8.487200000000000299e-01
7.227839999999999598e+00,6.107805248318811664e-01,9.074689999999999701e-01
7.235070000000000334e+00,3.117444815839078842e-01,6.593179999999999596e-01
7.242309999999999803e+00,-5.593521536667935834e-01,7.847699999999999676e-01
7.249559999999999782e+00,-4.984090705536559085e-01,8.144010000000000415e-01
7.256809999999999761e+00,-1.421625029739885804e-01,7.937469999999999803e-01
7.264070000000000249e+00,-1.882753163491912574e-01,7.624189999999999579e-01
7.271340000000000359e+00,5.961528134115710031e-01,6.856370000000000520e-01
7.278609999999999580e+00,1.061860590306764607e-01,7.990730000000000333e-01
7.285899999999999821e+00,5.959719838236310352e-02,6.771439999999999682e-01
7.293190000000000062e+00,1.247714385847778829e+00,7.875450000000000506e-01
7.300480000000000302e+00,1.688238349942309924e+00,5.873730000000000340e-01
7.307789999999999786e+00,1.732641109548318070e+00,4.981960000000000277e-01
7.315100000000000158e+00,1.508251600614102017e+00,9.674960000000000226e-01
7.322420000000000151e+00,1.461005952158323851e+00,8.416479999999999517e-01
7.329740000000000144e+00,1.717669256630280472e+00,6.024850000000000483e-01
7.337080000000000268e+00,1.943812546559094301e+00,3.920299999999999896e-01
7.344420000000000393e+00,2.269165776401678158e+00,4.676069999999999949e-01
7.351770000000000138e+00,2.221364593639293616e+00,6.156859999999999555e-01
7.359119999999999884e+00,1.695774597516034987e+00,8.012669999999999515e-01
7.366480000000000139e+00,1.764431198756284402e+00,8.889179999999999859e-01
7.373850000000000016e+00,2.396634788648569270e+00,1.024359999999999937e+00
7.381230000000000402e+00,4.657985764116595817e+00,1.268629999999999924e+00
7.388620000000000410e+00,4.609484527739937221e+00,1.402230000000000087e+00
7.396010000000000417e+00,4.360197292969331784e+00,1.021309999999999940e+00
7.403410000000000046e+00,5.298258898688708030e+00,8.267520000000000424e-01
7.410820000000000185e+00,5.442569761936944417e+00,7.566500000000000448e-01
7.418230000000000324e+00,6.084896452839245740e+00,1.361680000000000001e+00
7.425650000000000084e+00,6.404173477075318033e+00,1.431510000000000060e+00
7.433080000000000354e+00,5.951001266251864763e+00,1.066200000000000037e+00
7.440520000000000245e+00,6.324680257744205392e+00,8.046799999999999509e-01
7.447960000000000136e+00,7.070577485376603022e+00,1.099529999999999896e+00
7.455409999999999648e+00,7.773427024571176958e+00,1.679499999999999993e+00
7.462869999999999671e+00,1.074962932743019906e+01,1.526420000000000110e+00
7.470340000000000202e+00,1.087298485189177910e+01,1.235959999999999948e+00
7.477809999999999846e+00,1.062376108077381076e+01,6.665379999999999638e-01
7.485299999999999621e+00,1.025762455055910038e+01,5.609349999999999614e-01
7.492779999999999774e+00,1.010267710529159046e+01,6.087839999999999918e-01
7.500280000000000058e+00,1.307071785248031404e+01,1.017819999999999947e+00
7.507789999999999964e+00,1.346341440051735816e+01,1.207200000000000051e+00
7.515299999999999869e+00,1.324943477328898922e+01,7.900340000000000140e-01
7.522820000000000285e+00,1.216891213414856310e+01,5.737309999999999910e-01
7.530339999999999812e+00,1.211801471501650695e+01,6.239740000000000286e-01
7.537880000000000358e+00,1.388630765540008127e+01,1.169710000000000027e+00
7.545420000000000016e+00,1.389872702748944988e+01,1.295549999999999979e+00
7.552970000000000184e+00,1.442590561407353533e+01,1.126470000000000082e+00
7.560520000000000351e+00,1.533641205457394818e+01,8.021610000000000129e-01
7.568089999999999762e+00,1.526241073339746634e+01,5.797780000000000156e-01
7.575660000000000061e+00,1.566913851269497826e+01,7.606610000000000316e-01
7.583239999999999981e+00,1.748992781041044964e+01,7.664640000000000342e-01
7.590830000000000410e+00,1.839507916901878559e+01,6.151330000000000409e-01
7.598419999999999952e+00,1.859016171634483783e+01,5.229690000000000172e-01
7.606020000000000003e+00,1.950870760633990386e+01,4.244459999999999900e-01
7.613629999999999676e+00,1.971231739701146068e+01,2.666009999999999769e-01
7.621249999999999858e+00,2.012899165254250278e+01,5.761619999999999520e-01
7.628879999999999661e+00,2.169583094331316886e+01,7.797809999999999464e-01
7.636510000000000353e+00,2.074700486103702701e+01,8.211190000000000433e-01
7.644149999999999778e+00,1.997934514183856436e+01,6.736330000000000373e-01
7.651799999999999713e+00,1.992645237184501639e+01,4.412139999999999951e-01
7.659449999999999648e+00,2.133349640792151547e+01,6.403419999999999668e-01
7.667119999999999713e+00,2.168313940097016257e+01,4.858720000000000261e-01
7.674789999999999779e+00,2.162992056398109497e+01,5.318829999999999947e-01
7.682470000000000354e+00,2.111217124078660845e+01,5.292240000000000277e-01
7.690150000000000041e+00,2.175676162872297681e+01,4.456760000000000166e-01
7.697849999999999859e+00,2.266145326042776276e+01,4.898620000000000196e-01
7.705549999999999677e+00,2.260778600357277668e+01,7.010819999999999830e-01
7.713260000000000005e+00,2.104769090617597271e+01,8.957119999999999527e-01
7.720970000000000333e+00,2.191123848969571952e+01,9.482840000000000158e-01
7.728699999999999903e+00,2.471858970185307669e+01,1.146200000000000108e+00
7.736430000000000362e+00,2.466448503201791453e+01,1.455070000000000086e+00
7.744170000000000442e+00,2.385955524921138959e+01,1.211980000000000057e+00
7.751920000000000144e+00,2.468670101326773647e+01,8.088880000000000514e-01
7.759680000000000355e+00,2.551412299051727217e+01,6.433910000000000462e-01
7.767439999999999678e+00,2.558799215918978831e+01,8.796110000000000317e-01
7.775210000000000399e+00,2.825623902625195427e+01,1.459810000000000052e+00
7.782989999999999853e+00,2.818516427449309703e+01,1.104959999999999942e+00
7.790779999999999816e+00,2.848726859326857408e+01,7.786319999999999908e-01
7.798569999999999780e+00,2.987592324324502613e+01,6.722230000000000150e-01
7.806370000000000253e+00,3.107275848658386508e+01,6.095329999999999915e-01
7.814180000000000348e+00,3.256487502926616173e+01,8.591849999999999765e-01
7.822000000000000064e+00,3.371917358390938091e+01,8.550609999999999600e-01
7.829830000000000290e+00,3.524675486978936334e+01,1.060429999999999984e+00
7.837659999999999627e+00,3.394049047743354208e+01,1.110309999999999908e+00
7.845500000000000362e+00,3.387901038835913425e+01,1.218059999999999921e+00
7.853349999999999831e+00,3.530701533868803210e+01,1.883359999999999923e+00
7.861209999999999809e+00,3.741310607127114451e+01,1.507560000000000011e+00
7.869069999999999787e+00,3.735725442039841226e+01,6.165030000000000232e-01
7.876949999999999896e+00,3.740251902538067696e+01,6.047109999999999985e-01
7.884830000000000005e+00,3.474204286880448933e+01,6.838950000000000307e-01
7.892719999999999736e+00,3.701705563265159071e+01,1.101439999999999975e+00
7.900610000000000355e+00,3.696082937746191277e+01,9.862159999999999815e-01
7.908520000000000216e+00,3.675762235729205685e+01,1.072179999999999911e+00
7.916430000000000078e+00,3.655107797896306465e+01,9.741440000000000099e-01
7.924349999999999561e+00,3.724392574615502838e+01,7.079630000000000090e-01
7.932280000000000442e+00,3.757166645648978687e+01,2.083509999999999973e+00
7.940220000000000056e+00,3.860730091450505341e+01,1.746979999999999977e+00
7.948159999999999670e+00,3.800090148844637383e+01,8.766140000000000043e-01
7.956109999999999793e+00,3.794399752192538244e+01,7.606079999999999508e-01
7.964070000000000427e+00,3.872268983693963662e+01,8.534049999999999692e-01
7.972039999999999793e+00,3.866557926247422472e+01,8.088560000000000194e-01
7.980019999999999669e+00,3.681546663452427737e+01,9.593209999999999793e-01
7.988000000000000433e+00,3.438672454613985963e+01,5.124189999999999579e-01
7.995989999999999931e+00,3.503448216775267099e+01,3.831280000000000241e-01
8.003989999999999938e+00,3.567954035304221350e+01,4.974020000000000108e-01
8.012000000000000455e+00,3.562309996276997737e+01,4.478779999999999983e-01
8.020020000000000593e+00,3.473706186480212210e+01,4.161980000000000124e-01
8.028040000000000731e+00,3.439069884830572477e+01,7.473899999999999988e-01
8.036070000000000491e+00,3.367133993986826113e+01,9.336600000000000454e-01
8.044109999999999872e+00,3.449948602526593078e+01,1.367250000000000076e+00
8.052160000000000650e+00,3.445173799745182919e+01,1.544149999999999912e+00
8.060219999999999274e+00,3.188359675657880388e+01,9.398640000000000327e-01
8.068279999999999674e+00,3.056343525879374567e+01,8.351260000000000350e-01
8.076349999999999696e+00,2.963588241662862544e+01,8.301720000000000210e-01
8.084429999999999339e+00,3.032353914837312203e+01,7.954839999999999689e-01
8.092520000000000380e+00,2.920880637958922676e+01,5.975840000000000041e-01
8.100619999999999266e+00,2.896938504313422413e+01,5.809800000000000519e-01
8.108719999999999928e+00,2.924024823254562477e+01,4.584150000000000169e-01
8.116839999999999833e+00,2.918165260590854615e+01,4.629559999999999786e-01
8.124959999999999738e+00,2.904194343966038616e+01,8.637550000000000505e-01
8.133089999999999264e+00,2.784454953903366459e+01,9.058720000000000105e-01
8.141220000000000567e+00,2.533334408514381408e+01,5.424480000000000413e-01
8.149369999999999337e+00,2.532198363350673986e+01,5.780389999999999695e-01
8.157519999999999882e+00,2.526311360510773341e+01,6.362839999999999607e-01
8.165680000000000049e+00,2.379566276939725356e+01,4.403239999999999932e-01
8.173849999999999838e+00,2.345893211841986670e+01,5.568359999999999976e-01
8.182029999999999248e+00,2.358032265170781727e+01,6.124279999999999724e-01
8.190220000000000056e+00,2.278013537630410212e+01,7.036390000000000144e-01
8.198410000000000863e+00,2.272094358237897893e+01,8.145419999999999883e-01
8.206609999999999516e+00,2.226997602373258189e+01,6.837250000000000272e-01
8.214829999999999188e+00,2.169906144470007803e+01,3.151370000000000005e-01
8.223039999999999239e+00,2.165951772354998184e+01,6.562759999999999705e-01
8.231270000000000309e+00,2.007212905663570979e+01,7.916579999999999728e-01
8.239509999999999224e+00,2.011746877429035152e+01,9.280739999999999545e-01
8.247749999999999915e+00,1.898081021125263135e+01,7.601980000000000404e-01
8.256000000000000227e+00,1.892118214523978992e+01,6.882730000000000237e-01
8.264260000000000161e+00,1.941908564416439731e+01,9.946700000000000541e-01
8.272529999999999717e+00,1.912952178364442091e+01,1.022809999999999997e+00
8.280810000000000670e+00,1.989679164702653935e+01,8.510680000000000467e-01
8.289089999999999847e+00,2.223276857080233526e+01,6.048019999999999508e-01
8.297390000000000043e+00,1.922150915257169856e+01,5.146939999999999849e-01
8.305690000000000239e+00,1.789135897669899578e+01,8.049290000000000056e-01
8.314000000000000057e+00,1.784264690834577749e+01,1.053060000000000107e+00
8.322319999999999496e+00,1.778257406589333556e+01,9.651009999999999867e-01
8.330640000000000711e+00,1.752231375547138725e+01,1.012369999999999992e+00
8.338979999999999393e+00,1.759982273433076472e+01,7.078389999999999960e-01
8.347319999999999851e+00,1.768964648457330924e+01,6.000870000000000370e-01
8.355669999999999931e+00,1.821371397222261379e+01,9.153810000000000002e-01
8.364029999999999632e+00,1.760202635112590741e+01,5.662420000000000231e-01
8.372400000000000730e+00,1.678318478307942030e+01,5.005690000000000417e-01
8.380779999999999674e+00,1.654839043785204211e+01,5.727569999999999606e-01
8.389160000000000394e+00,1.607701652580276175e+01,1.032780000000000031e+00
8.397550000000000736e+00,1.918179214729616433e+01,1.362340000000000106e+00
8.405960000000000321e+00,1.833034651364114609e+01,8.043010000000000437e-01
8.414369999999999905e+00,1.656852480863862098e+01,8.165350000000000108e-01
8.422779999999999490e+00,1.481542815080952380e+01,8.657080000000000330e-01
8.431210000000000093e+00,1.684041388458675215e+01,1.170299999999999896e+00
8.439650000000000318e+00,1.907855518138232753e+01,1.199820000000000109e+00
8.448090000000000543e+00,1.992132509060849088e+01,1.456190000000000095e+00
8.456540000000000390e+00,1.861355295952728994e+01,9.502460000000000351e-01
8.464999999999999858e+00,1.721704003055863552e+01,6.779269999999999463e-01
8.473470000000000724e+00,1.759208755431805571e+01,7.418519999999999559e-01
8.481949999999999434e+00,1.753129678964056382e+01,9.650229999999999642e-01
8.490439999999999543e+00,1.717246900360443362e+01,7.092110000000000358e-01
8.498929999999999652e+00,1.711167705415342510e+01,5.247399999999999842e-01
8.507440000000000779e+00,1.759937901537801253e+01,4.278279999999999861e-01
8.515950000000000131e+00,1.753851929729822245e+01,9.448499999999999677e-01
8.524470000000000880e+00,1.873432761334856167e+01,1.126800000000000024e+00
8.532999999999999474e+00,1.869210526790565297e+01,9.007720000000000171e-01
8.541529999999999845e+00,1.774312492064706248e+01,8.015349999999999975e-01
8.550079999999999458e+00,1.865454514743276349e+01,7.622130000000000294e-01
8.558630000000000848e+00,1.936220991745889819e+01,9.279370000000000118e-01
8.567199999999999704e+00,1.854917802895207757e+01,9.789909999999999446e-01
8.575770000000000337e+00,1.865289325672205933e+01,1.100219999999999976e+00
8.584350000000000591e+00,1.886718570862333877e+01,1.207780000000000076e+00
8.592940000000000467e+00,2.029195674374049219e+01,6.712519999999999598e-01
8.601530000000000342e+00,2.083717868680652430e+01,5.986810000000000187e-01
8.610139999999999461e+00,2.062681093821318967e+01,4.704189999999999761e-01
8.618750000000000355e+00,2.057849673257962309e+01,4.148979999999999890e-01
8.627380000000000493e+00,2.093989573326134490e+01,6.761080000000000423e-01
8.636010000000000630e+00,1.904635094037156762e+01,9.588039999999999896e-01
8.644650000000000389e+00,1.964389292726200864e+01,7.390440000000000342e-01
8.653299999999999770e+00,1.949732310868364493e+01,5.032349999999999879e-01
8.661960000000000548e+00,1.882974290805564976e+01,4.958469999999999822e-01
8.670619999999999550e+00,1.774272418190749079e+01,6.167770000000000197e-01
8.679299999999999571e+00,1.761222744895968617e+01,8.636319999999999553e-01
8.687979999999999592e+00,1.674879493142424280e+01,9.581800000000000317e-01
8.696669999999999234e+00,1.643655765869954877e+01,7.098499999999999810e-01
8.705370000000000275e+00,1.667421709337245517e+01,1.199079999999999924e+00
8.714079999999999160e+00,1.414167470682530592e+01,1.495540000000000092e+00
8.722799999999999443e+00,1.317053197926039587e+01,9.099869999999999903e-01
8.731529999999999347e+00,1.291279039972462073e+01,7.522799999999999487e-01
8.740259999999999252e+00,1.255312126276219686e+01,7.164749999999999730e-01
8.749010000000000176e+00,1.249208639659813969e+01,7.251760000000000428e-01
8.757759999999999323e+00,1.363672682190934182e+01,9.023010000000000197e-01
8.766529999999999490e+00,1.034500472588763387e+01,5.883979999999999766e-01
8.775299999999999656e+00,1.037836079982385229e+01,4.703019999999999978e-01
8.784079999999999444e+00,1.049062695715434756e+01,6.331689999999999818e-01
8.792859999999999232e+00,1.080907400684145614e+01,7.070380000000000553e-01
8.801660000000000039e+00,1.137446488635545450e+01,5.168359999999999621e-01
8.810470000000000468e+00,9.185370515686066994e+00,7.451389999999999958e-01
8.819279999999999120e+00,8.119761442767526205e+00,7.350389999999999979e-01
8.828110000000000568e+00,8.058901203897860910e+00,8.203049999999999509e-01
8.836940000000000239e+00,6.732729236779007920e+00,1.035099999999999909e+00
8.845779999999999532e+00,7.111878164292200211e+00,2.052779999999999827e+00
8.854630000000000223e+00,8.634949592302540111e+00,2.036220000000000141e+00
8.863490000000000535e+00,5.706145135851521388e+00,1.255100000000000104e+00
8.872360000000000468e+00,6.056866419182007633e+00,1.106449999999999934e+00
8.881230000000000402e+00,5.900283322431427280e+00,1.046540000000000026e+00
8.890119999999999578e+00,6.186860884712707787e+00,8.246750000000000469e-01
8.899010000000000531e+00,5.270037137989234566e+00,9.525329999999999631e-01
8.907920000000000726e+00,3.379877580775414003e+00,5.757900000000000240e-01
8.916829999999999146e+00,3.169519816354984698e+00,8.135189999999999921e-01
8.925750000000000739e+00,3.740397495181973397e+00,9.533040000000000402e-01
8.934680000000000177e+00,5.342912301706732592e+00,1.292189999999999950e+00
8.943619999999999237e+00,7.509365929761550262e+00,1.672789999999999999e+00
8.952569999999999695e+00,7.134160082585800922e+00,1.467019999999999991e+00
8.961529999999999774e+00,3.262696472851175145e+00,1.019900000000000029e+00
8.970489999999999853e+00,3.183543894727961288e+00,6.648749999999999938e-01
8.979469999999999175e+00,3.950669809278416267e+00,7.403399999999999981e-01
8.988450000000000273e+00,4.875509972060768860e+00,1.158719999999999972e+00
8.997439999999999216e+00,3.776999056698372215e+00,8.233009999999999495e-01
9.006449999999999179e+00,3.504872261763054553e+00,5.136079999999999535e-01
9.015459999999999141e+00,3.678964598267398856e+00,7.884790000000000409e-01
9.024480000000000501e+00,5.251611152629280355e+00,1.142069999999999919e+00
9.033509999999999707e+00,3.541313708824496587e+00,1.528129999999999988e+00
9.042540000000000688e+00,2.319740075084538944e+00,1.486120000000000108e+00
9.051589999999999137e+00,1.131598857388382839e-01,1.594479999999999897e+00
9.060650000000000759e+00,1.214241106399491343e+00,1.332740000000000036e+00
9.069710000000000605e+00,2.066651150265599313e+00,1.555160000000000098e+00
9.078789999999999694e+00,1.721260523907872653e+00,1.211470000000000047e+00
9.087870000000000559e+00,2.494302102461681159e+00,1.016459999999999919e+00
9.096959999999999269e+00,1.662612142252100966e+00,1.471629999999999994e+00
9.106059999999999377e+00,-1.324507500082368949e+00,1.455529999999999990e+00
9.115170000000000883e+00,-1.383654958079098662e+00,1.440229999999999899e+00
9.124290000000000234e+00,1.027871644574346988e+00,1.367599999999999927e+00
9.133419999999999206e+00,1.547574194065894915e+00,1.637019999999999920e+00
9.142559999999999576e+00,1.443554586484637525e+00,1.803299999999999903e+00
9.151709999999999567e+00,-1.098523279149787868e-02,1.168709999999999916e+00
9.160859999999999559e+00,-3.746693168642423188e-01,8.862149999999999750e-01
9.170030000000000570e+00,-1.622190904400447664e+00,6.860270000000000534e-01
9.179199999999999804e+00,-1.311283672992239246e+00,1.404590000000000005e+00
9.188390000000000057e+00,8.243637924647515547e-01,1.128489999999999993e+00
9.197580000000000311e+00,1.557172306898735314e-01,8.717759999999999954e-01
9.206780000000000186e+00,-1.517547717778889194e+00,1.506059999999999954e+00
9.215989999999999682e+00,3.532408377317842962e+00,1.962259999999999893e+00
9.225210000000000576e+00,2.123725197281750354e+00,7.767749999999999932e-01
9.234450000000000713e+00,-2.725183628153260429e-01,8.241309999999999469e-01
9.243679999999999453e+00,-1.570599003698980312e+00,8.748040000000000260e-01
9.252929999999999211e+00,-1.043959400718598829e+00,9.644209999999999727e-01
9.262190000000000367e+00,4.734021763396114579e-01,1.099120000000000097e+00
9.271459999999999368e+00,-1.778973325818995477e+00,1.019160000000000066e+00
9.280730000000000146e+00,-1.832886917643634206e+00,1.169210000000000083e+00
9.290020000000000167e+00,-5.073613496026062819e+00,2.224629999999999885e+00
9.299310000000000187e+00,-1.789663616177250560e-02,2.153929999999999900e+00
9.308619999999999450e+00,-7.001076069741429819e-01,9.972149999999999626e-01
9.317930000000000490e+00,-2.234692757011977449e+00,8.079589999999999828e-01
9.327249999999999375e+00,-1.796365916842418642e+00,9.711119999999999752e-01
9.336589999999999279e+00,-2.369236936610469968e+00,9.783150000000000457e-01
9.345929999999999183e+00,-2.417756971236471486e+00,8.927429999999999533e-01
9.355280000000000484e+00,-2.424136346997428859e+00,1.193899999999999961e+00
9.364639999999999631e+00,7.557683316947887420e-01,1.707109999999999905e+00
9.374010000000000176e+00,1.001700721862356147e+00,1.749079999999999968e+00
9.383380000000000720e+00,1.797515685198334268e-01,1.206539999999999946e+00
9.392770000000000508e+00,-9.125298592017188071e-01,6.761380000000000168e-01
9.402169999999999916e+00,-3.303751073593872434e+00,1.241999999999999993e+00
9.411580000000000723e+00,-2.450067365134088959e+00,1.342959999999999932e+00
9.420989999999999753e+00,-8.324922452495897573e-01,1.039379999999999971e+00
9.430419999999999803e+00,-8.752649430083181414e-01,1.052519999999999900e+00
9.439849999999999852e+00,-1.348158453501234533e+00,1.074799999999999978e+00
9.449299999999999145e+00,8.472942869814943379e-01,1.226709999999999967e+00
9.458750000000000213e+00,2.556148764454206912e-01,7.696899999999999853e-01
9.468220000000000525e+00,5.028770365089627603e-01,8.540999999999999703e-01
9.477690000000000836e+00,3.066965975941187139e-01,2.395739999999999981e+00
9.487170000000000769e+00,-7.832152126593783237e-01,2.038990000000000080e+00
9.496660000000000323e+00,9.488585688472994661e-03,9.945540000000000491e-01
9.506169999999999121e+00,1.695418786434338188e+00,8.538850000000000051e-01
9.515679999999999694e+00,3.084150651038015667e+00,1.398640000000000105e+00
9.525199999999999889e+00,2.925994412693462721e+00,1.504459999999999908e+00
9.534729999999999706e+00,2.346186475106087244e+00,1.351010000000000044e+00
9.544269999999999143e+00,-5.122378129009419467e-01,1.393510000000000026e+00
9.553810000000000358e+00,-2.640123434598045549e+00,1.381250000000000089e+00
9.563370000000000815e+00,-2.206579329960405289e+00,1.788580000000000059e+00
9.572939999999999117e+00,1.985548290947072303e+00,1.216590000000000060e+00
9.582520000000000593e+00,1.825590530135393408e+00,1.227980000000000071e+00
9.592109999999999914e+00,1.438977420798579487e+00,2.104239999999999888e+00
9.601699999999999235e+00,-6.833431687360729256e-01,2.236779999999999990e+00
9.611309999999999576e+00,-9.729809922292673718e-01,8.342119999999999536e-01
9.620929999999999538e+00,8.790967459896137370e-02,9.545179999999999776e-01
9.630549999999999500e+00,4.124745270130389940e-01,1.704460000000000086e+00
9.640190000000000481e+00,-1.265401002362573024e+00,2.149809999999999999e+00
9.649829999999999686e+00,1.679747655147188823e+00,1.477959999999999940e+00
9.659489999999999910e+00,1.565400903156103141e+00,1.241470000000000073e+00
9.669150000000000134e+00,-1.069975283389268839e+00,1.318300000000000027e+00
9.678829999999999600e+00,-7.647069965007915471e-01,1.124209999999999932e+00
9.688510000000000844e+00,-7.900254063693310513e-01,1.136570000000000080e+00
9.698199999999999932e+00,1.868364220033946310e+00,1.226650000000000018e+00
9.707910000000000039e+00,3.098248636010417556e+00,1.062640000000000029e+00
9.717620000000000147e+00,1.756036876946467373e-01,1.034599999999999964e+00
9.727339999999999876e+00,9.866159149428455066e-01,1.062589999999999923e+00
9.737069999999999226e+00,3.862995451452562179e-01,1.028410000000000046e+00
9.746809999999999974e+00,-5.060323059317610728e-01,1.068330000000000002e+00
9.756569999999999965e+00,-6.259112059529670091e-01,2.101240000000000219e+00
9.766329999999999956e+00,1.240957749704740820e+00,1.682719999999999994e+00
9.776099999999999568e+00,1.743243684417265627e+00,9.032850000000000046e-01
9.785880000000000578e+00,-1.459544761539831370e+00,1.151720000000000077e+00
9.795669999999999433e+00,-5.691000737426534783e-01,1.001440000000000108e+00
9.805469999999999686e+00,-6.270158664730658415e-01,8.702109999999999568e-01
9.815279999999999561e+00,2.594813114424205480e+00,1.372239999999999904e+00
9.825100000000000833e+00,-2.148090113184579764e-01,1.544450000000000101e+00
9.834929999999999950e+00,5.832073874552889947e-02,1.289360000000000062e+00
9.844770000000000465e+00,5.059042069110120110e-01,1.235409999999999897e+00
9.854620000000000601e+00,-3.795280440125026189e-02,1.009220000000000006e+00
9.864480000000000359e+00,2.039391063798952075e+00,1.812100000000000044e+00
9.874349999999999739e+00,3.162125332472044192e+00,1.649580000000000046e+00
9.884230000000000516e+00,2.235747588489928717e+00,1.337560000000000082e+00
9.894119999999999138e+00,2.137456083192255107e+00,1.897199999999999998e+00
9.904019999999999158e+00,2.177449734104456525e+00,2.147170000000000023e+00
9.913930000000000575e+00,3.652728126657905250e+00,1.340019999999999989e+00
9.923849999999999838e+00,3.368391515911703493e+00,9.231439999999999646e-01
9.933770000000000877e+00,5.785589681408609408e-01,9.110209999999999697e-01
9.943709999999999383e+00,1.249399667725903385e+00,1.021819999999999951e+00
9.953659999999999286e+00,1.238830053357609984e+00,9.495959999999999956e-01
9.963620000000000587e+00,2.376653075511754309e+00,1.134460000000000024e+00
9.973589999999999733e+00,4.098723629262437385e-01,1.694220000000000059e+00
9.983570000000000277e+00,-1.411007775666888620e+00,1.320219999999999949e+00
9.993560000000000443e+00,-2.752982349807254536e+00,8.822879999999999612e-01
1.000360000000000049e+01,-2.119317114242299738e+00,9.176220000000000487e-01
1.001360000000000028e+01,-3.368292346716401653e-01,1.093020000000000103e+00
1.002360000000000007e+01,1.263638579356147318e+00,9.326849999999999863e-01
1.003359999999999985e+01,1.777302270120792116e+00,8.762140000000000484e-01
1.004359999999999964e+01,-1.572422220097976719e+00,9.316940000000000222e-01
1.005369999999999919e+01,-1.871190018824449908e+00,8.133049999999999446e-01
1.006380000000000052e+01,-2.397964312805925147e+00,8.901719999999999633e-01
1.007380000000000031e+01,-1.976505316768403020e+00,1.283630000000000049e+00
1.008389999999999986e+01,-1.466311378998753412e+00,1.902360000000000051e+00
1.009399999999999942e+01,-9.899667528710835995e-01,1.250250000000000083e+00
1.010410000000000075e+01,-1.159151982938695369e+00,1.030739999999999990e+00
1.011420000000000030e+01,-1.008947613754791917e+00,1.318459999999999965e+00
1.012429999999999986e+01,8.786581012726912832e-02,1.464220000000000077e+00
1.013439999999999941e+01,5.287077441542820111e-01,1.885340000000000016e+00
1.014460000000000051e+01,3.504421597711484537e-01,1.720280000000000031e+00
1.015470000000000006e+01,1.675684903597719710e+00,1.291139999999999954e+00
1.016489999999999938e+01,1.390932124999295638e+00,1.779269999999999907e+00
1.017510000000000048e+01,-1.757637653147618551e+00,1.253300000000000081e+00
1.018520000000000003e+01,-1.048294387511255366e+00,8.898220000000000018e-01
1.019539999999999935e+01,-3.107191461161704638e-01,4.439710000000000045e-01
1.020560000000000045e+01,-1.221792993908763947e+00,5.326560000000000183e-01
1.021589999999999954e+01,-2.343025983724693617e+00,1.355580000000000007e+00
1.022610000000000063e+01,-2.001235176492542678e+00,1.476020000000000110e+00
1.023629999999999995e+01,-2.202623135560259016e+00,1.333350000000000035e+00
1.024649999999999928e+01,-7.666682205312014275e-02,1.779199999999999893e+00
1.025680000000000014e+01,-1.452794204273672563e+00,1.515549999999999953e+00
1.026709999999999923e+01,-3.675934137066974472e+00,1.784149999999999903e+00
1.027730000000000032e+01,-2.687607240922027074e+00,1.975659999999999972e+00
1.028759999999999941e+01,-1.317493200592771530e+00,8.191319999999999713e-01
1.029790000000000028e+01,-1.508112861089585977e+00,8.822879999999999612e-01
1.030819999999999936e+01,7.620604708471105937e-01,1.498709999999999987e+00
1.031850000000000023e+01,-1.866746511523288632e+00,1.061439999999999939e+00
1.032879999999999932e+01,-2.922307114941240513e+00,6.097230000000000150e-01
1.033919999999999995e+01,-1.645622848862529963e+00,9.751870000000000260e-01
1.034950000000000081e+01,9.097771102915430674e-03,1.424800000000000066e+00
1.035989999999999966e+01,-1.847735845340537253e+00,9.832769999999999566e-01
1.037020000000000053e+01,-2.033411120511495085e+00,6.661730000000000151e-01
1.038059999999999938e+01,-2.001009603290434313e+00,8.513490000000000224e-01
1.039100000000000001e+01,-4.059562668842175981e-02,1.843439999999999968e+00
1.040140000000000065e+01,-1.414278036940430638e-02,1.381189999999999918e+00
1.041179999999999950e+01,-2.330246539973970243e-01,1.134560000000000013e+00
1.042220000000000013e+01,-1.953414837236422841e+00,1.570840000000000014e+00
1.043270000000000053e+01,-3.396334392661643165e+00,9.542500000000000426e-01
1.044309999999999938e+01,-3.904126297907922094e+00,6.400949999999999696e-01
1.045350000000000001e+01,-2.725944143196372238e+00,2.071849999999999969e+00
1.046400000000000041e+01,-2.496492158263308170e+00,1.983540000000000081e+00
1.047450000000000081e+01,-1.775322619560071757e+00,1.136779999999999902e+00
1.048489999999999966e+01,-1.927263291522535837e+00,6.800800000000000178e-01
1.049540000000000006e+01,-4.755502854234279653e+00,1.814480000000000093e+00
1.050590000000000046e+01,-2.725720311850842847e+00,1.500559999999999894e+00
1.051640000000000086e+01,-1.149379747527881079e+00,1.213060000000000027e+00
1.052699999999999925e+01,-6.564545299391539857e-01,1.589560000000000084e+00
1.053749999999999964e+01,-1.038425414883604958e+00,1.334160000000000013e+00
1.054800000000000004e+01,-1.845327328147462254e+00,8.940569999999999906e-01
1.055860000000000021e+01,-1.480129078775206608e+00,9.846409999999999885e-01
1.056920000000000037e+01,-8.613405314046858052e-01,1.090470000000000050e+00
1.057970000000000077e+01,-4.037164830849334862e+00,1.049860000000000015e+00
1.059029999999999916e+01,-4.460040498075201754e+00,9.386050000000000226e-01
1.060089999999999932e+01,-2.482092309244528394e+00,7.651520000000000543e-01
1.061149999999999949e+01,-1.172274658192748120e+00,1.101369999999999960e+00
1.062209999999999965e+01,-1.230741938755237186e+00,1.011519999999999975e+00
1.063279999999999959e+01,-1.362359044000619690e+00,1.148230000000000084e+00
1.064339999999999975e+01,-1.553761438033589570e+00,1.472590000000000066e+00
1.065409999999999968e+01,-9.431566306218996942e-03,1.091730000000000089e+00
1.066469999999999985e+01,3.168639136732096517e-01,1.398519999999999985e+00
1.067539999999999978e+01,8.118312425541063249e-02,1.862729999999999997e+00
1.068609999999999971e+01,-2.440937634102439802e+00,1.086200000000000054e+00
1.069679999999999964e+01,-2.432473357803552005e+00,1.268939999999999957e+00
1.070749999999999957e+01,-1.441599043251073908e+00,1.212280000000000024e+00
1.071819999999999951e+01,-1.875896868482200830e-01,1.173789999999999889e+00
1.072889999999999944e+01,7.905797150018898378e-01,1.546410000000000062e+00
1.073959999999999937e+01,1.435634165896054526e+00,2.125249999999999861e+00
1.075040000000000084e+01,1.954610380570251493e+00,2.677690000000000126e+00
1.076110000000000078e+01,3.534224917633110863e-01,1.059669999999999890e+00
1.077190000000000047e+01,1.772413241704065001e+00,1.686669999999999892e+00
1.078270000000000017e+01,1.807568330226622777e+00,2.335469999999999935e+00
1.079349999999999987e+01,-8.243148316957373822e-01,1.675689999999999902e+00
1.080429999999999957e+01,-3.338388330896790990e-01,1.335730000000000084e+00
1.081509999999999927e+01,5.859937370180787752e-01,6.601339999999999986e-01
1.082590000000000074e+01,1.496280289600825597e+00,6.928379999999999539e-01
1.083670000000000044e+01,1.515718235631844379e+00,9.125490000000000546e-01
1.084759999999999991e+01,1.443696132590211789e+00,1.141920000000000046e+00
1.085839999999999961e+01,4.810581750975799764e-01,1.950970000000000093e+00
1.086930000000000085e+01,6.386937913058616800e-01,1.510520000000000085e+00
1.088020000000000032e+01,4.410581137323973167e+00,9.828980000000000494e-01
1.089100000000000001e+01,4.045140638222427754e+00,1.419419999999999904e+00
1.090189999999999948e+01,-6.650178745019275084e-03,1.825660000000000061e+00
1.091280000000000072e+01,1.434564998683690362e+00,1.731649999999999912e+00
1.092379999999999995e+01,3.954213855105152220e+00,1.971619999999999928e+00
1.093469999999999942e+01,6.077575734046057221e+00,1.874900000000000011e+00
1.094560000000000066e+01,4.847105121907063108e+00,1.016469999999999985e+00
1.095659999999999989e+01,4.359732323740352911e+00,1.382360000000000033e+00
1.096749999999999936e+01,3.796773440428665936e+00,2.802779999999999827e+00
1.097850000000000037e+01,8.035865940150188180e+00,1.767770000000000064e+00
1.098949999999999960e+01,9.024937339583985363e+00,1.256469999999999976e+00
1.100050000000000061e+01,3.675619685186632069e+00,1.868859999999999966e+00
1.101149999999999984e+01,4.654545023414726757e+00,1.854899999999999993e+00
1.102250000000000085e+01,1.025864540072475961e+01,1.550519999999999898e+00
1.103350000000000009e+01,1.228535286357342216e+01,1.431289999999999951e+00
1.104460000000000086e+01,1.012435082800422492e+01,1.409119999999999928e+00
1.105560000000000009e+01,9.938283949085516156e+00,1.061760000000000037e+00
1.106670000000000087e+01,1.185450583854782280e+01,1.045420000000000016e+00
1.107779999999999987e+01,1.164830355950697083e+01,9.183099999999999596e-01
1.108890000000000065e+01,1.350071554466575208e+01,1.102009999999999934e+00
1.109989999999999988e+01,1.329303375475311100e+01,1.203330000000000011e+00
1.111110000000000042e+01,1.187093603839343814e+01,1.789789999999999992e+00
1.112219999999999942e+01,1.333152141236800503e+01,1.448029999999999928e+00
1.113330000000000020e+01,1.337787478135342667e+01,1.297139999999999960e+00
1.114439999999999920e+01,1.449103457805260575e+01,1.804829999999999934e+00
1.115559999999999974e+01,1.381343314562253966e+01,1.702970000000000095e+00
1.116670000000000051e+01,1.846615716417724684e+01,1.585110000000000019e+00
1.117789999999999928e+01,2.359557270488636505e+01,1.733479999999999910e+00
1.118909999999999982e+01,2.692523079235492389e+01,2.250199999999999978e+00
1.120030000000000037e+01,2.849037636164246123e+01,1.904539999999999900e+00
1.121149999999999913e+01,2.865435434780847856e+01,2.321219999999999839e+00
1.122269999999999968e+01,2.989440968591232206e+01,2.651800000000000157e+00
1.123399999999999999e+01,3.121407566164334924e+01,2.187990000000000101e+00
1.124520000000000053e+01,2.899917131936422265e+01,2.179190000000000182e+00
1.125639999999999930e+01,2.758678132112156334e+01,1.322170000000000067e+00
1.126769999999999960e+01,2.978209755476480325e+01,1.355720000000000036e+00
1.127899999999999991e+01,3.086193241367375606e+01,1.787060000000000093e+00
1.129030000000000022e+01,2.602743745242095486e+01,2.821769999999999889e+00
1.130160000000000053e+01,2.568206422557892665e+01,1.423559999999999937e+00
1.131290000000000084e+01,2.567906428772020888e+01,1.571609999999999951e+00
1.132419999999999938e+01,2.309568919341739957e+01,2.176499999999999879e+00
1.133549999999999969e+01,2.434909049724292629e+01,1.773740000000000094e+00
1.134689999999999976e+01,2.220581234525361936e+01,1.353429999999999911e+00
1.135820000000000007e+01,2.055919373204142175e+01,1.491700000000000026e+00
1.136960000000000015e+01,2.217504825779195698e+01,3.030209999999999848e+00
1.138090000000000046e+01,1.880182487011923342e+01,2.809460000000000068e+00
1.139230000000000054e+01,1.679043619974937940e+01,1.839250000000000052e+00
1.140370000000000061e+01,1.489940068800044060e+01,2.430260000000000087e+00
1.141510000000000069e+01,1.621397662716051968e+01,2.544099999999999806e+00
1.142660000000000053e+01,9.714469328804653969e+00,2.104049999999999976e+00
1.143800000000000061e+01,8.248831277475915158e+00,2.730809999999999960e+00
1.144940000000000069e+01,7.298081819642263213e+00,2.749680000000000124e+00
1.146090000000000053e+01,9.162397703066559984e+00,2.773149999999999782e+00
1.147240000000000038e+01,1.144120882688513063e+01,1.877839999999999954e+00
1.148380000000000045e+01,9.604269550321987481e+00,1.041860000000000008e+00
1.149530000000000030e+01,9.961466976940400286e+00,1.145599999999999952e+00
1.150680000000000014e+01,9.529052786063928693e+00,2.681010000000000115e+00
1.151829999999999998e+01,6.379392126944736674e+00,2.448960000000000026e+00
1.152989999999999959e+01,2.797673275718139507e+00,1.972820000000000018e+00
1.154139999999999944e+01,5.910323976197915385e+00,2.790010000000000101e+00
1.155289999999999928e+01,8.222925961837162845e+00,2.025939999999999852e+00
1.156450000000000067e+01,7.378101097843810408e+00,1.511879999999999891e+00
1.157610000000000028e+01,1.787189535517583749e+00,2.837130000000000152e+00
1.158769999999999989e+01,4.691363401369372355e+00,2.265690000000000204e+00
1.159929999999999950e+01,5.900194821909892084e+00,1.605490000000000084e+00
1.161090000000000089e+01,3.593255923649920192e+00,1.321169999999999956e+00
1.162250000000000050e+01,3.215918833100332108e+00,2.545479999999999965e+00
1.163410000000000011e+01,5.294655676771924391e+00,2.815220000000000056e+00
1.164569999999999972e+01,2.705538581175446211e+00,2.446660000000000057e+00
1.165740000000000087e+01,-9.346101748846251667e-01,1.364290000000000003e+00
1.166910000000000025e+01,-1.683398867162978263e+00,1.406430000000000069e+00
1.168069999999999986e+01,1.444529131077700868e+00,2.737330000000000041e+00
1.169239999999999924e+01,7.524358438844231500e+00,2.184649999999999981e+00
1.170410000000000039e+01,6.286783099183082868e+00,2.444350000000000023e+00
1.171579999999999977e+01,4.136282337204377768e+00,2.786430000000000184e+00
1.172749999999999915e+01,3.882835378018114625e+00,1.780980000000000008e+00
1.173930000000000007e+01,7.176692474399715138e-02,1.777290000000000036e+00
1.175099999999999945e+01,-1.773783017981727994e+00,1.144700000000000051e+00
1.176280000000000037e+01,-1.544387287537205111e+00,3.033380000000000187e+00
1.177459999999999951e+01,-7.188049158362304070e-01,3.714799999999999880e+00
1.178630000000000067e+01,2.333982262274773234e+00,4.252769999999999939e+00
1.179809999999999981e+01,4.873537729538668373e-02,3.165309999999999846e+00
1.180990000000000073e+01,2.507482667888893957e-02,3.053990000000000204e+00
1.182169999999999987e+01,1.835156144677540624e+00,2.130430000000000046e+00
1.183360000000000056e+01,-3.817047038146625937e-01,1.627170000000000005e+00
1.184539999999999971e+01,-2.755068370798554156e+00,1.690919999999999979e+00
1.185730000000000040e+01,-3.273658298361766583e+00,4.518629999999999924e+00
1.186909999999999954e+01,-8.885649852071253463e-02,4.349809999999999732e+00
1.188100000000000023e+01,-5.178075134264375379e+00,3.827319999999999833e+00
1.189289999999999914e+01,-7.427135262657102999e+00,3.295609999999999928e+00
1.190479999999999983e+01,-7.503932717884254089e-02,2.561519999999999797e+00
1.191670000000000051e+01,1.798510228690616941e+00,2.496879999999999988e+00
1.192859999999999943e+01,-4.804389038528512401e+00,2.450750000000000206e+00
1.194059999999999988e+01,-2.049920748651445024e+00,2.449250000000000149e+00
1.195250000000000057e+01,1.052207728499553241e+00,2.575959999999999805e+00
1.196449999999999925e+01,3.682359477517522350e+00,2.691969999999999974e+00
1.197639999999999993e+01,1.344695737594463480e+00,3.415080000000000116e+00
1.198840000000000039e+01,3.702000732532255256e+00,3.579120000000000079e+00
1.200040000000000084e+01,3.479582363036627157e+00,2.760839999999999961e+00
1.201239999999999952e+01,2.598230496750304042e+00,2.680340000000000167e+00
1.202439999999999998e+01,-1.428664998684112675e+00,3.123909999999999965e+00
1.203650000000000020e+01,-3.785404028137492105e+00,2.596750000000000114e+00
1.204850000000000065e+01,-2.381004847708865668e+00,2.222300000000000164e+00
1.206060000000000088e+01,5.728500979409005822e-01,3.221159999999999801e+00
1.207259999999999955e+01,2.268393065521067342e+00,3.618529999999999802e+00
1.208469999999999978e+01,4.126580673489883111e+00,3.953930000000000167e+00
1.209680000000000000e+01,5.280962595513202018e+00,4.760449999999999626e+00
1.210890000000000022e+01,-2.865179118865626151e+00,3.352640000000000065e+00
1.212100000000000044e+01,-6.586962420103247950e+00,2.294389999999999930e+00
1.213310000000000066e+01,3.629394741343716646e+00,3.281820000000000181e+00
1.214530000000000065e+01,8.340193570336396078e-02,2.980030000000000179e+00
1.215740000000000087e+01,-2.944999535899711418e+00,2.795700000000000074e+00
1.216960000000000086e+01,-1.764291889653065937e+00,2.770350000000000090e+00
1.218180000000000085e+01,-1.983049968250838901e+00,2.737999999999999989e+00
1.219400000000000084e+01,-5.413314135086039869e+00,4.074900000000000411e+00
1.220620000000000083e+01,-8.317724753551530625e+00,4.623170000000000002e+00
1.221840000000000082e+01,-4.689322187040332324e+00,3.545809999999999906e+00
1.223060000000000080e+01,-4.589746798945412820e+00,4.589739999999999931e+00
1.224280000000000079e+01,-2.287538952659673441e+00,4.044539999999999580e+00
1.225360000000000049e+01,1.372442741991150683e+00,1.648879999999999901e+00
1.225510000000000055e+01,-6.807901117718714090e+00,2.615800000000000125e+00
1.226590000000000025e+01,2.692268995402855580e-01,1.569390000000000063e+00
1.226730000000000054e+01,-7.689733600774346201e+00,3.428310000000000191e+00
1.227820000000000000e+01,-1.355281773190128547e+00,1.818519999999999914e+00
1.227960000000000029e+01,-8.993379071151011317e+00,3.355220000000000091e+00
1.229039999999999999e+01,-3.704106725042294102e+00,1.622179999999999955e+00
1.229190000000000005e+01,-1.008520686989010073e+01,5.061230000000000118e+00
1.230269999999999975e+01,-1.913820010075070854e+00,2.410950000000000149e+00
1.230419999999999980e+01,-5.034748444175406235e+00,6.387990000000000279e+00
1.231499999999999950e+01,-2.853023463303415497e+00,2.607559999999999878e+00
1.231649999999999956e+01,-4.309135241190901411e+00,2.251710000000000100e+00
1.232740000000000080e+01,-5.549973710584652054e+00,1.994399999999999951e+00
1.232879999999999932e+01,-1.148959870812041117e+01,2.577199999999999935e+00
1.233970000000000056e+01,-9.304218242470895461e+00,3.037440000000000140e+00
1.234120000000000061e+01,-8.726857569076614141e+00,4.060039999999999871e+00
1.235200000000000031e+01,-1.603334428774000742e+01,4.138969999999999594e+00
1.235350000000000037e+01,-8.806431756326446703e+00,5.541680000000000383e+00
1.236439999999999984e+01,-1.070629835113628303e+01,3.590710000000000068e+00
1.236589999999999989e+01,-9.861483979986658710e+00,5.777370000000000339e+00
1.237679999999999936e+01,-3.341311238081672741e+00,3.002990000000000048e+00
1.237819999999999965e+01,-2.609982666474266466e+00,5.347159999999999691e+00
1.238920000000000066e+01,-3.521005333386909797e+00,2.241400000000000059e+00
1.239059999999999917e+01,-1.722729948657743648e+00,4.838470000000000049e+00
1.240160000000000018e+01,-5.637003021862682317e+00,1.379550000000000054e+00
1.240300000000000047e+01,1.686180996121322551e-02,4.666330000000000311e+00
1.241399999999999970e+01,-5.740826688319700111e+00,1.477559999999999985e+00
1.241539999999999999e+01,-3.078729775428044491e+00,4.139619999999999855e+00
1.242639999999999922e+01,-1.578498717568621146e+00,3.081920000000000215e+00
1.242789999999999928e+01,-8.297889958887267881e+00,3.592769999999999797e+00
1.243880000000000052e+01,-1.077984149442021078e+01,2.062609999999999832e+00
1.244030000000000058e+01,-1.344756820462194469e+00,2.420900000000000052e+00
1.245129999999999981e+01,-2.703827203770615029e+00,1.803199999999999914e+00
1.245270000000000010e+01,6.266288648063351729e-01,2.970209999999999795e+00
1.246369999999999933e+01,-2.345314317251393277e+00,1.720169999999999977e+00
1.246519999999999939e+01,-3.282032788698671766e+00,5.726939999999999920e+00
1.247620000000000040e+01,-4.905053860678080468e+00,1.719410000000000105e+00
1.247770000000000046e+01,-2.359050653074348247e+00,8.179919999999999192e+00
1.248869999999999969e+01,-8.329809209050225149e+00,1.691149999999999931e+00
1.249019999999999975e+01,-3.484379034056672708e-01,5.176540000000000141e+00
1.250120000000000076e+01,-5.880393537452917485e+00,2.579309999999999992e+00
1.250259999999999927e+01,-2.635144353472270495e+00,5.555909999999999904e+00
1.251370000000000005e+01,-1.926520020971224767e+00,2.064249999999999918e+00
1.251520000000000010e+01,-3.964732622756059754e-01,6.783489999999999576e+00
1.252619999999999933e+01,-4.010401834690185296e+00,1.626819999999999933e+00
1.252769999999999939e+01,-5.566477209843725404e-01,5.176910000000000345e+00
1.253870000000000040e+01,-4.535452153694890853e+00,1.194129999999999914e+00
1.254020000000000046e+01,-6.473344265989098290e+00,2.370509999999999895e+00
1.255129999999999946e+01,-5.579128552056133117e+00,1.257980000000000098e+00
1.255279999999999951e+01,-5.404209882655280239e+00,5.656469999999999665e+00
1.256380000000000052e+01,-6.265965806053159781e+00,1.523670000000000080e+00
1.256530000000000058e+01,5.645899846679228062e+00,5.944679999999999964e+00
1.257639999999999958e+01,-3.877369344668494477e+00,1.363939999999999930e+00
1.257789999999999964e+01,5.501901044765105553e+00,6.384640000000000093e+00
1.258900000000000041e+01,-3.186498585735080269e+00,1.238029999999999964e+00
1.259050000000000047e+01,8.492370506415625186e-02,5.047340000000000160e+00
1.260159999999999947e+01,-4.212457346071630582e+00,1.428919999999999968e+00
1.260309999999999953e+01,5.936401075773289904e-02,1.143479999999999919e+01
1.261420000000000030e+01,-9.477649442496797860e+00,1.510010000000000074e+00
1.261570000000000036e+01,-1.669938185497288430e+01,5.133769999999999811e+01
1.262679999999999936e+01,-9.478778691829234049e+00,2.658310000000000173e+00
1.262829999999999941e+01,-9.349164770894630294e+01,7.883280000000000598e+01
1.263940000000000019e+01,-2.124891088764968572e-02,1.461379999999999901e+00
1.265210000000000079e+01,5.401534899135640444e-03,1.034100000000000019e+00
1.266469999999999985e+01,-9.102308870370308114e-01,9.016499999999999515e-01
1.267740000000000045e+01,-4.474988272188042515e+00,7.690350000000000241e-01
1.269009999999999927e+01,-2.050334292066523290e+00,1.791539999999999910e+00
1.270279999999999987e+01,2.071933551295117582e+00,1.171659999999999924e+00
1.271550000000000047e+01,-4.079382244135544511e+00,1.057500000000000107e+00
1.272819999999999929e+01,-5.182679180390863394e+00,1.178029999999999911e+00
1.274099999999999966e+01,-1.403729247006651804e+00,1.622239999999999904e+00
1.275370000000000026e+01,-2.650208747717016422e+00,1.388160000000000061e+00
1.276650000000000063e+01,1.034697583095706364e+00,1.243130000000000068e+00
1.277919999999999945e+01,3.794923497987582550e+00,1.441670000000000007e+00
1.279199999999999982e+01,1.556575206439678993e+01,4.970679999999999765e+00
1.280480000000000018e+01,6.234240420320180931e+01,5.877460000000000129e+00
1.281760000000000055e+01,5.799116580586823488e+01,2.637270000000000003e+00
1.283050000000000068e+01,2.224964022384844498e+01,3.992389999999999883e+00
1.284329999999999927e+01,3.727512189595259429e+00,2.543839999999999879e+00
1.285609999999999964e+01,-2.371854285373032667e+00,8.631450000000000511e-01
1.286899999999999977e+01,-3.077171149016038498e+00,1.088519999999999932e+00
1.288189999999999991e+01,-2.241120598832949895e+00,7.857520000000000060e-01
1.289480000000000004e+01,-2.705233611374822544e+00,9.304000000000000048e-01
1.290770000000000017e+01,-3.053041163192574459e+00,1.093569999999999931e+00
1.292060000000000031e+01,-3.395742308372007301e-01,1.261810000000000098e+00
1.293350000000000044e+01,2.655636209140297410e+00,1.405429999999999957e+00
1.294650000000000034e+01,2.840978781136101361e+00,1.821159999999999890e+00
1.295940000000000047e+01,-1.157333644977171616e+00,1.191810000000000036e+00
1.297240000000000038e+01,-7.010213259762423377e-01,7.981000000000000316e-01
1.298540000000000028e+01,1.297748029066909226e+00,8.375129999999999519e-01
1.299830000000000041e+01,-1.424490626298663187e+00,1.647980000000000000e+00
1.301130000000000031e+01,-1.279011443876939325e+00,1.250399999999999956e+00
1.302439999999999998e+01,4.796172292010680849e-01,7.766619999999999635e-01
1.303739999999999988e+01,1.408233647164379931e+00,6.869119999999999671e-01
1.305039999999999978e+01,1.189066560545526841e+00,7.849739999999999496e-01
1.306349999999999945e+01,-2.319473653252416057e+00,8.831050000000000288e-01
1.307659999999999911e+01,-3.298319348151039776e-01,9.005170000000000119e-01
1.308970000000000056e+01,2.181126210558232970e+00,7.933519999999999461e-01
1.310270000000000046e+01,1.352302671519623800e+00,9.335539999999999949e-01
1.311589999999999989e+01,-1.825070239084567447e+00,8.829860000000000486e-01
1.312899999999999956e+01,8.112441553007414541e-01,6.012319999999999887e-01
1.314209999999999923e+01,9.284129554247613214e-01,8.939559999999999729e-01
1.315530000000000044e+01,-1.535805405964083548e-01,1.000140000000000029e+00
1.316840000000000011e+01,-5.913098439713593280e-01,1.179370000000000029e+00
1.318159999999999954e+01,1.082334150826824271e+00,1.331260000000000110e+00
1.319480000000000075e+01,-3.780529734569881839e-03,1.065909999999999913e+00
1.320800000000000018e+01,-1.337937055772883355e+00,7.753949999999999454e-01
1.322119999999999962e+01,-1.204518597405410674e+00,7.077649999999999775e-01
1.323440000000000083e+01,-5.005083247495036858e-01,1.337890000000000024e+00
1.324770000000000003e+01,-9.662440498072868422e-01,1.805709999999999926e+00
1.326089999999999947e+01,-2.211352454968590564e+00,1.033709999999999907e+00
1.327420000000000044e+01,-1.235491881514079182e+00,9.836420000000000163e-01
1.328749999999999964e+01,7.708912078190905959e-01,7.894959999999999756e-01
1.330080000000000062e+01,2.058295708408763858e+00,1.095229999999999926e+00
1.331409999999999982e+01,-1.257079484366968813e+00,1.635019999999999918e+00
1.332740000000000080e+01,2.906645248697827810e-01,1.352409999999999890e+00
1.334070000000000000e+01,6.304266314970448093e-01,1.094430000000000014e+00
1.335410000000000075e+01,1.246250625547062896e+00,1.045630000000000059e+00
1.336739999999999995e+01,-4.516565498870050988e-01,8.902989999999999515e-01
1.338080000000000069e+01,3.067799209406985028e-02,1.005849999999999911e+00
1.339419999999999966e+01,7.286900459795475626e-01,9.824669999999999792e-01
1.340760000000000041e+01,1.958660300912839602e+00,7.282739999999999769e-01
1.342099999999999937e+01,6.745694460375517565e-01,5.099500000000000144e-01
1.343440000000000012e+01,-8.209018295029011369e-01,6.888119999999999798e-01
1.344790000000000063e+01,1.384417717935846781e+00,1.267519999999999980e+00
1.346129999999999960e+01,7.266811628618370378e-01,9.999390000000000223e-01
1.347480000000000011e+01,-1.091910338941701752e+00,7.004120000000000346e-01
1.348830000000000062e+01,-1.869085132839330754e+00,7.442159999999999886e-01
1.350179999999999936e+01,-7.958100969474912745e-02,1.463859999999999939e+00
1.351529999999999987e+01,-2.620535760372007417e+00,1.322650000000000103e+00
1.352880000000000038e+01,-4.706287175734686912e+00,9.835730000000000306e-01
1.354240000000000066e+01,-2.451751392658664486e+00,1.034229999999999983e+00
1.355589999999999939e+01,-1.641901319204222887e+00,1.096370000000000067e+00
1.356949999999999967e+01,-5.648037889870337835e+00,1.081150000000000055e+00
1.358300000000000018e+01,-6.523862360456419651e+00,6.731310000000000349e-01
1.359660000000000046e+01,-7.124172325372938985e+00,5.897010000000000307e-01
1.361020000000000074e+01,-6.678453930321680332e+00,5.617299999999999516e-01
1.362390000000000079e+01,-7.531398087360230420e+00,8.576840000000000019e-01
1.363749999999999929e+01,-8.402524348874024440e+00,7.393990000000000284e-01
1.365109999999999957e+01,-9.280698188618572431e+00,7.607749999999999790e-01
1.366479999999999961e+01,-1.052412717756656946e+01,8.022540000000000227e-01
1.367849999999999966e+01,-1.255212079427670346e+01,8.115360000000000351e-01
1.369209999999999994e+01,-1.434869064574367314e+01,5.313719999999999555e-01
1.370579999999999998e+01,-1.279887419789510261e+01,8.817380000000000217e-01
1.371959999999999980e+01,-1.435024521467258296e+01,6.362799999999999567e-01
1.373329999999999984e+01,-1.652685314612394052e+01,5.671169999999999822e-01
1.374699999999999989e+01,-1.872820360718361599e+01,7.304079999999999462e-01
1.376079999999999970e+01,-1.797773325060163074e+01,1.028980000000000006e+00
1.377449999999999974e+01,-1.960339357531498194e+01,7.447549999999999448e-01
1.378829999999999956e+01,-2.135259612769594639e+01,6.893850000000000255e-01
1.380209999999999937e+01,-2.327347472931737116e+01,9.197800000000000420e-01
1.381589999999999918e+01,-2.592952427413293037e+01,1.404490000000000016e+00
1.382970000000000077e+01,-2.610783965609641655e+01,7.489400000000000501e-01
1.384360000000000035e+01,-2.722538006700072799e+01,5.285090000000000066e-01
1.385740000000000016e+01,-2.973335170594893384e+01,7.802850000000000064e-01
1.387129999999999974e+01,-3.257563419122467963e+01,8.463589999999999725e-01
1.388519999999999932e+01,-3.161887771447116791e+01,9.687780000000000280e-01
1.389910000000000068e+01,-3.455799676517153785e+01,6.500359999999999472e-01
