# col1: wavelength, col2: cont_sub flux, col3: Flux error

5.126520156860351562e+00,-2.122820764591960147e-04,3.508149238768965006e-04

5.156760215759277344e+00,-1.844135382988061622e-04,2.457349728501867503e-05
5.186999797821044922e+00,-1.424918093088350241e-04,3.935592831112444401e-04
5.217249870300292969e+00,-8.914772307787657835e-05,7.658703834749758244e-04
5.247489929199218750e+00,5.397711215632261528e-06,1.170535222627222538e-03
5.277729988098144531e+00,3.469446951953614189e-18,1.349595258943736553e-03
5.307970046997070312e+00,2.555793295219710437e-05,6.332115735858678818e-04
5.338210105895996094e+00,3.471273166225172929e-04,4.005778755526989698e-04
5.368460178375244141e+00,4.016412965330215523e-04,4.706160689238458872e-04
5.398700237274169922e+00,7.766460385180001813e-05,1.196008379338309169e-04
5.428939819335937500e+00,0.000000000000000000e+00,2.102038124576210976e-04
5.459179878234863281e+00,2.137583323167328159e-04,2.983524173032492399e-04
5.489419937133789062e+00,3.252662947804442484e-04,2.910891780629754066e-04
5.519670009613037109e+00,2.045193449863782348e-04,2.114378876285627484e-04
5.549910068511962891e+00,2.257474191653657120e-04,8.044894639169797301e-05
5.580150127410888672e+00,5.735438215295624031e-04,2.797261695377528667e-04
5.610390186309814453e+00,1.352482577861828170e-03,7.459707558155059814e-04
5.640629768371582031e+00,2.022793264614772962e-03,1.243511564098298550e-03
5.670879840850830078e+00,2.364641712533165074e-03,1.139774220064282417e-03
5.701119899749755859e+00,2.373011415987072437e-03,6.618715124204754829e-04
5.731359958648681641e+00,2.111792755820136869e-03,3.030216030310839415e-04
5.761600017547607422e+00,1.841777943836081510e-03,2.554316306486725807e-04
5.791840076446533203e+00,1.573777311650637750e-03,4.132631584070622921e-04
5.822090148925781250e+00,9.051391951422557702e-04,3.625556710176169872e-04
5.852330207824707031e+00,3.469446951953614189e-18,2.669790119398385286e-04
5.882569789886474609e+00,1.675625763306876070e-04,7.900802302174270153e-05
5.912809848785400391e+00,3.100731845002875631e-04,3.181454667355865240e-04
5.943049907684326172e+00,5.495277848643863317e-04,5.940073169767856598e-04
5.973299980163574219e+00,1.424217241637149717e-03,3.290731692686676979e-04
6.003540039062500000e+00,2.450280597622450651e-03,6.820060661993920803e-05
6.033780097961425781e+00,3.398012146303596576e-03,6.829338235547766089e-05
6.064020156860351562e+00,4.311962890175609353e-03,2.930042683146893978e-04
6.094260215759277344e+00,6.024711252373523424e-03,3.152583085466176271e-04
6.124509811401367188e+00,1.139296958334818852e-02,5.305207450874149799e-04
6.154749870300292969e+00,2.042108326322399428e-02,1.340817078016698360e-03
6.184989929199218750e+00,2.827578958648029744e-02,7.133588660508394241e-04
6.215229988098144531e+00,3.285419782570889180e-02,9.608438122086226940e-04
6.245470046997070312e+00,3.514945014119880834e-02,1.472224947065114975e-03
6.275720119476318359e+00,3.436332658212766511e-02,1.228187931701540947e-03
6.305960178375244141e+00,2.944832540481508859e-02,6.423608865588903427e-04
6.336200237274169922e+00,2.215495271806943584e-02,4.160106473136693239e-04
6.366439819335937500e+00,1.635966011015192734e-02,1.572208566358312964e-04
6.396679878234863281e+00,1.262533805093936368e-02,3.930348029825836420e-04
6.426929950714111328e+00,9.074434268580851282e-03,5.175388068892061710e-04
6.457170009613037109e+00,5.486171085660629387e-03,1.231015892699360847e-03
6.487410068511962891e+00,4.331757978391387320e-03,2.339358441531658173e-03
6.517650127410888672e+00,1.086370061754993177e-03,1.383194467052817345e-03
6.547890186309814453e+00,3.698611626244824313e-04,8.803686941973865032e-04
6.578139781951904297e+00,3.101604551405956478e-05,3.423303714953362942e-04
6.608379840850830078e+00,-6.938893903907228378e-18,2.700396580621600151e-04
6.638619899749755859e+00,5.279869053310612403e-04,6.211558356881141663e-04
6.668859958648681641e+00,9.180303657854091415e-04,6.590475677512586117e-04
6.699100017547607422e+00,1.158133225570859293e-03,5.497235106304287910e-04
6.729350090026855469e+00,3.084379478158684462e-03,2.648709341883659363e-04
6.759590148925781250e+00,8.270776769736441769e-03,2.416861098026856780e-04
6.789830207824707031e+00,1.774513082239095874e-02,8.216859423555433750e-04
6.820069789886474609e+00,3.144785434509577565e-02,1.292110770009458065e-03
6.850309848785400391e+00,4.527181214869342718e-02,1.758372178301215172e-03
6.880559921264648438e+00,5.314210517683819884e-02,1.860205316916108131e-03
6.910799980163574219e+00,5.277577233640681764e-02,1.015793299302458763e-03
6.941040039062500000e+00,4.631180866737308333e-02,4.436607414390891790e-04
6.971280097961425781e+00,3.674826647626323883e-02,4.189824103377759457e-04
7.001520156860351562e+00,2.586994552520044399e-02,5.123211885802447796e-04
7.031770229339599609e+00,1.449338044478665211e-02,1.681978756096214056e-04
7.062009811401367188e+00,5.401237552274493203e-03,4.558628425002098083e-04
7.092249870300292969e+00,1.277555487591550132e-03,9.264876134693622589e-04
7.122489929199218750e+00,0.000000000000000000e+00,9.954649722203612328e-04
7.152729988098144531e+00,-6.612198290472381945e-04,8.270523976534605026e-04
7.182980060577392578e+00,4.656023786649560181e-04,7.548329886049032211e-04
7.213220119476318359e+00,5.742462872539211283e-03,3.644325188361108303e-04
7.243460178375244141e+00,1.429937723195505439e-02,1.881296193460002542e-04
7.273700237274169922e+00,1.838728215098234253e-02,7.892911671660840511e-04
7.303939819335937500e+00,1.396278425270607026e-02,8.536075474694371223e-04
7.334189891815185547e+00,7.753036845432215163e-03,3.773726639337837696e-04
7.364429950714111328e+00,5.284250121005487633e-03,3.820602141786366701e-04
7.394670009613037109e+00,6.244011987568534594e-03,3.894105902872979641e-04
7.424910068511962891e+00,8.468050441872182477e-03,1.135103986598551273e-03
7.455150127410888672e+00,1.024591579540649888e-02,1.243433100171387196e-03
7.485400199890136719e+00,1.219256386306480366e-02,1.012543216347694397e-03
7.515639781951904297e+00,1.463905899784452569e-02,1.695009879767894745e-03
7.576119899749755859e+00,2.045562312793657023e-02,8.857257780618965626e-04
7.636600017547607422e+00,2.557597624154245297e-02,2.390848239883780479e-03
7.697090148925781250e+00,2.867887880112868215e-02,2.560562686994671822e-03
7.757569789886474609e+00,3.049786895333803094e-02,1.116062398068606853e-03
7.818049907684326172e+00,3.261088407331742822e-02,2.407473279163241386e-03
7.878540039062500000e+00,3.424279101583940776e-02,2.595281461253762245e-03
7.939020156860351562e+00,3.488209984188175850e-02,2.034125616773962975e-03
7.999509811401367188e+00,3.263919741332588220e-02,2.672737464308738708e-04
8.059989929199218750e+00,2.947716457599929007e-02,6.172454450279474258e-04
8.120470046997070312e+00,2.669131115796610776e-02,6.663741078227758408e-04
8.180959701538085938e+00,2.424609026830232272e-02,1.176301040686666965e-03
8.241439819335937500e+00,2.154663338483714385e-02,1.808306202292442322e-03
8.301919937133789062e+00,1.839670517061031685e-02,1.622228417545557022e-03
8.362409591674804688e+00,1.496598671189762475e-02,6.888248608447611332e-04
8.422889709472656250e+00,1.241066202547527753e-02,8.842214592732489109e-04
8.483369827270507812e+00,1.124758692276031646e-02,3.474530240055173635e-04
8.543860435485839844e+00,1.177877611665320567e-02,5.007113213650882244e-04
8.604339599609375000e+00,1.104354102116822389e-02,1.276051276363432407e-03
8.664830207824707031e+00,8.772786676629784619e-03,1.600641990080475807e-03
8.725310325622558594e+00,5.883768200224570588e-03,1.614044071175158024e-03
8.785790443420410156e+00,2.868593254081897026e-03,1.322812167927622795e-03
8.846280097961425781e+00,0.000000000000000000e+00,9.055220289155840874e-04
8.906760215759277344e+00,-1.818732979421741613e-03,1.035014167428016663e-03
8.967240333557128906e+00,-2.057533708594974642e-03,1.429788302630186081e-03
9.027729988098144531e+00,-1.066989709624308058e-03,1.502884202636778355e-03
9.088210105895996094e+00,1.387778780781445676e-17,1.471041585318744183e-03
9.148690223693847656e+00,4.563228495731985745e-04,1.292225206270813942e-03
9.209179878234863281e+00,5.494238318729388615e-04,7.867845124565064907e-04
9.269659996032714844e+00,2.659241023470898524e-04,9.382390417158603668e-04
9.330149650573730469e+00,-1.552858998967593385e-04,1.558032818138599396e-03
9.390629768371582031e+00,-1.288464371833608624e-04,1.068445155397057533e-03
9.451109886169433594e+00,-1.387778780781445676e-17,2.337597397854551673e-04
9.511599540710449219e+00,-3.665601323538103529e-04,3.587999381124973297e-04
9.572079658508300781e+00,-8.794855321090366829e-04,2.972730144392699003e-04
9.632559776306152344e+00,-9.504731587949427629e-04,2.325738605577498674e-04
9.693050384521484375e+00,-4.105652080277355509e-04,3.444752073846757412e-04
9.753529548645019531e+00,1.387778780781445676e-17,2.378121571382507682e-04
9.814009666442871094e+00,-2.377361874606742642e-04,3.629236307460814714e-04
9.874500274658203125e+00,-7.026917768813839560e-04,2.409298031125217676e-04
9.934980392456054688e+00,-1.059194605754418261e-03,6.808112375438213348e-04
9.995470046997070312e+00,-1.151242301299509885e-03,9.786379523575305939e-04
1.005595016479492188e+01,-6.737956909859676990e-04,1.030044048093259335e-03
1.011643028259277344e+01,-4.974579419531055535e-06,8.600769215263426304e-04
1.017691993713378906e+01,-5.003665189474149066e-04,4.053081211168318987e-04
1.023740005493164062e+01,-1.330916229283635177e-03,3.922510077245533466e-04
1.029788017272949219e+01,-5.551115123125782702e-17,8.246080833487212658e-04
1.035836982727050781e+01,2.061369554817893412e-03,7.049398263916373253e-04
1.041884994506835938e+01,2.067461315385848986e-03,3.108581586275249720e-04
1.047933006286621094e+01,9.571602042733606819e-04,3.229072026442736387e-04
1.053981971740722656e+01,3.920661098448241511e-04,3.350629704073071480e-04
1.060029983520507812e+01,0.000000000000000000e+00,5.462808767333626747e-04
1.066079044342041016e+01,-3.744979093298350659e-04,1.036353874951601028e-03
1.072126960754394531e+01,-5.249920893797277444e-04,7.516165496781468391e-04
1.078174972534179688e+01,-4.908966531128600153e-04,4.120994417462497950e-04
1.084224033355712891e+01,-2.775557561562891351e-17,1.046502846293151379e-03
1.090272045135498047e+01,1.436258972288662061e-03,1.805676845833659172e-03
1.096319961547851562e+01,4.127763285706687046e-03,2.319040009751915932e-03
1.102369022369384766e+01,9.132516483792957329e-03,2.779637463390827179e-03
1.108417034149169922e+01,1.924672148943798455e-02,2.074144082143902779e-03
1.114465045928955078e+01,3.701956015666607591e-02,4.693512164521962404e-04
1.120514011383056641e+01,6.073673004934290742e-02,5.235886783339083195e-04
1.126562023162841797e+01,8.367563387069643088e-02,1.317729707807302475e-03
1.132610988616943359e+01,9.669267735124587038e-02,2.400904893875122070e-03
1.138659000396728516e+01,9.684124758760281892e-02,4.052254837006330490e-03
1.144707012176513672e+01,8.839736473530385163e-02,5.034294445067644119e-03
1.150755977630615234e+01,7.392088780772099188e-02,4.532291553914546967e-03
1.156803989410400391e+01,5.519913051165875606e-02,3.533051116392016411e-03
1.162852001190185547e+01,3.586602601628952058e-02,2.698775613680481911e-03
1.168900966644287109e+01,1.938480654052193719e-02,2.393371425569057465e-03
1.174948978424072266e+01,7.377328069145566714e-03,1.944407005794346333e-03
1.180996990203857422e+01,0.000000000000000000e+00,1.694071572273969650e-03
1.187045955657958984e+01,-2.343040016574510220e-03,2.205878496170043945e-03
1.193093967437744141e+01,5.551115123125782702e-17,1.771668205037713051e-03
1.199143028259277344e+01,3.667988703882046897e-03,1.390937832184135914e-03
1.205191040039062500e+01,4.905571153674848084e-03,3.330146195366978645e-03
