# col1: wavelength, col2: cont_sub flux, col3: Flux error

5.247489929199218750e+00,1.070291621177392738e-01,8.778219670057296753e-02

5.277729988098144531e+00,7.635854613379833289e-02,6.509578973054885864e-02
5.307970046997070312e+00,2.220446049250313081e-16,1.259149163961410522e-01
5.338210105895996094e+00,-3.799669572623898262e-03,3.438230976462364197e-02
5.368460178375244141e+00,-1.160810747732488046e-02,2.606300264596939087e-02
5.398700237274169922e+00,9.604571068374090359e-03,2.931979671120643616e-02
5.428939819335937500e+00,-4.440892098500626162e-16,2.310005389153957367e-02
5.459179878234863281e+00,-1.873915133523507137e-02,3.505567461252212524e-02
5.489419937133789062e+00,-2.268063123603436537e-02,4.218006506562232971e-02
5.519670009613037109e+00,-3.512243326295338974e-02,5.696539580821990967e-02
5.549910068511962891e+00,-4.449337176144840811e-02,3.002774342894554138e-02
5.580150127410888672e+00,-3.275180178406689180e-02,2.971553243696689606e-02
5.610390186309814453e+00,3.453255505991226215e-02,7.154537737369537354e-02
5.640629768371582031e+00,1.083802378888423235e-01,7.104388624429702759e-02
5.670879840850830078e+00,1.043272996421378274e-01,2.696961909532546997e-02
5.701119899749755859e+00,7.813619653241943297e-02,2.802260778844356537e-02
5.731359958648681641e+00,6.062179521697075302e-02,2.840103395283222198e-02
5.761600017547607422e+00,5.414349891866354625e-02,3.480819240212440491e-02
5.791840076446533203e+00,2.764014811622761414e-02,5.530073493719100952e-02
5.822090148925781250e+00,0.000000000000000000e+00,8.813830465078353882e-02
5.852330207824707031e+00,5.536340644134440936e-04,1.163314804434776306e-01
5.882569789886474609e+00,1.212799232937644689e-02,5.080639570951461792e-02
5.912809848785400391e+00,3.248691822307137045e-02,4.822661355137825012e-02
5.943049907684326172e+00,9.022874089669663533e-02,1.737321913242340088e-01
5.973299980163574219e+00,1.907930539985880358e-01,8.718072623014450073e-02
6.003540039062500000e+00,3.494799191197328625e-01,4.432838782668113708e-02
6.033780097961425781e+00,4.429882197594237070e-01,4.280814155936241150e-02
6.064020156860351562e+00,4.163024797952954437e-01,3.774572536349296570e-02
6.094260215759277344e+00,4.223027404542292196e-01,3.201641514897346497e-02
6.124509811401367188e+00,6.245189239202364462e-01,3.772766143083572388e-02
6.154749870300292969e+00,1.358449394229995999e+00,3.928911313414573669e-02
6.184989929199218750e+00,2.526394680453003971e+00,7.336686551570892334e-02
6.215229988098144531e+00,3.664134823434671340e+00,9.623187035322189331e-02
6.245470046997070312e+00,4.850534723868429765e+00,9.350961446762084961e-02
6.275720119476318359e+00,5.049388177940246081e+00,6.460925191640853882e-02
6.305960178375244141e+00,4.032714537125343668e+00,6.343021988868713379e-02
6.336200237274169922e+00,2.766504827419358659e+00,4.763069003820419312e-02
6.366439819335937500e+00,1.902155888735605149e+00,5.104682967066764832e-02
6.396679878234863281e+00,1.405655274893087725e+00,4.800065606832504272e-02
6.426929950714111328e+00,1.060335582724061254e+00,6.188117340207099915e-02
6.457170009613037109e+00,8.375297595578370391e-01,3.974476456642150879e-02
6.487410068511962891e+00,6.541470827035862357e-01,8.288058638572692871e-02
6.517650127410888672e+00,5.522177360578623961e-01,7.650489360094070435e-02
6.547890186309814453e+00,4.895381426834877203e-01,6.181039661169052124e-02
6.578139781951904297e+00,4.040785899337961951e-01,6.338266283273696899e-02
6.608379840850830078e+00,3.290624056916895412e-01,6.355967372655868530e-02
6.638619899749755859e+00,1.932355249506922945e-01,7.195805758237838745e-02
6.668859958648681641e+00,1.420131032260139037e-01,6.352339684963226318e-02
6.699100017547607422e+00,5.759761521621342695e-02,6.066201254725456238e-02
6.729350090026855469e+00,0.000000000000000000e+00,6.719315052032470703e-02
6.759590148925781250e+00,5.034782945759985751e-03,5.314374715089797974e-02
6.789830207824707031e+00,3.774501713789746304e-02,5.298858508467674255e-02
6.820069789886474609e+00,1.666967838452881878e-01,5.033903568983078003e-02
6.850309848785400391e+00,3.628099789807155418e-01,6.681415438652038574e-02
6.880559921264648438e+00,4.643574840130719750e-01,1.801911294460296631e-01
6.910799980163574219e+00,5.163641774462544021e-01,7.367547601461410522e-02
6.941040039062500000e+00,4.482717306135945989e-01,6.502549350261688232e-02
6.971280097961425781e+00,3.942216798007205369e-01,6.695622950792312622e-02
7.001520156860351562e+00,2.283982477556643076e-01,6.442143023014068604e-02
7.031770229339599609e+00,8.739292898056127967e-02,1.124928742647171021e-01
7.062009811401367188e+00,0.000000000000000000e+00,1.472234278917312622e-01
7.092249870300292969e+00,1.679066962050068668e-02,1.539056599140167236e-01
7.122489929199218750e+00,-5.250599177361436887e-02,1.869978159666061401e-01
7.152729988098144531e+00,-1.108098898764184881e-01,8.963429182767868042e-02
7.182980060577392578e+00,-3.412622799992792721e-02,9.367216378450393677e-02
7.213220119476318359e+00,8.578430582992346842e-02,7.582081854343414307e-02
7.243460178375244141e+00,2.137870593517696705e-01,6.357363611459732056e-02
7.273700237274169922e+00,2.520654288734966997e-01,7.715067267417907715e-02
7.303939819335937500e+00,1.387961241620843111e-01,1.153073757886886597e-01
7.455150127410888672e+00,4.437655617229872007e-01,9.063534438610076904e-02
7.515639781951904297e+00,1.117399218902626501e+00,1.325787007808685303e-01
7.576119899749755859e+00,1.968528719745226141e+00,1.195756271481513977e-01
7.636600017547607422e+00,2.833516326910024752e+00,1.005141511559486389e-01
7.697090148925781250e+00,3.855987486266490905e+00,1.350806504487991333e-01
7.757569789886474609e+00,5.129239331253916845e+00,4.400016069412231445e-01
7.818049907684326172e+00,6.384196849928621909e+00,1.633517891168594360e-01
7.878540039062500000e+00,6.717475380337559088e+00,1.894973665475845337e-01
7.939020156860351562e+00,6.925062235339246364e+00,7.833718508481979370e-02
7.999509811401367188e+00,6.632483011845509147e+00,9.967702627182006836e-02
8.059989929199218750e+00,5.982480577658920495e+00,1.102550476789474487e-01
8.120470046997070312e+00,5.333257287963277804e+00,1.395913511514663696e-01
8.180959701538085938e+00,4.630530103030012334e+00,1.149712204933166504e-01
8.241439819335937500e+00,4.017706056263651071e+00,7.699222862720489502e-02
8.301919937133789062e+00,3.631511759128871475e+00,1.431132555007934570e-01
8.362409591674804688e+00,3.435347519275703476e+00,1.234181076288223267e-01
8.422889709472656250e+00,3.179059200923116890e+00,1.559424102306365967e-01
8.483369827270507812e+00,3.090934220741177185e+00,6.965279579162597656e-02
8.543860435485839844e+00,3.262555868934835956e+00,1.403649300336837769e-01
8.604339599609375000e+00,3.443959809433575714e+00,1.922930777072906494e-01
8.664830207824707031e+00,3.276044856783464354e+00,1.052202805876731873e-01
8.725310325622558594e+00,2.847763054023936036e+00,2.783194184303283691e-01
8.785790443420410156e+00,2.001330567589588938e+00,3.817683458328247070e-01
8.846280097961425781e+00,1.248224647403814558e+00,1.230505406856536865e-01
8.906760215759277344e+00,7.433748137799263134e-01,1.281116306781768799e-01
8.967240333557128906e+00,4.159882759504647254e-01,1.164294481277465820e-01
9.027729988098144531e+00,2.295590305289323396e-01,9.101189672946929932e-02
9.088210105895996094e+00,1.141745705718246739e-01,9.653659909963607788e-02
9.148690223693847656e+00,3.934060670358263678e-02,1.078684329986572266e-01
9.209179878234863281e+00,0.000000000000000000e+00,8.088278025388717651e-02
9.269659996032714844e+00,-1.653549053234293353e-02,6.678114831447601318e-02
9.330149650573730469e+00,-4.753459298837370284e-02,6.080178171396255493e-02
9.390629768371582031e+00,-8.581835718691976922e-03,6.122668460011482239e-02
9.451109886169433594e+00,0.000000000000000000e+00,8.029022812843322754e-02
9.511599540710449219e+00,-3.658119154090044844e-02,1.049043685197830200e-01
9.572079658508300781e+00,-3.286828998540514135e-02,9.656298905611038208e-02
9.632559776306152344e+00,-3.206705285727018406e-02,9.097357094287872314e-02
9.693050384521484375e+00,9.058877907305529220e-03,6.329376250505447388e-02
9.753529548645019531e+00,1.776356839400250465e-15,6.021363660693168640e-02
9.814009666442871094e+00,-1.453041683515898796e-02,6.636296212673187256e-02
9.874500274658203125e+00,3.104827187433834013e-02,9.199923276901245117e-02
9.934980392456054688e+00,7.840890912249776079e-02,1.022741124033927917e-01
9.995470046997070312e+00,5.286634079642915651e-02,5.890664458274841309e-02
1.005595016479492188e+01,1.160361799283560202e-01,8.708038926124572754e-02
1.011643028259277344e+01,1.966390454827529055e-01,4.063349664211273193e-01
1.017691993713378906e+01,8.510628751464111019e-02,2.868728041648864746e-01
1.023740005493164062e+01,-1.776356839400250465e-15,3.268343210220336914e-01
1.029788017272949219e+01,-7.319736125521991710e-02,1.179734319448471069e-01
1.035836982727050781e+01,-5.856034336429871701e-02,1.092945560812950134e-01
1.041884994506835938e+01,-6.633158612712009017e-02,1.061402633786201477e-01
1.047933006286621094e+01,-6.990957445258771941e-02,9.598368406295776367e-02
1.053981971740722656e+01,3.552713678800500929e-15,9.357542544603347778e-02
1.060029983520507812e+01,1.567654135905645063e-01,8.810386806726455688e-02
1.066079044342041016e+01,2.003565854040108007e-01,9.338874369859695435e-02
1.072126960754394531e+01,1.654445185539366037e-01,8.208052068948745728e-02
1.078174972534179688e+01,1.249789852282141567e-01,9.176138043403625488e-02
1.084224033355712891e+01,3.552713678800500929e-15,7.164574414491653442e-02
1.090272045135498047e+01,-1.594438831508977472e-01,1.026476249098777771e-01
1.096319961547851562e+01,-1.921899870953289735e-01,8.471538871526718140e-02
1.102369022369384766e+01,0.000000000000000000e+00,8.210215717554092407e-02
1.108417034149169922e+01,4.836107712087631683e-01,1.022345423698425293e-01
1.114465045928955078e+01,1.149225624595262119e+00,1.384901255369186401e-01
1.120514011383056641e+01,2.490322966717162245e+00,1.190315410494804382e-01
1.126562023162841797e+01,3.503799016154003354e+00,1.212929040193557739e-01
1.132610988616943359e+01,3.219867683061016450e+00,1.279072314500808716e-01
1.138659000396728516e+01,2.478149278816086820e+00,1.245642080903053284e-01
1.144707012176513672e+01,1.837826017961534220e+00,1.233207732439041138e-01
1.150755977630615234e+01,1.584186502258104312e+00,1.949433684349060059e-01
1.156803989410400391e+01,9.613466665077670115e-01,1.697402149438858032e-01
1.162852001190185547e+01,4.555863317935422430e-01,3.414476215839385986e-01
1.168900966644287109e+01,1.556344695626101782e-01,1.163696944713592529e-01
1.174948978424072266e+01,5.618534108233319557e-02,1.802247464656829834e-01
1.180996990203857422e+01,-2.454697919218062907e-02,1.857084035873413086e-01
1.187045955657958984e+01,0.000000000000000000e+00,1.030193418264389038e-01
1.193093967437744141e+01,4.919351867639623066e-01,1.971218138933181763e-01
1.199143028259277344e+01,7.726932991195223366e-01,1.111537292599678040e-01
1.205191040039062500e+01,7.963983268484291500e-01,1.193885654211044312e-01
1.211238956451416016e+01,6.986132055098543958e-01,1.287214457988739014e-01
1.217288017272949219e+01,6.689232554881137105e-01,9.083354473114013672e-02
1.223336029052734375e+01,6.727470301287841181e-01,8.939787745475769043e-02
1.229384040832519531e+01,7.452436504740802548e-01,9.700323641300201416e-02
1.235433006286621094e+01,8.449929676612430995e-01,8.882828056812286377e-02
1.241481018066406250e+01,9.478402067090954120e-01,1.203656047582626343e-01
1.247529029846191406e+01,9.107953092025287134e-01,1.030041351914405823e-01
1.253577995300292969e+01,9.848069994506936098e-01,1.038389354944229126e-01
1.259626007080078125e+01,1.092121498159944082e+00,1.663308739662170410e-01
1.265674972534179688e+01,1.074384535206617031e+00,1.482985913753509521e-01
1.271722984313964844e+01,8.571297626907092848e-01,1.598294079303741455e-01
1.277770996093750000e+01,6.902494432076391462e-01,1.534308493137359619e-01
1.283819961547851562e+01,4.364030623055015212e-01,3.820981979370117188e-01
1.289867973327636719e+01,1.905721657975529837e-01,4.586724638938903809e-01
1.295915985107421875e+01,-1.288678282478628034e-02,3.229886293411254883e-01
1.301965045928955078e+01,-1.245126772783322622e-02,1.087796390056610107e-01
1.308012962341308594e+01,3.552713678800500929e-15,1.373819708824157715e-01
1.314060974121093750e+01,6.041267164335195616e-02,1.821743100881576538e-01
1.320110034942626953e+01,2.031602456123966505e-01,1.565489768981933594e-01
1.326158046722412109e+01,2.112935724326394649e-01,8.213075995445251465e-02
1.332205963134765625e+01,1.649970842909560531e-01,7.382735610008239746e-02
1.338255023956298828e+01,6.375471723309367178e-02,8.168444782495498657e-02
1.344303035736083984e+01,-4.065370642206467267e-02,9.965995699167251587e-02
1.350352001190185547e+01,-3.398758993910533377e-02,9.177336096763610840e-02
1.356400012969970703e+01,1.776356839400250465e-15,2.605752944946289062e-01
1.362448024749755859e+01,-7.005147574180270453e-02,1.085624694824218750e-01
1.368496990203857422e+01,-1.794053631274472593e-01,1.032245606184005737e-01
1.374545001983642578e+01,-1.874042189560398697e-02,1.056071743369102478e-01
1.380593013763427734e+01,9.746481677994012216e-02,9.126929193735122681e-02
1.386641979217529297e+01,0.000000000000000000e+00,1.807731837034225464e-01
