# col1: wavelength, col2: cont_sub flux, col3: Flux error

5.126520156860351562e+00,-1.426960399241827826e-02,4.286490380764007568e-03

5.156760215759277344e+00,-1.098873096039097372e-02,3.417020896449685097e-03
5.186999797821044922e+00,-7.925028845736606375e-03,2.547563752159476280e-03
5.217249870300292969e+00,-5.070703714226239972e-03,1.677803695201873779e-03
5.247489929199218750e+00,-2.417857173297743162e-03,8.052896009758114815e-04
5.277729988098144531e+00,5.319917233471971318e-05,1.027314283419400454e-04
5.307970046997070312e+00,2.409816350015213382e-04,1.049570506438612938e-03
5.338210105895996094e+00,3.888442670967051651e-04,6.748912273906171322e-04
5.368460178375244141e+00,-3.469446951953614189e-18,4.322732856962829828e-04
5.398700237274169922e+00,2.664525261493085051e-04,6.285026320256292820e-04
5.428939819335937500e+00,-4.553151802373540946e-04,7.475237362086772919e-05
5.459179878234863281e+00,-3.469446951953614189e-18,6.488387589342892170e-04
5.489419937133789062e+00,3.407849170135660022e-04,1.707387418719008565e-04
5.519670009613037109e+00,1.394070349046580559e-03,3.368599573150277138e-04
5.549910068511962891e+00,2.040085350473518772e-03,3.682055685203522444e-04
5.580150127410888672e+00,3.149626763721269374e-03,8.373773307539522648e-04
5.610390186309814453e+00,4.817081404903424124e-03,1.142119988799095154e-03
5.640629768371582031e+00,5.861226143486837625e-03,1.725158799672499299e-04
5.670879840850830078e+00,6.048203761726895361e-03,9.639376658014953136e-04
5.701119899749755859e+00,5.782237786256371609e-03,1.497802673839032650e-03
5.731359958648681641e+00,5.033935521401699392e-03,1.463671214878559113e-03
5.761600017547607422e+00,3.856174736125872471e-03,1.066908007487654686e-03
5.791840076446533203e+00,2.549326585660510736e-03,9.732522303238511086e-04
5.822090148925781250e+00,9.745007590876084147e-04,1.034737215377390385e-03
5.852330207824707031e+00,-6.938893903907228378e-18,6.764435092918574810e-04
5.882569789886474609e+00,1.634364871143864639e-04,3.569226828403770924e-04
5.912809848785400391e+00,1.774928103054629336e-04,1.000371179543435574e-03
5.943049907684326172e+00,-2.598534712352287834e-04,2.099225297570228577e-03
5.973299980163574219e+00,-4.347644495188221492e-04,1.705887494608759880e-03
6.003540039062500000e+00,5.797589758492274759e-04,2.625060442369431257e-04
6.033780097961425781e+00,2.332567428721378511e-03,1.757186837494373322e-03
6.064020156860351562e+00,2.878678995279500274e-03,1.843659789301455021e-03
6.094260215759277344e+00,4.671036751167312318e-03,1.075402018614113331e-03
6.124509811401367188e+00,1.570490133422595969e-02,1.646650343900546432e-04
6.154749870300292969e+00,4.145461901655660142e-02,4.705757019110023975e-04
6.184989929199218750e+00,7.583361395282472994e-02,1.178694423288106918e-03
6.215229988098144531e+00,1.036404363503936887e-01,2.100319135934114456e-03
6.245470046997070312e+00,1.110903270642288332e-01,1.513460883870720863e-03
6.275720119476318359e+00,9.493289876402473404e-02,3.219987847842276096e-04
6.305960178375244141e+00,6.736005904452568860e-02,4.854128346778452396e-04
6.336200237274169922e+00,4.408433461658066432e-02,8.159785647876560688e-04
6.366439819335937500e+00,2.970265287096979234e-02,1.407155301421880722e-03
6.396679878234863281e+00,2.057765818382431555e-02,9.177167084999382496e-04
6.426929950714111328e+00,1.332731976133105789e-02,4.130172310397028923e-04
6.457170009613037109e+00,6.980784018368837995e-03,2.225487260147929192e-04
6.487410068511962891e+00,2.249259220041155416e-03,3.551706322468817234e-04
6.517650127410888672e+00,-1.387778780781445676e-17,7.299050921574234962e-04
6.547890186309814453e+00,8.531966125082945940e-04,1.311704283580183983e-03
6.578139781951904297e+00,1.249000943955330678e-03,1.391340047121047974e-03
6.608379840850830078e+00,2.720024140881238672e-03,1.592794549651443958e-03
6.638619899749755859e+00,2.807599227480514492e-03,1.054932014085352421e-03
6.668859958648681641e+00,1.594453192682185327e-03,6.540971808135509491e-04
6.699100017547607422e+00,2.845210971239714448e-04,3.514024137984961271e-04
6.729350090026855469e+00,-5.320063836405791724e-04,2.539260021876543760e-04
6.759590148925781250e+00,0.000000000000000000e+00,2.970140194520354271e-04
6.789830207824707031e+00,2.332724927457521802e-03,5.706544616259634495e-04
6.820069789886474609e+00,6.089839938286392695e-03,1.176231773570179939e-03
6.850309848785400391e+00,1.030265634679389253e-02,5.017127259634435177e-04
6.880559921264648438e+00,1.344129635731945716e-02,4.282561130821704865e-04
6.910799980163574219e+00,1.496523058233974190e-02,3.375171218067407608e-04
6.941040039062500000e+00,1.525822183147353128e-02,6.154017755761742592e-04
6.971280097961425781e+00,1.495238229080479708e-02,4.256711981724947691e-04
7.001520156860351562e+00,1.416531685271625596e-02,3.443593450356274843e-04
7.031770229339599609e+00,1.283157510879559537e-02,7.573241600766777992e-04
7.062009811401367188e+00,1.204633818965934744e-02,8.540190174244344234e-04
7.092249870300292969e+00,1.279091076350313827e-02,3.899318689946085215e-04
7.122489929199218750e+00,1.399448089632164549e-02,3.206975816283375025e-04
7.152729988098144531e+00,1.433927677675844725e-02,3.629909479059278965e-04
7.182980060577392578e+00,1.474297308851937882e-02,4.216202360112220049e-04
7.213220119476318359e+00,1.691730911741655408e-02,8.320602355524897575e-04
7.243460178375244141e+00,2.022096888339651455e-02,1.712496159598231316e-03
7.273700237274169922e+00,2.264415574809944265e-02,1.381476293317973614e-03
7.303939819335937500e+00,2.468069401372746663e-02,5.104106967337429523e-04
7.334189891815185547e+00,2.759804409731164698e-02,8.111536153592169285e-04
7.364429950714111328e+00,3.063474894292116113e-02,1.315997098572552204e-03
7.394670009613037109e+00,3.334457881531251167e-02,2.111305017024278641e-03
7.424910068511962891e+00,3.720773803933694057e-02,4.149843472987413406e-03
7.455150127410888672e+00,4.526722747295333638e-02,2.929772483184933662e-03
7.485400199890136719e+00,5.792316307371547790e-02,2.115619136020541191e-03
7.515639781951904297e+00,7.042462402910369679e-02,3.724940819665789604e-03
7.576119899749755859e+00,9.527091900500793409e-02,2.671358175575733185e-03
7.636600017547607422e+00,1.096644137146485509e-01,5.548955406993627548e-03
7.697090148925781250e+00,1.246963675710651281e-01,3.939267713576555252e-03
7.757569789886474609e+00,1.385334792117557945e-01,1.241967082023620605e-03
7.818049907684326172e+00,1.420736775183927270e-01,3.572100773453712463e-03
7.878540039062500000e+00,1.327519004826208660e-01,1.216754317283630371e-03
7.939020156860351562e+00,1.150470245251863366e-01,1.120910048484802246e-03
7.999509811401367188e+00,9.558147417864273909e-02,7.064566016197204590e-04
8.059989929199218750e+00,7.822073825767367206e-02,5.210414528846740723e-04
8.120470046997070312e+00,6.559066918241431010e-02,2.554617822170257568e-03
8.180959701538085938e+00,5.896649182895732921e-02,2.264862414449453354e-03
8.241439819335937500e+00,5.691967185900709270e-02,1.681081601418554783e-03
8.301919937133789062e+00,5.631620274158194439e-02,3.232877934351563454e-04
8.362409591674804688e+00,5.650255752979709001e-02,1.045070588588714600e-03
8.422889709472656250e+00,5.786869115916423723e-02,5.650252569466829300e-04
8.483369827270507812e+00,6.588054291832630416e-02,1.695260172709822655e-03
8.543860435485839844e+00,7.752496338393836950e-02,2.927468391135334969e-03
8.604339599609375000e+00,8.479959816924566296e-02,2.792719518765807152e-03
8.664830207824707031e+00,7.970422636252802451e-02,1.970731886103749275e-03
8.725310325622558594e+00,6.277922770876208369e-02,1.410450320690870285e-03
8.785790443420410156e+00,4.167279732285295024e-02,2.100385958328843117e-03
8.846280097961425781e+00,2.285820633888863140e-02,2.458231756463646889e-03
8.906760215759277344e+00,1.029537056182908139e-02,1.661008689552545547e-03
8.967240333557128906e+00,4.648347346440567796e-03,1.422235043719410896e-03
9.027729988098144531e+00,2.557725159472903909e-03,1.727131195366382599e-03
9.088210105895996094e+00,1.245910280476700271e-03,1.738498802296817303e-03
9.148690223693847656e+00,0.000000000000000000e+00,1.126101822592318058e-03
9.209179878234863281e+00,-8.231507158504985933e-04,7.907621329650282860e-04
9.269659996032714844e+00,-9.321670476929583282e-04,1.829420682042837143e-03
9.330149650573730469e+00,-6.526256323893253608e-04,3.210850525647401810e-03
9.390629768371582031e+00,-4.338434664832163667e-04,3.232680959627032280e-03
9.451109886169433594e+00,0.000000000000000000e+00,2.607791917398571968e-03
9.511599540710449219e+00,6.310726544424272166e-04,2.377693308517336845e-03
9.572079658508300781e+00,1.240642686814785733e-03,2.466199919581413269e-03
9.632559776306152344e+00,1.656672250210350361e-03,2.563292859122157097e-03
9.693050384521484375e+00,1.679829097599783161e-03,2.840626752004027367e-03
9.753529548645019531e+00,1.026036504303246000e-03,3.200172679498791695e-03
9.814009666442871094e+00,-1.387778780781445676e-17,3.213095245882868767e-03
9.874500274658203125e+00,-4.867157280228212590e-04,3.412258112803101540e-03
9.934980392456054688e+00,-9.616483171425715959e-04,3.646366996690630913e-03
9.995470046997070312e+00,-1.781896071196206743e-03,3.413795726373791695e-03
1.005595016479492188e+01,-1.907090168528469132e-03,3.034123685210943222e-03
1.011643028259277344e+01,-1.652127147135681873e-03,2.569754375144839287e-03
1.017691993713378906e+01,-1.796607942644787292e-03,2.729530679062008858e-03
1.023740005493164062e+01,-1.588718364362709523e-03,3.493262222036719322e-03
1.029788017272949219e+01,-8.438139266661592863e-04,3.392698941752314568e-03
1.035836982727050781e+01,-1.387778780781445676e-17,2.900398103520274162e-03
1.041884994506835938e+01,1.202956506177244034e-03,3.106602234765887260e-03
1.047933006286621094e+01,1.968109245501392657e-03,3.250026144087314606e-03
1.053981971740722656e+01,1.168560768093102054e-03,2.742185024544596672e-03
1.060029983520507812e+01,2.775557561562891351e-17,2.215615008026361465e-03
1.066079044342041016e+01,-7.873692565025514067e-04,2.395333023741841316e-03
1.072126960754394531e+01,-2.209737395587191289e-03,2.969806315377354622e-03
1.078174972534179688e+01,-3.833443679725517805e-03,3.346531186252832413e-03
1.084224033355712891e+01,-3.822586850216191934e-03,3.501537488773465157e-03
1.090272045135498047e+01,0.000000000000000000e+00,3.469170304015278816e-03
1.096319961547851562e+01,8.919156357669932866e-03,3.880242817103862762e-03
1.102369022369384766e+01,2.140320046882021598e-02,4.917263519018888474e-03
1.108417034149169922e+01,3.773537605339660761e-02,5.936221685260534286e-03
1.114465045928955078e+01,6.289595096471078950e-02,6.135503295809030533e-03
1.120514011383056641e+01,9.474476145432372820e-02,4.870695061981678009e-03
1.126562023162841797e+01,1.204422146418311634e-01,5.671722348779439926e-03
1.132610988616943359e+01,1.272281979700181365e-01,8.455937728285789490e-03
1.138659000396728516e+01,1.143164870714509229e-01,8.565396070480346680e-03
1.144707012176513672e+01,9.225897155971135577e-02,6.987544242292642593e-03
1.150755977630615234e+01,6.942555685894771789e-02,6.591835524886846542e-03
1.156803989410400391e+01,4.784470967291343246e-02,7.108817342668771744e-03
1.162852001190185547e+01,2.870274730626357074e-02,6.819904316216707230e-03
1.168900966644287109e+01,1.439999935123634223e-02,5.749308969825506210e-03
1.174948978424072266e+01,5.228023683985949521e-03,4.616912920027971268e-03
1.180996990203857422e+01,0.000000000000000000e+00,3.940927796065807343e-03
1.187045955657958984e+01,-1.347282022554546765e-03,4.085006657987833023e-03
1.193093967437744141e+01,6.665630719596971065e-04,5.465368740260601044e-03
1.199143028259277344e+01,3.475228747720021660e-03,6.448819767683744431e-03
1.205191040039062500e+01,3.758281813123154347e-03,5.504698026925325394e-03
