# col1: wavelength, col2: cont_sub flux, col3: Flux error

5.126520156860351562e+00,3.824573613085528907e-03,1.594459172338247299e-03
5.156760215759277344e+00,3.121904714727086541e-03,1.456806086935102940e-03
5.186999797821044922e+00,2.421298680135610271e-03,1.319154282100498676e-03
5.217249870300292969e+00,1.721018667213410980e-03,1.181454979814589024e-03
5.247489929199218750e+00,9.738020424901068766e-04,1.090055098757147789e-03
5.277729988098144531e+00,3.421151401593316640e-04,8.711577393114566803e-04
5.307970046997070312e+00,-2.728222698000900767e-06,3.418624328332953155e-05
5.338210105895996094e+00,1.754648447604236806e-04,9.852874791249632835e-04
5.368460178375244141e+00,0.000000000000000000e+00,9.999005123972892761e-04
5.398700237274169922e+00,3.594993483244733178e-04,6.830374477431178093e-04
5.428939819335937500e+00,1.123750941394032789e-03,1.171633834019303322e-03
5.459179878234863281e+00,2.168404344971008868e-19,5.850630695931613445e-04
5.489419937133789062e+00,5.898160208321391335e-04,4.181675612926483154e-04
5.519670009613037109e+00,1.085653307436998611e-03,2.906667941715568304e-04
5.549910068511962891e+00,4.161012749011947908e-04,4.214391228742897511e-04
5.580150127410888672e+00,1.009876016210205533e-03,1.024567289277911186e-03
5.610390186309814453e+00,3.827051206703243214e-04,4.132000904064625502e-04
5.640629768371582031e+00,9.938282069848875487e-04,3.399331471882760525e-04
5.670879840850830078e+00,8.630182085191812069e-04,2.625820052344352007e-04
5.701119899749755859e+00,8.523398598096398535e-04,5.905974103370681405e-05
5.731359958648681641e+00,8.383365445179501163e-04,1.527658423583488911e-05
5.761600017547607422e+00,2.680003828177419251e-04,1.475427052355371416e-05
5.791840076446533203e+00,2.313523036403097172e-04,8.153315866366028786e-04
5.822090148925781250e+00,0.000000000000000000e+00,1.194259384647011757e-03
5.852330207824707031e+00,4.981351315255910100e-04,6.644206587225198746e-04
5.882569789886474609e+00,1.349791343576983629e-03,1.027641585096716881e-03
5.912809848785400391e+00,8.813598573998017265e-04,1.095646410249173641e-03
5.943049907684326172e+00,3.126065102326009565e-04,1.900147181004285812e-04
5.973299980163574219e+00,7.740296598704975162e-04,2.504931580915581435e-05
6.003540039062500000e+00,1.661719287772404734e-03,2.032297743426170200e-05
6.033780097961425781e+00,2.511139605676403035e-03,3.909805673174560070e-04
6.064020156860351562e+00,2.999061671264719071e-03,4.944768734276294708e-04
6.094260215759277344e+00,3.690876579805072930e-03,4.279564600437879562e-04
6.124509811401367188e+00,5.308406168606494106e-03,6.160796037875115871e-04
6.154749870300292969e+00,8.507948301408272893e-03,6.377630634233355522e-04
6.184989929199218750e+00,1.267181270877725668e-02,4.083200183231383562e-04
6.215229988098144531e+00,1.516375027493542353e-02,5.118933622725307941e-04
6.245470046997070312e+00,1.454657852305129423e-02,7.942511583678424358e-04
6.275720119476318359e+00,1.210513404734318323e-02,5.096799577586352825e-04
6.305960178375244141e+00,9.251041037578990045e-03,2.255830040667206049e-04
6.336200237274169922e+00,6.686156478277451021e-03,4.227207391522824764e-04
6.366439819335937500e+00,5.033152955455455144e-03,5.545836174860596657e-04
6.396679878234863281e+00,3.965653952080925790e-03,7.141923997551202774e-04
6.426929950714111328e+00,2.868194177421831692e-03,8.183366735465824604e-04
6.457170009613037109e+00,1.782339485931557985e-03,6.101815379224717617e-04
6.487410068511962891e+00,7.514637703314730466e-04,2.732533903326839209e-04
6.517650127410888672e+00,1.734723475976807094e-18,4.718119089375250041e-05
6.547890186309814453e+00,-3.986060962452610268e-04,6.382435822160914540e-05
6.578139781951904297e+00,-5.354507932129465297e-06,5.208563525229692459e-04
6.608379840850830078e+00,9.243263632371032101e-04,8.340508793480694294e-04
6.638619899749755859e+00,6.807172905563263487e-04,9.766424773260951042e-04
6.668859958648681641e+00,7.091249024307536009e-04,4.040197381982579827e-05
6.699100017547607422e+00,3.987842925127459137e-04,1.018647337332367897e-03
6.729350090026855469e+00,-3.469446951953614189e-18,1.140260486863553524e-03
6.759590148925781250e+00,-4.309499439768861573e-04,1.971334277186542749e-04
6.789830207824707031e+00,5.573509668020809604e-04,3.422053705435246229e-04
6.820069789886474609e+00,1.611674329159176050e-03,5.820525111630558968e-04
6.850309848785400391e+00,2.123833557906375930e-03,8.013685583136975765e-04
6.880559921264648438e+00,2.109973892738828405e-03,8.125161402858793736e-04
6.910799980163574219e+00,2.093897010340066422e-03,7.788563962094485760e-04
6.941040039062500000e+00,1.493440113142542602e-03,7.580983801744878292e-04
6.971280097961425781e+00,1.723643750911826172e-03,2.600197331048548222e-04
7.001520156860351562e+00,1.091481035407109584e-03,6.232953746803104877e-04
7.031770229339599609e+00,7.451136925909554454e-04,1.873614382930099964e-04
7.062009811401367188e+00,5.853265141383644232e-04,5.342125077731907368e-04
7.092249870300292969e+00,0.000000000000000000e+00,3.932261024601757526e-04
7.122489929199218750e+00,5.353294053510350425e-04,6.580895278602838516e-04
7.152729988098144531e+00,1.734115820777468175e-03,6.511496030725538731e-04
7.182980060577392578e+00,2.875428503188164064e-03,3.206335240975022316e-04
7.213220119476318359e+00,4.178790462546776857e-03,1.106514828279614449e-04
7.243460178375244141e+00,6.289426603350533468e-03,1.117411520681343973e-04
7.273700237274169922e+00,8.420975498275674875e-03,3.808155015576630831e-04
7.303939819335937500e+00,9.880277269936781070e-03,1.635310356505215168e-03
7.334189891815185547e+00,1.122067427936609268e-02,2.191346837207674980e-03
7.364429950714111328e+00,1.295040310857114782e-02,1.686855801381170750e-03
7.394670009613037109e+00,1.450480325346586649e-02,6.113514536991715431e-04
7.424910068511962891e+00,1.561671444620373050e-02,6.633815937675535679e-04
7.455150127410888672e+00,1.713934257503942765e-02,7.645289879292249680e-04
7.485400199890136719e+00,1.923506968302040113e-02,5.610775551758706570e-04
7.515639781951904297e+00,2.075648427388952083e-02,1.656191772781312466e-03
7.576119899749755859e+00,2.192257678332287449e-02,1.536501367809250951e-04
7.636600017547607422e+00,2.051569383145751199e-02,3.573683206923305988e-04
7.697090148925781250e+00,1.983535703321182356e-02,1.027102553052827716e-04
7.757569789886474609e+00,1.814092613801635695e-02,5.933232605457305908e-04
7.818049907684326172e+00,1.868984685110151867e-02,2.429187297821044922e-04
7.878540039062500000e+00,1.745517400329759522e-02,3.920458257198333740e-04
7.939020156860351562e+00,1.742043832554455302e-02,8.028484880924224854e-04
7.999509811401367188e+00,1.692224742499027004e-02,1.374855637550354004e-04
8.059989929199218750e+00,1.578161657881692326e-02,2.256259322166442871e-04
8.120470046997070312e+00,1.453599075052443290e-02,4.207771271467208862e-04
8.180959701538085938e+00,1.364939749496323074e-02,3.029033541679382324e-04
8.241439819335937500e+00,1.337863004128603955e-02,2.361219376325607300e-04
8.301919937133789062e+00,1.303977052996115049e-02,3.167595714330673218e-04
8.362409591674804688e+00,1.269615276908236945e-02,5.307886749505996704e-04
8.422889709472656250e+00,1.285632412525081897e-02,1.076742541044950485e-03
8.483369827270507812e+00,1.442409169260527174e-02,3.590061096474528313e-04
8.543860435485839844e+00,1.528312907539598059e-02,2.152982197003439069e-04
8.604339599609375000e+00,1.453765168535525037e-02,2.177865244448184967e-04
8.664830207824707031e+00,1.224299343016430758e-02,7.839498721295967698e-05
8.725310325622558594e+00,9.177654618103270323e-03,6.876097177155315876e-05
8.785790443420410156e+00,6.063485227716179649e-03,1.269140775548294187e-04
8.846280097961425781e+00,3.358626805653797120e-03,3.912853135261684656e-04
8.906760215759277344e+00,1.399745528896059743e-03,6.035816622897982597e-04
8.967240333557128906e+00,5.384547090358307586e-04,5.562976584769785404e-04
9.027729988098144531e+00,3.133143344370287187e-04,2.877760271076112986e-04
9.088210105895996094e+00,-6.938893903907228378e-18,1.080660877050831914e-04
9.148690223693847656e+00,1.235995484564628155e-04,5.197813152335584164e-04
9.209179878234863281e+00,6.938893903907228378e-18,3.613905864767730236e-04
9.269659996032714844e+00,3.177629812768298367e-04,5.282545316731557250e-05
9.330149650573730469e+00,6.048955267080879938e-05,3.881025477312505245e-04
9.390629768371582031e+00,3.414461828894765905e-04,7.369511295109987259e-04
9.451109886169433594e+00,1.387778780781445676e-17,3.597626346163451672e-04
9.511599540710449219e+00,5.289457715760559342e-04,1.408468233421444893e-04
9.572079658508300781e+00,1.343854177905352137e-03,1.672045327723026276e-04
9.632559776306152344e+00,1.837333880244967216e-03,3.754349017981439829e-04
9.693050384521484375e+00,2.165129292494079316e-03,8.908717427402734756e-05
9.753529548645019531e+00,1.921291838693862941e-03,2.058053942164406180e-04
9.814009666442871094e+00,1.786943049909429926e-03,2.286882663611322641e-04
9.874500274658203125e+00,1.272165151235231384e-03,2.744786906987428665e-04
9.934980392456054688e+00,9.662110723559838577e-04,4.681380523834377527e-04
9.995470046997070312e+00,0.000000000000000000e+00,3.586362290661782026e-04
1.005595016479492188e+01,3.036567841984000315e-04,7.197509694378823042e-05
1.011643028259277344e+01,7.442356186879439672e-04,4.550652520265430212e-04
1.017691993713378906e+01,3.261682008110847186e-04,6.614672602154314518e-04
1.023740005493164062e+01,-1.910502995246948776e-04,6.358200917020440102e-04
1.029788017272949219e+01,-6.938893903907228378e-18,7.045560050755739212e-04
1.035836982727050781e+01,6.129415361154494368e-04,5.932130734436213970e-04
1.041884994506835938e+01,7.275409156221671059e-04,4.150234744884073734e-04
1.047933006286621094e+01,3.660785757690146469e-04,3.260331286583095789e-04
1.053981971740722656e+01,2.954198951213224400e-04,2.458487288095057011e-04
1.060029983520507812e+01,6.938893903907228378e-18,2.102075668517500162e-04
1.066079044342041016e+01,-7.704702732876794746e-04,2.468816237524151802e-04
1.072126960754394531e+01,-1.201258225039185390e-03,3.246684791520237923e-04
1.078174972534179688e+01,-1.084143511378567182e-03,2.817187341861426830e-04
1.084224033355712891e+01,0.000000000000000000e+00,1.046179022523574531e-04
1.090272045135498047e+01,2.433208178296515645e-03,1.750841620378196239e-04
1.096319961547851562e+01,5.310154094810851100e-03,1.813034468796104193e-04
1.102369022369384766e+01,7.966282970427458754e-03,3.567115054465830326e-04
1.108417034149169922e+01,1.084706646078299058e-02,6.876180414110422134e-04
1.114465045928955078e+01,1.425386483421280798e-02,8.822753443382680416e-04
1.120514011383056641e+01,1.777398214047470199e-02,1.062379218637943268e-03
1.126562023162841797e+01,1.947025659109377638e-02,8.322412613779306412e-04
1.132610988616943359e+01,1.809885340157338374e-02,3.568097308743745089e-04
1.138659000396728516e+01,1.520533859335171378e-02,5.907262093387544155e-04
1.144707012176513672e+01,1.194011298258373932e-02,1.137950923293828964e-03
1.150755977630615234e+01,8.417446078443260871e-03,9.514814591966569424e-04
1.156803989410400391e+01,5.217113338578133197e-03,3.771853516809642315e-04
1.162852001190185547e+01,2.873521423520070117e-03,1.580313255544751883e-04
1.168900966644287109e+01,1.237295184179407204e-03,1.943814568221569061e-04
1.174948978424072266e+01,0.000000000000000000e+00,2.479166141711175442e-04
1.180996990203857422e+01,-5.614806770750935261e-04,2.482676936779171228e-04
1.187045955657958984e+01,-4.819029948721631484e-04,3.966038639191538095e-04
1.193093967437744141e+01,0.000000000000000000e+00,6.282549584284424782e-04
1.199143028259277344e+01,6.149609915430120921e-04,5.023356643505394459e-04
1.205191040039062500e+01,9.459528084516666269e-04,3.885205078404396772e-04
