# col1: wavelength, col2: cont_sub flux, col3: Flux error

4.902879999999999683e+00,1.047795788488881286e+01,7.503539999999999655e-01
4.907779999999999809e+00,1.017416991251306513e+01,5.218620000000000481e-01
4.912689999999999557e+00,9.566197394863351633e+00,5.045509999999999717e-01
4.917609999999999815e+00,1.032933915359718569e+01,8.096299999999999608e-01
4.922530000000000072e+00,9.911114954851456105e+00,8.777540000000000342e-01
4.927450000000000330e+00,9.319514123103992631e+00,5.562070000000000070e-01
4.932380000000000209e+00,8.316111076681085734e+00,3.630490000000000106e-01
4.937319999999999709e+00,7.802904284563457082e+00,4.007839999999999736e-01
4.942260000000000097e+00,7.643600916615501006e+00,3.114049999999999874e-01
4.947199999999999598e+00,7.979790166595854828e+00,7.041779999999999706e-01
4.952149999999999608e+00,7.472958414203212385e+00,8.135689999999999866e-01
4.957110000000000127e+00,6.646903771498713809e+00,4.811750000000000194e-01
4.962069999999999759e+00,6.659921109250745985e+00,5.075250000000000039e-01
4.967030000000000278e+00,6.784499489435880548e+00,4.069690000000000252e-01
4.972000000000000419e+00,7.597136948509700005e+00,5.394330000000000513e-01
4.976980000000000182e+00,7.755031237354820917e+00,4.870269999999999877e-01
4.981959999999999944e+00,7.456465229063461209e+00,4.177239999999999842e-01
4.986939999999999706e+00,7.391027852763237149e+00,3.894130000000000091e-01
4.991929999999999978e+00,6.778228492776804615e+00,5.512320000000000553e-01
4.996920000000000250e+00,5.736341254943205570e+00,5.228040000000000465e-01
5.001920000000000144e+00,6.247981077553689033e+00,4.163700000000000179e-01
5.006929999999999659e+00,5.763645161765602154e+00,6.317230000000000345e-01
5.011940000000000062e+00,5.716798961460881401e+00,9.257649999999999491e-01
5.016949999999999577e+00,5.899731204483749991e+00,6.603689999999999838e-01
5.021969999999999601e+00,5.041367705694931090e+00,5.388359999999999816e-01
5.026989999999999625e+00,4.471265501504760209e+00,4.459949999999999748e-01
5.032020000000000159e+00,4.862455722804263303e+00,3.877860000000000196e-01
5.037060000000000315e+00,5.317135011344980455e+00,5.905949999999999811e-01
5.042099999999999582e+00,5.491552103774779425e+00,6.072699999999999765e-01
5.047139999999999738e+00,6.294295524228850525e+00,6.886860000000000204e-01
5.052190000000000403e+00,6.291306799156600960e+00,6.753639999999999644e-01
5.057249999999999801e+00,5.060782191920729645e+00,5.858830000000000426e-01
5.062310000000000088e+00,4.911559689784226634e+00,5.144910000000000316e-01
5.067370000000000374e+00,4.143527679721849211e+00,8.960449999999999804e-01
5.072440000000000282e+00,4.941237757581518508e+00,7.932630000000000514e-01
5.077519999999999811e+00,4.092385803991405169e+00,4.514810000000000212e-01
5.082600000000000229e+00,3.858499379730119472e+00,4.498989999999999934e-01
5.087679999999999758e+00,4.780966733523840162e+00,5.879609999999999559e-01
5.092769999999999797e+00,4.897049200098052779e+00,5.394830000000000458e-01
5.097870000000000346e+00,4.055642272983298824e+00,5.936879999999999935e-01
5.102970000000000006e+00,3.713363413722866824e+00,6.200360000000000316e-01
5.108069999999999666e+00,4.295700731701053598e+00,9.270009999999999639e-01
5.113179999999999836e+00,4.383724965622370462e+00,9.035090000000000066e-01
5.118299999999999628e+00,3.361931217540039540e+00,6.639230000000000409e-01
5.123420000000000307e+00,3.823027181374961003e+00,6.766659999999999897e-01
5.128549999999999720e+00,3.964790395629513853e+00,7.915569999999999551e-01
5.133680000000000021e+00,3.132223793868263328e+00,4.810880000000000156e-01
5.138810000000000322e+00,2.993615274404355375e+00,3.475719999999999921e-01
5.143959999999999866e+00,3.790945361780330813e+00,5.513770000000000060e-01
5.149099999999999788e+00,3.681719616706764953e+00,5.616889999999999938e-01
5.154250000000000220e+00,3.625720656667212438e+00,4.622009999999999730e-01
5.159410000000000274e+00,3.420642787412091934e+00,5.317110000000000447e-01
5.164570000000000327e+00,4.406175175742689021e+00,8.608860000000000401e-01
5.169740000000000002e+00,4.799712630930891066e+00,6.199029999999999818e-01
5.174909999999999677e+00,2.567539901197463337e+00,6.089210000000000456e-01
5.180089999999999861e+00,1.576455896106502053e+00,7.083720000000000017e-01
5.185270000000000046e+00,1.951441032147641863e+00,9.351220000000000088e-01
5.190459999999999852e+00,2.773698230659711328e+00,5.156349999999999545e-01
5.195649999999999658e+00,3.130903663805156611e+00,3.097340000000000093e-01
5.200849999999999973e+00,3.871064175621839354e+00,3.698870000000000213e-01
5.206050000000000288e+00,3.117951781905453856e+00,4.680920000000000081e-01
5.211260000000000225e+00,2.370977159757721608e+00,4.780070000000000152e-01
5.216479999999999784e+00,2.438933459974542473e+00,6.314670000000000005e-01
5.221700000000000230e+00,3.460286594281754446e+00,5.295229999999999659e-01
5.226919999999999789e+00,3.702423812821997728e+00,5.514419999999999877e-01
5.232149999999999856e+00,2.873663191194552269e+00,6.460409999999999764e-01
5.235269999999999868e+00,2.710252049892602599e+00,5.709889999999999688e-01
5.237390000000000434e+00,3.502097462353880530e+00,9.893039999999999612e-01
5.240509999999999557e+00,2.659355322961552304e+00,7.284869999999999957e-01
5.242630000000000123e+00,4.759684755996538286e+00,1.377000000000000002e+00
5.245750000000000135e+00,2.414903939402066158e+00,1.181980000000000031e+00
5.247869999999999813e+00,3.127112175152817031e+00,1.078170000000000073e+00
5.251000000000000334e+00,1.834322299695834602e+00,6.751420000000000199e-01
5.253120000000000012e+00,1.878804828264243554e+00,6.975970000000000226e-01
5.256249999999999645e+00,2.175163697795056805e+00,6.316319999999999713e-01
5.258379999999999832e+00,2.361355025943353780e+00,1.148600000000000065e+00
5.261510000000000353e+00,3.742955930425893030e+00,8.822780000000000067e-01
5.263639999999999652e+00,1.503313478137116022e+00,9.268910000000000204e-01
5.266779999999999795e+00,3.359291125394854305e+00,7.389670000000000405e-01
5.268900000000000361e+00,1.723267139636313061e+00,3.621679999999999899e-01
5.272050000000000125e+00,2.952417119659997979e+00,4.280959999999999765e-01
5.274180000000000312e+00,1.669292601017019706e+00,5.331169999999999520e-01
5.277319999999999567e+00,2.061620793468293300e+00,3.697889999999999788e-01
5.279449999999999754e+00,2.177347287642334095e+00,6.444520000000000248e-01
5.282600000000000406e+00,2.160836459605576465e+00,3.745399999999999840e-01
5.284729999999999706e+00,2.984809314881992748e+00,7.532809999999999784e-01
5.287889999999999979e+00,2.571555816867579836e+00,5.196330000000000116e-01
5.290020000000000167e+00,3.449670351288389725e+00,7.993630000000000457e-01
5.293180000000000440e+00,2.685519794196217447e+00,7.912179999999999769e-01
5.295309999999999739e+00,3.815170664766533548e+00,9.947340000000000071e-01
5.298470000000000013e+00,6.368151218998576724e-01,7.254089999999999705e-01
5.300609999999999822e+00,2.996549794073658290e+00,8.002080000000000304e-01
5.303770000000000095e+00,1.873282251999846437e+00,6.231050000000000200e-01
5.305920000000000414e+00,1.462299049488862579e+00,6.844679999999999653e-01
5.309079999999999799e+00,1.293912449737341319e+00,4.348299999999999943e-01
5.311219999999999608e+00,1.391297911429617784e+00,5.868149999999999755e-01
5.314390000000000391e+00,1.004240109454826779e+00,3.602830000000000199e-01
5.316539999999999822e+00,1.195500485732679863e+00,5.110069999999999890e-01
5.319709999999999717e+00,1.159310002424604136e+00,7.715950000000000308e-01
5.321860000000000035e+00,7.798846025948691363e-01,5.879469999999999974e-01
5.325029999999999930e+00,3.011453395726164217e+00,7.777950000000000141e-01
5.327180000000000248e+00,1.444036765281445867e+00,1.008140000000000036e+00
5.330359999999999765e+00,1.981717844507130621e+00,6.934379999999999988e-01
5.332510000000000083e+00,1.555505093944596240e+00,1.024240000000000039e+00
5.335689999999999600e+00,6.672315837395288440e-01,1.015530000000000044e+00
5.337850000000000428e+00,1.679280240301586957e+00,7.258959999999999857e-01
5.341029999999999944e+00,2.133844855573975963e+00,8.764729999999999466e-01
5.343189999999999884e+00,6.688834622156747400e-02,5.460810000000000386e-01
5.346370000000000289e+00,1.956382958601665223e+00,1.565059999999999896e+00
5.348530000000000229e+00,4.911576217800472932e-02,7.368460000000000010e-01
5.351720000000000255e+00,3.207998724529780077e+00,1.323819999999999997e+00
5.353880000000000194e+00,1.733015846143999283e+00,1.146959999999999980e+00
5.357079999999999842e+00,5.657823913329806942e-01,1.090160000000000018e+00
5.359239999999999782e+00,2.006178805018436151e+00,1.335560000000000080e+00
5.362440000000000317e+00,1.824154995800881807e+00,9.528710000000000235e-01
5.364600000000000257e+00,3.305025138966350085e+00,1.083960000000000035e+00
5.367799999999999905e+00,6.610027344664288762e-01,5.810579999999999634e-01
5.369970000000000354e+00,3.336211840606324586e+00,7.447770000000000223e-01
5.373170000000000002e+00,7.172833257610449209e-01,7.605840000000000378e-01
5.375339999999999563e+00,1.696756733715290011e+00,5.573409999999999753e-01
5.378549999999999720e+00,1.312286558353314092e+00,7.695659999999999723e-01
5.380720000000000169e+00,2.172719135410623892e+00,7.100490000000000412e-01
5.383930000000000327e+00,4.146281750113161024e-01,3.835930000000000173e-01
5.386099999999999888e+00,2.687914291045935045e+00,9.609560000000000324e-01
5.389319999999999666e+00,1.360969262098862487e+00,9.047100000000000142e-01
5.391490000000000116e+00,8.012037425398261803e-01,7.447859999999999481e-01
5.394709999999999894e+00,1.248723061591654471e+00,1.192560000000000064e+00
5.396889999999999965e+00,-5.803231288388062126e-01,6.695849999999999858e-01
5.400109999999999744e+00,1.780528053653114284e-01,7.016419999999999879e-01
5.402289999999999814e+00,1.125945200937039203e+00,1.248550000000000049e+00
5.405509999999999593e+00,1.033369333683381797e+00,6.069600000000000550e-01
5.407689999999999664e+00,2.363794617055440028e+00,1.372290000000000010e+00
5.410919999999999952e+00,2.528037923113821250e+00,5.627339999999999565e-01
5.413100000000000023e+00,1.125190811519964029e+00,1.449950000000000072e+00
5.416330000000000311e+00,1.007867111866822540e+00,6.634229999999999849e-01
5.418520000000000003e+00,1.186522707206783878e+00,1.371380000000000043e+00
5.421750000000000291e+00,1.033624119801359598e+00,9.372850000000000348e-01
5.423939999999999984e+00,2.490497263873798772e+00,1.235209999999999919e+00
5.427170000000000272e+00,4.952152833127954068e-01,1.418639999999999901e+00
5.429369999999999585e+00,1.940882982094564113e+00,8.921639999999999571e-01
5.432599999999999874e+00,4.630209663566731138e+00,1.144239999999999924e+00
5.434800000000000075e+00,1.892084689275307596e+00,8.250600000000000156e-01
5.438039999999999985e+00,2.727795752369637228e+00,8.124620000000000175e-01
5.440240000000000187e+00,1.443072656199824166e+00,7.946309999999999762e-01
5.443480000000000096e+00,2.010476733301203467e+00,5.917940000000000422e-01
5.445680000000000298e+00,6.919496792662727103e-01,3.988410000000000011e-01
5.448929999999999829e+00,5.737241999898401446e-01,3.779819999999999847e-01
5.451130000000000031e+00,4.626876963729031900e-01,4.345539999999999958e-01
5.454379999999999562e+00,9.203938549745060982e-02,3.277660000000000018e-01
5.456579999999999764e+00,1.686687574836199133e+00,6.240099999999999536e-01
5.459839999999999804e+00,1.093595468399904291e+00,8.002700000000000369e-01
5.462040000000000006e+00,1.485822815986864498e+00,6.157470000000000443e-01
5.465300000000000047e+00,1.660991833712522237e+00,8.251579999999999471e-01
5.467500000000000249e+00,7.344924605704434839e-01,7.437899999999999512e-01
5.470769999999999911e+00,-5.279968592711554720e-01,7.863409999999999567e-01
5.472979999999999734e+00,1.748161021486659195e+00,1.180809999999999915e+00
5.476239999999999775e+00,1.085927029473893413e+00,7.584199999999999831e-01
5.478449999999999598e+00,1.920047441234935093e+00,9.707200000000000273e-01
5.481720000000000148e+00,7.294395351405782435e-01,7.175979999999999581e-01
5.483929999999999971e+00,8.022168314200683881e-01,9.006640000000000201e-01
5.487199999999999633e+00,1.396366564061963800e-01,7.294580000000000508e-01
5.489419999999999966e+00,4.711565538621371729e-01,8.854070000000000551e-01
5.492689999999999628e+00,-7.100430104464550141e-02,7.979450000000000154e-01
5.494909999999999961e+00,5.909614937342482222e-01,9.976850000000000440e-01
5.498190000000000133e+00,1.037803818306890946e+00,8.782180000000000542e-01
5.500409999999999577e+00,-1.259023803064707181e-02,9.431079999999999464e-01
5.503689999999999749e+00,-8.634452935972305454e-01,1.133029999999999982e+00
5.505910000000000082e+00,1.781947792858744606e-01,6.841639999999999944e-01
5.509199999999999875e+00,-1.392372663092359630e+00,1.432979999999999920e+00
5.511420000000000208e+00,2.079195746792649402e+00,8.006079999999999863e-01
5.514710000000000001e+00,6.965140207880935463e-01,9.480619999999999603e-01
5.516930000000000334e+00,2.151804726102525933e+00,4.029420000000000224e-01
5.520229999999999748e+00,-2.098052632898586012e-01,5.092489999999999517e-01
5.522450000000000081e+00,1.794201901376290209e+00,3.550490000000000035e-01
5.525750000000000384e+00,5.404605205647854405e-01,5.636820000000000164e-01
5.527980000000000338e+00,1.592473752972630052e+00,4.299660000000000148e-01
5.531279999999999752e+00,1.389692248341532377e+00,4.750130000000000186e-01
5.533509999999999707e+00,1.472410461827855954e+00,4.413929999999999798e-01
5.536810000000000009e+00,5.401797873472276024e-01,6.197049999999999503e-01
5.539049999999999585e+00,1.298193444785148642e+00,6.376249999999999973e-01
5.542349999999999888e+00,1.121048026220989868e-01,6.725950000000000539e-01
5.544590000000000352e+00,2.230711788594121003e+00,8.379229999999999734e-01
5.547900000000000276e+00,8.677533193744508822e-01,9.641150000000000553e-01
5.550139999999999851e+00,2.769147623085125076e+00,6.141159999999999952e-01
5.553449999999999775e+00,1.871913611820986034e+00,6.080250000000000377e-01
5.555690000000000239e+00,1.262189048439786632e+00,5.124589999999999979e-01
5.559000000000000163e+00,1.836970355939712363e+00,5.269899999999999585e-01
5.561250000000000249e+00,2.221218798068981926e+00,5.339479999999999782e-01
5.564560000000000173e+00,1.648106468207728881e+00,6.235760000000000192e-01
5.566810000000000258e+00,1.987124093800062496e+00,1.050890000000000102e+00
5.570129999999999804e+00,1.567507480813233656e+00,7.090980000000000061e-01
5.572379999999999889e+00,1.610788162619947173e+00,1.143219999999999903e+00
5.575700000000000323e+00,9.957599760863047322e-01,3.417930000000000135e-01
5.577960000000000029e+00,1.879796338067592387e+00,1.145129999999999981e+00
5.581279999999999575e+00,1.052547478874338083e+00,5.068099999999999827e-01
5.583540000000000170e+00,2.331134686944828616e+00,9.485019999999999563e-01
5.586870000000000225e+00,1.346055107141225449e+00,7.590249999999999497e-01
5.589120000000000310e+00,3.804876353864372618e-01,7.160959999999999548e-01
5.592459999999999987e+00,5.579684186688069758e-01,7.958589999999999831e-01
5.594710000000000072e+00,-5.126093461178982125e-02,6.398409999999999931e-01
5.598049999999999748e+00,2.344717557112545592e-01,4.715349999999999819e-01
5.600310000000000343e+00,2.069173810464050689e+00,9.336189999999999767e-01
5.603650000000000020e+00,5.362491201325951806e-01,4.182739999999999791e-01
5.605920000000000236e+00,2.960176536568987160e+00,8.963240000000000096e-01
5.609259999999999913e+00,6.685127590017714283e-03,5.822709999999999830e-01
5.611519999999999619e+00,2.624032181635840288e+00,8.794250000000000123e-01
5.614869999999999806e+00,1.678644113089973189e-01,4.215160000000000018e-01
5.617140000000000022e+00,2.801424258644864551e+00,1.165969999999999951e+00
5.620490000000000208e+00,7.259709937095450982e-01,3.169890000000000208e-01
5.622760000000000424e+00,2.830337456690230624e+00,9.656639999999999668e-01
5.626109999999999722e+00,5.121892127160805330e-01,6.739260000000000250e-01
5.628379999999999939e+00,1.821755864578342710e+00,8.150969999999999605e-01
5.631739999999999746e+00,-5.148970092611619975e-01,5.249650000000000150e-01
5.634019999999999584e+00,1.239363204584265077e+00,6.917119999999999935e-01
5.637380000000000280e+00,3.919962659444848896e-01,3.478950000000000098e-01
5.639649999999999608e+00,2.522243930430292380e+00,6.750720000000000054e-01
5.643019999999999925e+00,6.002531012590921478e-01,3.358499999999999819e-01
5.645290000000000141e+00,2.029781560490754089e+00,7.597559999999999869e-01
5.648659999999999570e+00,1.175257415013341245e+00,5.274199999999999999e-01
5.650940000000000296e+00,7.038597419922396625e-01,9.504160000000000386e-01
5.654309999999999725e+00,1.865692586483397974e+00,7.539670000000000538e-01
5.656600000000000072e+00,1.613261950219680330e+00,9.701739999999999808e-01
5.659970000000000390e+00,9.673420397514149727e-01,8.875899999999999901e-01
5.662259999999999849e+00,1.817272267159495414e+00,7.017370000000000552e-01
5.665630000000000166e+00,1.453789924378916965e+00,1.163859999999999895e+00
5.667919999999999625e+00,2.673774439453403318e+00,7.875440000000000218e-01
5.671299999999999564e+00,1.360218866186755804e+00,9.703319999999999723e-01
5.673589999999999911e+00,3.574850994720506492e+00,9.503800000000000026e-01
5.676980000000000359e+00,7.084118566112707072e-01,5.501150000000000206e-01
5.679269999999999818e+00,1.667384889480558741e+00,8.967610000000000303e-01
5.682660000000000267e+00,1.110153367291154325e+00,4.718049999999999744e-01
5.684949999999999726e+00,1.114606819348935574e-01,6.650329999999999853e-01
5.688340000000000174e+00,1.102326971961431923e+00,5.825989999999999780e-01
5.690640000000000143e+00,1.990159847853938402e+00,1.008340000000000014e+00
5.694029999999999703e+00,9.615139405792021421e-01,5.233029999999999626e-01
5.696329999999999671e+00,2.213767356947982989e+00,1.090950000000000086e+00
5.699729999999999741e+00,7.638967410596109175e-01,5.310770000000000213e-01
5.702029999999999710e+00,3.476386572835821198e-02,1.535539999999999905e+00
5.705429999999999779e+00,1.218560737201940469e+00,3.818099999999999827e-01
5.711140000000000327e+00,1.044285828848664721e+00,3.238300000000000067e-01
5.716849999999999987e+00,2.167580011404126594e-01,2.539120000000000266e-01
5.722570000000000157e+00,-4.964387876486142659e-02,2.821779999999999844e-01
5.728299999999999947e+00,6.152619503339735729e-01,5.735770000000000035e-01
5.734029999999999738e+00,1.626362581842364818e+00,1.702230000000000132e-01
5.739770000000000039e+00,-7.079649360459683294e-01,1.374379999999999935e+00
5.745510000000000339e+00,-1.155032592850140816e+00,9.773190000000000488e-01
5.751260000000000261e+00,-8.175646741273894236e-01,7.576140000000000096e-01
5.757010000000000183e+00,2.784278669524127281e-01,6.566990000000000327e-01
5.762769999999999726e+00,8.643192899548992614e-01,5.854409999999999892e-01
5.768539999999999779e+00,-6.943096309239109587e-01,6.646229999999999638e-01
5.774309999999999832e+00,-3.955681143657372445e-01,4.277810000000000223e-01
5.780090000000000394e+00,1.736415641247319286e+00,1.104479999999999906e+00
5.785870000000000068e+00,2.775633755575455552e+00,8.679590000000000360e-01
5.791660000000000252e+00,1.058556267997104783e+00,9.107990000000000252e-01
5.797450000000000436e+00,-2.056232418432415443e-01,5.757390000000000008e-01
5.803250000000000242e+00,-5.306366203141834603e-01,6.727760000000000407e-01
5.809059999999999668e+00,-8.207040981925999290e-01,8.315139999999999754e-01
5.814869999999999983e+00,7.512702778441280316e-01,9.600480000000000125e-01
5.820689999999999920e+00,7.922515514405930048e-01,7.241020000000000234e-01
5.826509999999999856e+00,-1.303625558013337127e-01,9.306499999999999773e-01
5.832340000000000302e+00,-1.117309199686147281e+00,6.775099999999999456e-01
5.838180000000000369e+00,-8.410935379530570799e-02,4.585870000000000224e-01
5.844020000000000437e+00,-2.608624576318092636e-01,4.372829999999999773e-01
5.849870000000000125e+00,-1.981092517948468412e-01,6.038780000000000259e-01
5.855719999999999814e+00,2.830529054640109621e-01,1.097380000000000022e+00
5.861580000000000013e+00,1.318780755689374473e+00,1.090260000000000007e+00
5.867440000000000211e+00,1.061179147682324242e+00,5.754559999999999675e-01
5.873310000000000031e+00,3.169021774424436444e-01,7.455349999999999477e-01
5.879190000000000360e+00,-6.250721651722344063e-01,4.978859999999999952e-01
5.885069999999999801e+00,-5.740355305227211602e-01,5.642759999999999998e-01
5.890959999999999752e+00,-5.123380823517749150e-01,7.979249999999999954e-01
5.896849999999999703e+00,1.803310553832062624e-01,4.418409999999999838e-01
5.902750000000000163e+00,-9.198069329238478531e-02,5.563139999999999752e-01
5.908660000000000245e+00,-1.487803490740020607e-01,7.332030000000000491e-01
5.914570000000000327e+00,6.070793395241906865e-01,5.288880000000000248e-01
5.920490000000000030e+00,-2.180259354180549280e-01,3.621809999999999752e-01
5.926409999999999734e+00,-4.573451163788178064e-01,3.616590000000000082e-01
5.932339999999999947e+00,1.963948617247268658e-01,8.627010000000000511e-01
5.938279999999999781e+00,1.137048664269997289e-01,9.487919999999999687e-01
5.944219999999999615e+00,7.572402655764847168e-01,1.139340000000000019e+00
5.950160000000000338e+00,8.693160207344590162e-01,4.902590000000000003e-01
5.956120000000000303e+00,2.231533644730490096e-01,3.151209999999999845e-01
5.962080000000000268e+00,1.095611584007372130e-02,2.668909999999999894e-01
5.968040000000000234e+00,4.883393880331112769e-01,3.896569999999999756e-01
5.974009999999999820e+00,3.931678432139307233e-01,3.314119999999999844e-01
5.979989999999999917e+00,7.030531575940983657e-01,5.144819999999999949e-01
5.985970000000000013e+00,2.024459876959312510e+00,3.578529999999999767e-01
5.991959999999999731e+00,2.031249448222027354e+00,3.575030000000000152e-01
5.997959999999999958e+00,2.820933919131419998e+00,4.347619999999999818e-01
6.003960000000000186e+00,2.920481429851250255e+00,4.590199999999999836e-01
6.009960000000000413e+00,2.065407399918456122e+00,2.466899999999999926e-01
6.015979999999999883e+00,2.171511318682476599e+00,3.552710000000000035e-01
6.022000000000000242e+00,3.065520643035441140e+00,6.719789999999999930e-01
6.028019999999999712e+00,3.483650947224163019e+00,6.964000000000000190e-01
6.034049999999999692e+00,2.041156991328833215e+00,5.929250000000000353e-01
6.040090000000000181e+00,2.126151653803347585e+00,5.358680000000000110e-01
6.046129999999999782e+00,1.962610554248030326e+00,6.188449999999999784e-01
6.052179999999999893e+00,2.153859850321566682e-01,6.152079999999999771e-01
6.058239999999999625e+00,-2.903087935557948640e-01,7.415599999999999969e-01
6.064300000000000246e+00,1.532046935045769942e-01,1.125990000000000046e+00
6.070359999999999978e+00,1.373442332977631963e+00,6.889079999999999648e-01
6.076439999999999841e+00,1.818986850773001152e+00,5.118570000000000064e-01
6.082519999999999705e+00,1.845884411268940539e+00,3.603680000000000216e-01
6.088599999999999568e+00,2.798151059044116096e+00,3.942510000000000181e-01
6.094699999999999562e+00,3.428265499985840847e+00,3.597029999999999950e-01
6.100789999999999935e+00,3.788347856991222784e+00,5.050170000000000492e-01
6.106900000000000439e+00,4.465306389527441411e+00,7.932339999999999947e-01
6.113010000000000055e+00,3.452094719540426127e+00,6.013659999999999561e-01
6.119119999999999671e+00,2.626029130284578628e+00,4.564590000000000036e-01
6.125239999999999796e+00,3.228054273462007018e+00,5.389909999999999979e-01
6.131370000000000431e+00,3.160684892079828501e+00,1.068610000000000060e+00
6.137509999999999799e+00,4.945435887250312135e+00,8.278919999999999613e-01
6.143650000000000055e+00,4.907995414811324508e+00,9.807519999999999571e-01
6.149790000000000312e+00,7.948079999048516697e+00,3.889670000000000072e-01
6.155949999999999811e+00,9.380158288253497290e+00,7.210809999999999720e-01
6.162110000000000198e+00,1.056549315845394688e+01,7.176879999999999926e-01
6.168269999999999698e+00,1.333770129593715126e+01,1.014710000000000001e+00
6.174439999999999706e+00,1.826912438451144283e+01,1.583220000000000072e+00
6.180620000000000225e+00,2.015687820807669084e+01,7.764910000000000423e-01
6.186799999999999855e+00,2.189805429048418262e+01,1.457899999999999974e+00
6.192989999999999995e+00,2.408419365623122133e+01,8.695089999999999764e-01
6.199189999999999756e+00,2.602661249539069388e+01,5.259399999999999631e-01
6.205390000000000406e+00,2.727440339915980871e+01,7.749000000000000332e-01
6.211599999999999788e+00,2.976470697796050047e+01,6.959629999999999983e-01
6.217819999999999681e+00,2.931453983148522013e+01,9.777059999999999640e-01
6.224039999999999573e+00,3.023029537595812144e+01,1.262219999999999898e+00
6.230260000000000353e+00,3.099899079001743019e+01,4.271039999999999837e-01
6.236500000000000377e+00,3.255188967246598963e+01,7.872310000000000141e-01
6.242740000000000400e+00,3.349076267135984608e+01,6.256639999999999979e-01
6.248980000000000423e+00,3.259162713158093538e+01,3.889139999999999819e-01
6.255239999999999689e+00,3.122274681946340991e+01,9.254379999999999828e-01
6.261490000000000222e+00,3.105826961543306197e+01,1.017400000000000082e+00
6.267759999999999998e+00,2.919808283225647472e+01,1.174909999999999899e+00
6.274029999999999774e+00,2.544295764473454824e+01,7.814769999999999772e-01
6.280310000000000059e+00,2.441453525285722037e+01,7.770820000000000505e-01
6.286590000000000344e+00,2.352820998627501581e+01,7.425910000000000011e-01
6.292880000000000251e+00,2.189462349521974716e+01,5.654959999999999987e-01
6.299179999999999779e+00,1.949239413660910714e+01,1.088959999999999928e+00
6.305480000000000196e+00,1.754371598803507482e+01,1.001230000000000064e+00
6.311790000000000234e+00,1.487503163214212520e+01,5.656330000000000524e-01
6.318100000000000271e+00,1.518793480862842671e+01,6.214960000000000484e-01
6.324419999999999931e+00,1.334166883703383633e+01,7.547970000000000512e-01
6.330750000000000099e+00,1.321035275919290086e+01,9.104349999999999943e-01
6.337080000000000268e+00,1.137777963737289610e+01,1.604139999999999899e+00
6.343420000000000059e+00,1.014179415718051303e+01,1.304059999999999997e+00
6.349770000000000358e+00,1.122501579314706532e+01,4.296809999999999796e-01
6.356119999999999770e+00,9.967436671745318222e+00,3.863409999999999900e-01
6.362479999999999691e+00,9.166503108434810088e+00,3.602799999999999891e-01
6.368850000000000122e+00,8.075735013974124854e+00,7.515659999999999563e-01
6.375219999999999665e+00,6.541323318242135088e+00,8.046060000000000434e-01
6.381599999999999717e+00,5.856616232790244680e+00,9.317480000000000206e-01
6.387979999999999769e+00,6.982703714308016174e+00,7.524359999999999937e-01
6.394379999999999953e+00,5.661566414350673426e+00,4.207500000000000129e-01
6.400769999999999627e+00,6.142931777429510021e+00,5.751929999999999543e-01
6.407180000000000319e+00,6.009213768107287024e+00,7.893980000000000441e-01
6.413590000000000124e+00,4.413469075007313336e+00,6.505760000000000431e-01
6.419999999999999929e+00,4.366416499593583467e+00,1.128970000000000029e+00
6.426429999999999865e+00,6.610944487314171170e+00,1.224739999999999940e+00
6.432859999999999800e+00,5.236105565424352903e+00,9.383420000000000094e-01
6.439289999999999736e+00,4.443518711926529363e+00,6.087519999999999598e-01
6.445739999999999803e+00,3.744577794278015404e+00,6.840870000000000006e-01
6.452180000000000248e+00,4.173092255753886093e+00,8.652079999999999771e-01
6.458639999999999937e+00,4.315396394472827524e+00,6.139989999999999615e-01
6.465099999999999625e+00,4.674534565856703239e+00,6.246019999999999905e-01
6.471569999999999823e+00,5.067567384787025730e+00,5.987160000000000259e-01
6.478040000000000020e+00,4.831674839743129724e+00,5.880189999999999584e-01
6.484530000000000349e+00,2.409463300531044183e+00,6.977389999999999981e-01
6.491010000000000169e+00,1.607224903440481967e+00,4.977969999999999895e-01
6.497510000000000119e+00,2.369713081372310626e+00,3.530300000000000105e-01
6.504010000000000069e+00,2.452460403492864316e+00,3.584629999999999761e-01
6.510519999999999641e+00,2.388334662993472080e+00,3.536259999999999959e-01
6.517030000000000101e+00,2.566909764467581567e+00,2.951449999999999907e-01
6.523550000000000182e+00,2.216656114516297293e+00,2.939209999999999878e-01
6.530079999999999885e+00,2.653397331922931812e+00,3.658859999999999890e-01
6.536609999999999587e+00,2.032003860092913783e+00,4.190209999999999768e-01
6.543149999999999800e+00,1.659150310814737850e+00,3.886060000000000070e-01
6.549699999999999633e+00,1.124860771647334445e+00,3.228659999999999863e-01
6.556250000000000355e+00,6.079019414676736233e-01,3.222450000000000037e-01
6.562809999999999810e+00,-2.719470738139619925e-01,4.343940000000000023e-01
6.569379999999999775e+00,5.463828577848062196e-02,5.550490000000000146e-01
6.575949999999999740e+00,1.564620688740660626e+00,7.605539999999999523e-01
6.582530000000000214e+00,2.144384026568346258e+00,6.758539999999999548e-01
6.589109999999999800e+00,1.392288089091408665e+00,5.414010000000000211e-01
6.595710000000000406e+00,2.318986964699661257e+00,3.677039999999999753e-01
6.602299999999999613e+00,1.709205345001080900e+00,4.032299999999999773e-01
6.608909999999999840e+00,2.138869375877376910e+00,4.290419999999999789e-01
6.615520000000000067e+00,1.957765923164004107e+00,5.104899999999999993e-01
6.622139999999999915e+00,2.417989331390558050e+00,9.337410000000000432e-01
6.628770000000000273e+00,3.488465599603784995e+00,6.522630000000000372e-01
6.635399999999999743e+00,3.292843567435966179e+00,4.235760000000000081e-01
6.642039999999999722e+00,3.118123254507096931e+00,4.105240000000000000e-01
6.648679999999999701e+00,2.643850035138370913e+00,4.959810000000000052e-01
6.655330000000000190e+00,1.856427845360144602e+00,2.481720000000000037e-01
6.661990000000000300e+00,1.702183463493412319e+00,3.610840000000000161e-01
6.668660000000000032e+00,2.370343866328553872e+00,3.205080000000000151e-01
6.675329999999999764e+00,1.432147200028992984e+00,2.476299999999999890e-01
6.682010000000000005e+00,1.638505738827717551e+00,3.964949999999999863e-01
6.688690000000000246e+00,1.756953764018803099e+00,5.898539999999999894e-01
6.695389999999999731e+00,4.601031933454038381e-01,5.003300000000000525e-01
6.702090000000000103e+00,6.041933186896528696e-01,5.625999999999999890e-01
6.708789999999999587e+00,1.451345610543199882e+00,4.792460000000000053e-01
6.715499999999999581e+00,2.799783458841474726e+00,3.602509999999999879e-01
6.722220000000000084e+00,3.310535131705648837e+00,3.430219999999999936e-01
6.728950000000000209e+00,3.447929100451020190e+00,2.478579999999999950e-01
6.735680000000000334e+00,3.375285205828106427e+00,2.339779999999999915e-01
6.742420000000000080e+00,3.676336412187268365e+00,4.513380000000000170e-01
6.749159999999999826e+00,2.390098083181854349e+00,5.444769999999999888e-01
6.755919999999999703e+00,1.247824182660352221e+00,5.741810000000000525e-01
6.762679999999999580e+00,1.461214358347689313e+00,6.257329999999999837e-01
6.769440000000000346e+00,1.530390662735555907e+00,4.468059999999999810e-01
6.776220000000000354e+00,8.031223331870620541e-01,1.004410000000000025e+00
6.782989999999999853e+00,5.484683782683958952e-01,8.433829999999999938e-01
6.789780000000000371e+00,6.046295804799797224e-01,6.170149999999999801e-01
6.796570000000000000e+00,3.923811023452117297e-01,5.992359999999999909e-01
6.803370000000000140e+00,-8.982257079938449351e-02,3.655419999999999781e-01
6.810179999999999900e+00,-8.657000396171383727e-01,4.721839999999999926e-01
6.816989999999999661e+00,-5.565570768789314116e-01,4.992010000000000058e-01
6.823820000000000441e+00,5.071129365751545492e-01,5.913850000000000495e-01
6.830639999999999823e+00,1.741915683198925535e+00,4.664539999999999798e-01
6.837480000000000224e+00,1.578705402820560266e+00,5.173109999999999653e-01
6.844319999999999737e+00,8.110215573272938627e-01,3.881729999999999903e-01
6.851169999999999760e+00,2.067236555136432230e+00,5.912110000000000420e-01
6.858019999999999783e+00,1.597126661010733528e+00,7.655960000000000543e-01
6.864880000000000315e+00,1.826767441424209437e+00,4.618120000000000003e-01
6.871749999999999581e+00,1.215485828139847513e+00,5.171090000000000408e-01
6.878619999999999735e+00,1.980051650410970865e+00,6.940800000000000303e-01
6.885510000000000019e+00,3.102701976143677598e+00,3.050680000000000058e-01
6.892400000000000304e+00,3.212247718391793683e+00,6.172440000000000149e-01
6.899289999999999701e+00,1.918609698976311506e+00,7.251189999999999580e-01
6.906189999999999607e+00,7.924699032239317376e-01,4.041399999999999992e-01
6.913100000000000023e+00,1.140751848493124498e+00,2.342500000000000138e-01
6.920020000000000060e+00,7.573783637879785147e-01,4.258609999999999896e-01
6.926940000000000097e+00,1.206508068655907095e+00,6.095699999999999452e-01
6.933869999999999756e+00,1.295824817931389816e+00,4.550489999999999813e-01
6.937359999999999971e+00,-2.974472144754003011e+00,9.373489999999999878e-01
6.940809999999999924e+00,7.272497081145559150e-01,4.418449999999999878e-01
6.944300000000000139e+00,-3.593004526270817678e+00,1.076789999999999914e+00
6.947759999999999714e+00,6.527031393104181234e-01,4.714679999999999982e-01
6.951249999999999929e+00,-2.127848939528107053e+00,1.535339999999999927e+00
6.954710000000000392e+00,1.273397749778411026e-01,5.189150000000000151e-01
6.958199999999999719e+00,-5.106509560853993435e-01,1.342459999999999987e+00
6.961669999999999803e+00,6.158434762155309272e-01,9.087619999999999587e-01
6.965160000000000018e+00,7.788732853095154951e-01,6.827750000000000208e-01
6.968630000000000102e+00,3.453677946792481634e-01,1.333399999999999919e+00
6.972129999999999939e+00,9.851422567176086886e-01,5.763779999999999459e-01
6.975600000000000023e+00,-7.314039352304178010e-01,1.282219999999999915e+00
6.979110000000000369e+00,2.359073725475596461e+00,5.822969999999999535e-01
6.982579999999999565e+00,9.674458781801007490e-01,5.573150000000000048e-01
6.986089999999999911e+00,2.538820243912610408e+00,5.232670000000000377e-01
6.989569999999999617e+00,1.485834119097134476e+00,5.846120000000000205e-01
6.993079999999999963e+00,1.833063556157270568e+00,3.773770000000000180e-01
6.996559999999999668e+00,2.742913161088154084e+00,8.405709999999999571e-01
7.000079999999999636e+00,2.012719658176521875e+00,5.181019999999999515e-01
7.003560000000000230e+00,2.559363508901114415e+00,7.764870000000000383e-01
7.007080000000000197e+00,3.249941010345153813e+00,7.742890000000000050e-01
7.010570000000000412e+00,1.710100268760811559e+00,4.840679999999999983e-01
7.014090000000000380e+00,3.197406605016311687e+00,6.996769999999999934e-01
7.017579999999999707e+00,2.169276251606646611e+00,9.719799999999999551e-01
7.021110000000000184e+00,2.245030653589026315e+00,7.385380000000000278e-01
7.024600000000000399e+00,2.869568670928401843e+00,9.639799999999999480e-01
7.028129999999999988e+00,8.469665871924689782e-01,1.058489999999999931e+00
7.031629999999999825e+00,3.377890841772028807e+00,8.543220000000000258e-01
7.035160000000000302e+00,9.748895633613585687e-01,1.432819999999999983e+00
7.038669999999999760e+00,3.797155357950614984e+00,1.091199999999999948e+00
7.042200000000000237e+00,3.182711995690482354e+00,8.639909999999999535e-01
7.045709999999999695e+00,6.484517155425621127e+00,1.772899999999999920e+00
7.049249999999999794e+00,3.607345573732885669e+00,8.343639999999999946e-01
7.052760000000000140e+00,5.441647243076317864e+00,1.286839999999999984e+00
7.056300000000000239e+00,2.003946571591228576e+00,9.936180000000000012e-01
7.059809999999999697e+00,5.136702519365186959e+00,1.302059999999999995e+00
7.063360000000000305e+00,1.929183209598605231e+00,4.063640000000000030e-01
7.066880000000000273e+00,3.038102517821826609e+00,1.757800000000000029e+00
7.070429999999999993e+00,1.401965360089860724e+00,5.706740000000000146e-01
7.073949999999999960e+00,-6.857492544657617373e-01,2.678620000000000001e+00
7.077499999999999680e+00,9.434527847082279095e-01,5.733080000000000398e-01
7.084579999999999878e+00,1.860307301773744371e+00,4.926170000000000271e-01
7.091669999999999696e+00,1.783436953072396136e+00,4.972489999999999966e-01
7.098770000000000024e+00,2.313749042505207854e+00,5.429030000000000244e-01
7.105870000000000353e+00,1.524409563608756457e+00,1.117269999999999985e+00
7.112980000000000302e+00,3.660699361182793155e-01,9.848479999999999457e-01
7.120090000000000252e+00,1.160900192108229589e+00,7.813059999999999450e-01
7.127220000000000333e+00,1.879278648274762986e+00,5.686679999999999513e-01
7.134350000000000414e+00,8.606414359543208548e-01,6.712380000000000013e-01
7.141490000000000116e+00,1.093627567147095192e+00,7.800340000000000051e-01
7.148629999999999818e+00,-9.625837317637007118e-01,1.137850000000000028e+00
7.155780000000000030e+00,-7.463602250507079816e-01,1.285830000000000028e+00
7.162939999999999863e+00,1.099199800572108643e+00,8.122840000000000060e-01
7.170110000000000205e+00,1.805997300856887477e+00,6.274239999999999817e-01
7.177279999999999660e+00,1.177222697717780875e+00,6.797419999999999574e-01
7.184459999999999624e+00,4.324927619353360342e-01,8.619630000000000347e-01
7.191650000000000098e+00,-1.009293447471904415e+00,7.518089999999999495e-01
7.198850000000000193e+00,3.476236264988585845e-02,9.322979999999999601e-01
7.206050000000000288e+00,1.864876085195220412e+00,7.174620000000000442e-01
7.213260000000000005e+00,1.191739147077981897e+00,7.298369999999999580e-01
7.220480000000000231e+00,1.112372896387654464e+00,6.553620000000000001e-01
7.227699999999999569e+00,1.097117160614502041e+00,9.121059999999999723e-01
7.234930000000000305e+00,7.796836479158031352e-01,1.020880000000000010e+00
7.242169999999999774e+00,2.173094458861157818e+00,7.227390000000000203e-01
7.249419999999999753e+00,1.784371959600264290e+00,6.699920000000000320e-01
7.256669999999999732e+00,2.171872408451989145e+00,7.261710000000000109e-01
7.263930000000000220e+00,2.158292614768882345e+00,8.499259999999999593e-01
7.271200000000000330e+00,1.017655620475991896e+00,6.298789999999999667e-01
7.278470000000000439e+00,2.102329524344170864e+00,5.240040000000000253e-01
7.285750000000000171e+00,1.906000388873891893e+00,5.482580000000000231e-01
7.293040000000000411e+00,1.794691936846717795e+00,6.231229999999999825e-01
7.300340000000000273e+00,2.036428161901156386e+00,7.908230000000000537e-01
7.307640000000000136e+00,9.965923868797972318e-01,9.175839999999999552e-01
7.314960000000000129e+00,1.234494496267060981e+00,9.971050000000000191e-01
7.322269999999999612e+00,4.086246712779029622e+00,7.258719999999999617e-01
7.329600000000000115e+00,5.489786451595065842e+00,5.660239999999999716e-01
7.336929999999999730e+00,7.543874074298415167e+00,8.726829999999999865e-01
7.344269999999999854e+00,6.831169029964399897e+00,1.253279999999999950e+00
7.351619999999999600e+00,5.221696970332814658e+00,1.455270000000000064e+00
7.358979999999999855e+00,6.749483824301478307e+00,1.220059999999999922e+00
7.366340000000000110e+00,6.502941256676393778e+00,9.776420000000000110e-01
7.373709999999999987e+00,7.308716492447601354e+00,1.215899999999999981e+00
7.381090000000000373e+00,6.230836163817940587e+00,1.453910000000000036e+00
7.388469999999999871e+00,5.822721791531122904e+00,1.058680000000000065e+00
7.395859999999999879e+00,7.323011880772952509e+00,1.111650000000000027e+00
7.403260000000000396e+00,8.761733772209495896e+00,7.376249999999999751e-01
7.410669999999999646e+00,8.727915089021806239e+00,7.889720000000000066e-01
7.418090000000000295e+00,8.618583737901616360e+00,1.078019999999999978e+00
7.425510000000000055e+00,8.900176850494574410e+00,1.001079999999999970e+00
7.432940000000000325e+00,8.761319420134569214e+00,1.111399999999999944e+00
7.440369999999999706e+00,1.155945441628195169e+01,8.498639999999999528e-01
7.447820000000000107e+00,1.320478469672053734e+01,7.120919999999999472e-01
7.455269999999999619e+00,1.422717068815279617e+01,8.449200000000000044e-01
7.462729999999999642e+00,1.324222739497243140e+01,9.419410000000000283e-01
7.470189999999999664e+00,1.332340904556899375e+01,1.436229999999999896e+00
7.477669999999999817e+00,1.682389883104094963e+01,1.257430000000000048e+00
7.485149999999999970e+00,1.819557849912335712e+01,1.037320000000000020e+00
7.492639999999999745e+00,1.849405382797652919e+01,4.656449999999999756e-01
7.500130000000000408e+00,1.915378955425359209e+01,3.924579999999999735e-01
7.507640000000000313e+00,1.910595073382688724e+01,6.185009999999999675e-01
7.515150000000000219e+00,2.168843892089627445e+01,6.693900000000000405e-01
7.522669999999999746e+00,2.242485143977160078e+01,6.437850000000000517e-01
7.530190000000000161e+00,2.397266277507608834e+01,5.738499999999999712e-01
7.537729999999999819e+00,2.359302139829223677e+01,5.004990000000000272e-01
7.545270000000000366e+00,2.323484713620760544e+01,5.197610000000000285e-01
7.552819999999999645e+00,2.473272964137973418e+01,1.109420000000000073e+00
7.560380000000000322e+00,2.720370165429781650e+01,6.372529999999999584e-01
7.567940000000000111e+00,2.862724879877724504e+01,7.502290000000000347e-01
7.575510000000000410e+00,2.918595545449755946e+01,5.832509999999999639e-01
7.583090000000000330e+00,2.880285511626007633e+01,6.703350000000000142e-01
7.590679999999999872e+00,2.929698158072416447e+01,1.223479999999999901e+00
7.598270000000000302e+00,3.130982847395137014e+01,9.420399999999999885e-01
7.605870000000000353e+00,3.193197389569481004e+01,7.709380000000000122e-01
7.613480000000000025e+00,3.207745240467448866e+01,1.074989999999999890e+00
7.621100000000000207e+00,3.402029886473775377e+01,1.103189999999999893e+00
7.628730000000000011e+00,3.373154844588373180e+01,1.032810000000000006e+00
7.636359999999999815e+00,3.502970370171318848e+01,7.440989999999999549e-01
7.644000000000000128e+00,3.508133605810655808e+01,4.698120000000000074e-01
7.651650000000000063e+00,3.544548145736624178e+01,6.566170000000000062e-01
7.659299999999999997e+00,3.504764714651253144e+01,6.296129999999999782e-01
7.666970000000000063e+00,3.469092890213016744e+01,7.659589999999999455e-01
7.674640000000000128e+00,3.568130668931402738e+01,7.395230000000000414e-01
7.682310000000000194e+00,3.592982099637374915e+01,5.703040000000000331e-01
7.690000000000000391e+00,3.637956131369244872e+01,6.770429999999999504e-01
7.697700000000000209e+00,3.560003865033256432e+01,9.973990000000000355e-01
7.705400000000000027e+00,3.476976842188157946e+01,1.171280000000000099e+00
7.713110000000000355e+00,3.534031325995735529e+01,1.000280000000000058e+00
7.720819999999999794e+00,3.594119078676064305e+01,8.276040000000000063e-01
7.728550000000000253e+00,3.585448220829113097e+01,6.801049999999999596e-01
7.736279999999999824e+00,3.499218563665650095e+01,1.060610000000000053e+00
7.744019999999999904e+00,3.440886114276324292e+01,1.095830000000000082e+00
7.751769999999999605e+00,3.550954829046764871e+01,7.721540000000000070e-01
7.759520000000000195e+00,3.643776954216752983e+01,5.544120000000000159e-01
7.767290000000000028e+00,3.688060046889651744e+01,4.963910000000000267e-01
7.775059999999999860e+00,3.694804716891309226e+01,8.613950000000000218e-01
7.782840000000000202e+00,3.608366775463869658e+01,9.654909999999999881e-01
7.790619999999999656e+00,3.671198758052648259e+01,9.025290000000000257e-01
7.798420000000000130e+00,3.772807961118283515e+01,8.137739999999999974e-01
7.806219999999999715e+00,3.787895438876165599e+01,7.613969999999999905e-01
7.814029999999999809e+00,3.812216940164796597e+01,1.088519999999999932e+00
7.821850000000000414e+00,3.736976680548838203e+01,1.396279999999999966e+00
7.829670000000000130e+00,3.758327440765631877e+01,1.176590000000000025e+00
7.837509999999999977e+00,3.749976440656229215e+01,7.819340000000000179e-01
7.845349999999999824e+00,3.760425051476275371e+01,6.851300000000000168e-01
7.853200000000000180e+00,3.733929071724736559e+01,9.335809999999999942e-01
7.861060000000000159e+00,3.654492865410492186e+01,6.804869999999999530e-01
7.868920000000000137e+00,3.628869323118658485e+01,6.246939999999999715e-01
7.876789999999999736e+00,3.622214333200324177e+01,6.332240000000000091e-01
7.884669999999999845e+00,3.565932342940800481e+01,6.936160000000000103e-01
7.892559999999999576e+00,3.375027833117684395e+01,5.913460000000000383e-01
7.900459999999999816e+00,3.265805318106939126e+01,5.919320000000000137e-01
7.908360000000000056e+00,3.177017660835687707e+01,4.739059999999999939e-01
7.916280000000000427e+00,3.130072760834499945e+01,4.629610000000000114e-01
7.924199999999999910e+00,3.064871799603625391e+01,4.723519999999999941e-01
7.932120000000000282e+00,2.927719234927846514e+01,8.198699999999999877e-01
7.940059999999999896e+00,2.774223383872572413e+01,6.366460000000000452e-01
7.948000000000000398e+00,2.821185146076552996e+01,6.908109999999999529e-01
7.955960000000000143e+00,2.869113185726723714e+01,7.475190000000000445e-01
7.963919999999999888e+00,2.554608169211130075e+01,1.384169999999999900e+00
7.971879999999999633e+00,2.459074622198437510e+01,7.462090000000000112e-01
7.979860000000000397e+00,2.469621799139869722e+01,7.357230000000000159e-01
7.987840000000000273e+00,2.576149913485446064e+01,1.252250000000000085e+00
7.995840000000000281e+00,2.584468682980053700e+01,9.893849999999999589e-01
8.003840000000000288e+00,2.601477973079374806e+01,8.818979999999999597e-01
8.011839999999999407e+00,2.632682378021661407e+01,1.079919999999999991e+00
8.019859999999999545e+00,2.475392381121051244e+01,9.582920000000000327e-01
8.027879999999999683e+00,2.382207221251488249e+01,7.491959999999999731e-01
8.035920000000000840e+00,2.390437962915015646e+01,5.985489999999999977e-01
8.043960000000000221e+00,2.374783380532724664e+01,8.242429999999999479e-01
8.051999999999999602e+00,2.415948137601552048e+01,9.613059999999999938e-01
8.060060000000000002e+00,2.183944242086198528e+01,8.064559999999999507e-01
8.068120000000000402e+00,1.979469665602178452e+01,4.691859999999999919e-01
8.076200000000000045e+00,2.027037116927084526e+01,3.826959999999999806e-01
8.084279999999999688e+00,2.061743985041437099e+01,4.504679999999999795e-01
8.092359999999999332e+00,1.872195003393505885e+01,8.273840000000000083e-01
8.100459999999999994e+00,1.880504004718224564e+01,6.195509999999999629e-01
8.108570000000000277e+00,2.007922139922683868e+01,4.844930000000000070e-01
8.116680000000000561e+00,2.078999833272283126e+01,5.575240000000000196e-01
8.124800000000000466e+00,2.130297020222698734e+01,7.142279999999999740e-01
8.132929999999999993e+00,2.077819122437469446e+01,8.204470000000000374e-01
8.141059999999999519e+00,2.005816018544499002e+01,1.384050000000000002e+00
8.149210000000000065e+00,1.902104137185011723e+01,1.169899999999999940e+00
8.157360000000000610e+00,1.872477613929638096e+01,1.155340000000000034e+00
8.165520000000000778e+00,1.903697576918375489e+01,1.521539999999999893e+00
8.173690000000000566e+00,1.824469611606204467e+01,1.223079999999999945e+00
8.181869999999999976e+00,1.766999340221994430e+01,1.047520000000000007e+00
8.190060000000000784e+00,2.021592421878469281e+01,7.597899999999999654e-01
8.198249999999999815e+00,2.008797272449780280e+01,4.731369999999999743e-01
8.206450000000000244e+00,2.023276369184054602e+01,6.496840000000000392e-01
8.214660000000000295e+00,2.023335463370679577e+01,5.960210000000000230e-01
8.222879999999999967e+00,1.914180343535662132e+01,5.281940000000000524e-01
8.231109999999999260e+00,1.864916835552108410e+01,5.446779999999999955e-01
8.239349999999999952e+00,1.787750802750875323e+01,5.275419999999999554e-01
8.247590000000000643e+00,1.804629162559416500e+01,4.641310000000000158e-01
8.255839999999999179e+00,1.742916224433329830e+01,6.683189999999999964e-01
8.264099999999999113e+00,1.799117945251200013e+01,6.154730000000000478e-01
8.272370000000000445e+00,1.909740319704292233e+01,5.261789999999999523e-01
8.280649999999999622e+00,2.008589380407715907e+01,7.654370000000000340e-01
8.288930000000000575e+00,2.085010619275837485e+01,7.824020000000000419e-01
8.297219999999999374e+00,2.039470046707640449e+01,5.190110000000000001e-01
8.305519999999999570e+00,2.084073789977730939e+01,5.207610000000000294e-01
8.313829999999999387e+00,2.229028014641178856e+01,3.821599999999999997e-01
8.322150000000000603e+00,2.253438924645215025e+01,5.307920000000000416e-01
8.330479999999999663e+00,2.209812762441134737e+01,7.011450000000000182e-01
8.338810000000000500e+00,2.070293101406537062e+01,7.555439999999999934e-01
8.347160000000000579e+00,2.258711298510991128e+01,6.953489999999999949e-01
8.355510000000000659e+00,2.305647905828985245e+01,5.460840000000000138e-01
8.363870000000000360e+00,2.274572008432377856e+01,5.673759999999999915e-01
8.372239999999999682e+00,2.279090022678565219e+01,5.712129999999999708e-01
8.380610000000000781e+00,2.341543740300770082e+01,6.363349999999999840e-01
8.388999999999999346e+00,2.283568571867451169e+01,7.101260000000000350e-01
8.397389999999999688e+00,2.302941299278069209e+01,1.034790000000000099e+00
8.405789999999999651e+00,2.325333139129816118e+01,8.612999999999999545e-01
8.414199999999999235e+00,2.243350683756642638e+01,6.752500000000000169e-01
8.422620000000000218e+00,2.333000565054231856e+01,5.242210000000000480e-01
8.431050000000000821e+00,2.355689454593209575e+01,3.240649999999999920e-01
8.439479999999999649e+00,2.429656379317790993e+01,5.342529999999999779e-01
8.447929999999999495e+00,2.490143000214584390e+01,7.264140000000000041e-01
8.456379999999999342e+00,2.466220267258000831e+01,6.098529999999999784e-01
8.464840000000000586e+00,2.663962675337043606e+01,7.762430000000000163e-01
8.473309999999999675e+00,2.844777075077840323e+01,6.518340000000000245e-01
8.481780000000000541e+00,2.806100310482764826e+01,4.833700000000000219e-01
8.490270000000000650e+00,2.822178913085178920e+01,7.848060000000000036e-01
8.498770000000000380e+00,3.021150294217190435e+01,8.433800000000000185e-01
8.507270000000000110e+00,3.298149918185205820e+01,9.006849999999999579e-01
8.515779999999999461e+00,3.444255357195049783e+01,7.126700000000000257e-01
8.524300000000000210e+00,3.450673683791720237e+01,6.701979999999999604e-01
8.532830000000000581e+00,3.257512011380077865e+01,6.657809999999999562e-01
8.541370000000000573e+00,3.322477494339531745e+01,9.681480000000000086e-01
8.549910000000000565e+00,3.417603138606619950e+01,1.148260000000000058e+00
8.558469999999999800e+00,3.273744009975581548e+01,5.876500000000000057e-01
8.567030000000000811e+00,3.271158443627203383e+01,4.276989999999999958e-01
8.575599999999999667e+00,3.499727926787963384e+01,7.792580000000000062e-01
8.584179999999999922e+00,3.849359798609697236e+01,9.553850000000000398e-01
8.592769999999999797e+00,3.941961439817211499e+01,4.740889999999999826e-01
8.601369999999999294e+00,3.744840272823768146e+01,6.300069999999999837e-01
8.609970000000000567e+00,3.504325574943288757e+01,6.341970000000000107e-01
8.618589999999999307e+00,3.733780625843070311e+01,8.944600000000000328e-01
8.627209999999999823e+00,3.798855985569650784e+01,8.179419999999999469e-01
8.635839999999999961e+00,3.577337409178377925e+01,8.484289999999999887e-01
8.644479999999999720e+00,3.521032506996107259e+01,8.632379999999999498e-01
8.653130000000000877e+00,3.439348931640751061e+01,7.281029999999999447e-01
8.661789999999999878e+00,3.350994378137599483e+01,8.480969999999999898e-01
8.670450000000000657e+00,3.137594044725616982e+01,7.653219999999999468e-01
8.679130000000000678e+00,2.997320138630257702e+01,1.363070000000000004e+00
8.687810000000000699e+00,2.686614738310100847e+01,1.325050000000000061e+00
8.696500000000000341e+00,3.035468226280036674e+01,1.041379999999999972e+00
8.705199999999999605e+00,3.073388488642089555e+01,8.033719999999999750e-01
8.713910000000000267e+00,3.004683454512434082e+01,7.635420000000000540e-01
8.722630000000000550e+00,2.926561096138536300e+01,8.177309999999999857e-01
8.731360000000000454e+00,2.842329429016379549e+01,6.459679999999999866e-01
8.740090000000000359e+00,2.735508554544867366e+01,6.292680000000000495e-01
8.748839999999999506e+00,2.642381778451033369e+01,7.049349999999999783e-01
8.757590000000000430e+00,2.373580605646083086e+01,1.520720000000000072e+00
8.766349999999999199e+00,2.079001160125821457e+01,9.950050000000000283e-01
8.775119999999999365e+00,2.277751652165389373e+01,1.033509999999999929e+00
8.783899999999999153e+00,2.213740335900192235e+01,1.287840000000000096e+00
8.792690000000000339e+00,2.160975509443866827e+01,1.112440000000000095e+00
8.801489999999999370e+00,1.836465515006531746e+01,1.194819999999999993e+00
8.810299999999999798e+00,1.552718739013036497e+01,8.935950000000000282e-01
8.819110000000000227e+00,1.332148979778605735e+01,9.651549999999999851e-01
8.827930000000000277e+00,1.188657784462043310e+01,5.272280000000000300e-01
8.836769999999999570e+00,9.056498491156702357e+00,8.955610000000000515e-01
8.845610000000000639e+00,7.979421101904563329e+00,3.984639999999999849e-01
8.854459999999999553e+00,8.290385653905076424e+00,4.691759999999999819e-01
8.863319999999999865e+00,7.541478450062612637e+00,7.447519999999999696e-01
8.872180000000000177e+00,8.191791943972134504e+00,1.404109999999999969e+00
8.881059999999999732e+00,5.646393662212801701e+00,1.272620000000000084e+00
8.889950000000000685e+00,5.594385154972286500e+00,8.752410000000000467e-01
8.898839999999999861e+00,4.914835177443848124e+00,9.656789999999999541e-01
8.907740000000000435e+00,3.247834623255954511e+00,1.223149999999999959e+00
8.916660000000000252e+00,3.401508712610961993e+00,1.065760000000000041e+00
8.925580000000000069e+00,4.451882453841136567e+00,8.069790000000000019e-01
8.934509999999999508e+00,4.782073393480345658e+00,9.661159999999999748e-01
8.943450000000000344e+00,5.331171677700950795e+00,1.453540000000000054e+00
8.952389999999999404e+00,5.024196308375394437e+00,1.319509999999999961e+00
8.961349999999999483e+00,2.795372564865402865e+00,7.386850000000000360e-01
8.970319999999999183e+00,9.287292830467208660e-01,8.363120000000000553e-01
8.979290000000000660e+00,-1.673740368618183538e+00,7.655629999999999935e-01
8.988269999999999982e+00,-1.308635855022828309e-01,9.859520000000000506e-01
8.997270000000000323e+00,-3.243032969035652968e-02,7.596309999999999452e-01
9.006270000000000664e+00,5.913946955568292196e-01,6.152990000000000403e-01
9.015280000000000626e+00,2.404402190369410164e-01,1.028860000000000108e+00
9.024300000000000210e+00,3.012219817941002020e-01,1.376470000000000082e+00
9.033329999999999416e+00,3.492496494134513796e-01,1.075620000000000021e+00
9.042370000000000019e+00,1.400029485541296026e+00,9.876509999999999456e-01
9.051410000000000622e+00,-2.031001995383121539e-01,1.252129999999999965e+00
9.060470000000000468e+00,9.726832198404338214e-01,1.569420000000000037e+00
9.069530000000000314e+00,8.875419172164811243e-01,1.111629999999999896e+00
9.078609999999999403e+00,1.781315197576219589e+00,8.773039999999999727e-01
9.087690000000000268e+00,-1.178629112057478778e-01,1.017279999999999962e+00
9.096780000000000754e+00,6.396707158957610773e-01,1.045879999999999921e+00
9.105890000000000484e+00,1.100591272566191492e+00,1.450099999999999945e+00
9.115000000000000213e+00,6.999990974277920941e-01,1.045279999999999987e+00
9.124109999999999943e+00,1.303363840276858809e+00,6.918239999999999945e-01
9.133240000000000691e+00,1.234548847494664869e+00,7.795889999999999764e-01
9.142379999999999285e+00,2.961830384144207073e+00,7.483680000000000332e-01
9.151529999999999276e+00,1.847674920510712582e+00,6.083730000000000526e-01
9.160679999999999268e+00,9.193482408873592249e-01,4.232699999999999796e-01
9.169850000000000279e+00,3.227051750372424976e-01,5.923979999999999801e-01
9.179019999999999513e+00,3.980952700783291220e-02,8.832799999999999541e-01
9.188209999999999766e+00,6.265047633541200867e-01,8.446059999999999679e-01
9.197400000000000020e+00,5.688542422762168371e-01,6.658960000000000434e-01
9.206599999999999895e+00,6.984994063424210253e-01,5.077319999999999611e-01
9.215809999999999391e+00,9.338836945128718980e-01,7.341410000000000435e-01
9.225030000000000285e+00,-2.895530326630080253e-01,8.241579999999999462e-01
9.234260000000000801e+00,-8.653745027366710474e-01,6.926459999999999839e-01
9.243499999999999162e+00,-1.548148041062262337e+00,4.456729999999999858e-01
9.252750000000000696e+00,-1.849444580507849878e+00,7.207670000000000465e-01
9.262010000000000076e+00,-6.508386711784055478e-01,7.221170000000000089e-01
9.271280000000000854e+00,1.060915098517796196e-01,5.640159999999999618e-01
9.280549999999999855e+00,3.436275270231305967e-01,6.351879999999999749e-01
9.289839999999999876e+00,4.124660643954598527e-01,7.644370000000000331e-01
9.299129999999999896e+00,-1.024511594275168136e-02,6.770810000000000439e-01
9.308429999999999538e+00,-1.034885440719904182e+00,5.739419999999999522e-01
9.317750000000000199e+00,-5.874777822179169107e-01,9.313700000000000312e-01
9.327070000000000860e+00,2.608780580227005430e+00,1.805139999999999967e+00
9.336399999999999366e+00,3.021007888366682437e+00,1.242129999999999956e+00
9.345739999999999270e+00,7.221424670257192702e-02,6.262699999999999934e-01
9.355090000000000572e+00,-1.283590017965195784e+00,5.169179999999999886e-01
9.364449999999999719e+00,-1.590394355858251174e+00,5.134090000000000042e-01
9.373820000000000263e+00,-1.220187993539610716e+00,8.789599999999999635e-01
9.383200000000000429e+00,2.250400667674909982e-01,6.378840000000000066e-01
9.392590000000000217e+00,8.553010478612748102e-01,6.883369999999999767e-01
9.401989999999999625e+00,2.934606398243801095e+00,9.349589999999999845e-01
9.411390000000000811e+00,3.572965776756063860e+00,5.555560000000000498e-01
9.420809999999999462e+00,2.672404590197658081e+00,4.351800000000000113e-01
9.430229999999999890e+00,1.500940332829117096e+00,4.985289999999999999e-01
9.439669999999999561e+00,3.097560996424363111e+00,9.807350000000000234e-01
9.449109999999999232e+00,4.699322270892594133e+00,5.844939999999999580e-01
9.458569999999999922e+00,3.857175000364236439e+00,5.395280000000000076e-01
9.468030000000000612e+00,3.926212807406272987e+00,5.541549999999999532e-01
9.477499999999999147e+00,4.040413213201304643e+00,8.565000000000000391e-01
9.486990000000000478e+00,5.823716842457713483e+00,8.526899999999999480e-01
9.496480000000000032e+00,6.742273709018633099e+00,5.836639999999999606e-01
9.505979999999999208e+00,7.722034131382145006e+00,5.082989999999999453e-01
9.515489999999999782e+00,9.584012216554185670e+00,8.532129999999999992e-01
9.525009999999999977e+00,1.146122230562886557e+01,8.387719999999999620e-01
9.534539999999999793e+00,1.047767897448053986e+01,5.784869999999999735e-01
9.544079999999999231e+00,1.094339703445638179e+01,4.640000000000000235e-01
9.553630000000000067e+00,1.147739153306977755e+01,1.162830000000000030e+00
9.563190000000000524e+00,1.323567775469487628e+01,1.013090000000000046e+00
9.572749999999999204e+00,1.174242552228116665e+01,6.200520000000000476e-01
9.582330000000000680e+00,1.061335087738177663e+01,1.256909999999999972e+00
9.591920000000000002e+00,1.143961520141522215e+01,1.759109999999999951e+00
9.601520000000000721e+00,1.039823473301373724e+01,7.822109999999999896e-01
9.611119999999999663e+00,1.010941556426223542e+01,5.978200000000000180e-01
9.620739999999999625e+00,1.124480393031302583e+01,5.739469999999999850e-01
9.630359999999999587e+00,1.200380467973391774e+01,1.378009999999999957e+00
9.640000000000000568e+00,1.236602958422182041e+01,1.527959999999999985e+00
9.649639999999999773e+00,1.002591878112542645e+01,7.538880000000000026e-01
9.659299999999999997e+00,1.025204986867424850e+01,6.625619999999999843e-01
9.668960000000000221e+00,9.830897987494211065e+00,7.111589999999999856e-01
9.678639999999999688e+00,1.035800685458471548e+01,5.464290000000000536e-01
9.688319999999999155e+00,1.074688632610553896e+01,7.180210000000000203e-01
9.698010000000000019e+00,1.277331347092564329e+01,9.921389999999999931e-01
9.707720000000000127e+00,9.766031754924966890e+00,1.282359999999999944e+00
9.717430000000000234e+00,7.795602554398186612e+00,1.160549999999999971e+00
9.727149999999999963e+00,6.835778236093659643e+00,1.031649999999999956e+00
9.736879999999999313e+00,7.205578354281016118e+00,9.850799999999999557e-01
9.746620000000000061e+00,8.629022712849632626e+00,1.328009999999999913e+00
9.756380000000000052e+00,6.000814547409191846e+00,1.385110000000000063e+00
9.766140000000000043e+00,4.774599619859458244e+00,8.739930000000000199e-01
9.775909999999999656e+00,4.473089887059217062e+00,9.312840000000000007e-01
9.785690000000000666e+00,2.417306158606635336e+00,1.069369999999999932e+00
9.795479999999999521e+00,2.722269497267319593e+00,1.177240000000000064e+00
9.805279999999999774e+00,5.653001219685364731e+00,1.124610000000000110e+00
9.815089999999999648e+00,3.989522897096406950e+00,1.631380000000000052e+00
9.824909999999999144e+00,1.694856356039906586e+00,1.476469999999999949e+00
9.834740000000000038e+00,1.970236790735668819e-01,6.370980000000000532e-01
9.844580000000000553e+00,1.163047205487799829e+00,6.325560000000000072e-01
9.854430000000000689e+00,-1.750449666076576705e-01,1.064999999999999947e+00
9.864290000000000447e+00,1.684938166636896995e+00,1.343239999999999990e+00
9.874159999999999826e+00,3.501374645557319809e+00,1.088179999999999925e+00
9.884040000000000603e+00,2.508655063962436316e+00,9.678949999999999498e-01
9.893929999999999225e+00,8.317250018004074263e-02,6.744259999999999700e-01
9.903819999999999624e+00,6.267525066495522879e-01,6.101419999999999622e-01
9.913729999999999265e+00,3.861938568765680202e+00,1.008380000000000054e+00
9.923650000000000304e+00,6.694555438567391548e+00,7.583550000000000013e-01
9.933579999999999188e+00,6.876006194704672225e+00,8.656359999999999610e-01
9.943519999999999470e+00,6.507696432137521469e+00,7.003610000000000113e-01
9.953469999999999374e+00,8.008034268513796405e+00,8.502840000000000398e-01
9.963430000000000675e+00,7.976430350553783910e+00,9.013820000000000165e-01
9.973390000000000200e+00,8.791756764784366851e+00,1.098500000000000032e+00
9.983370000000000744e+00,8.328513875678623890e+00,1.045600000000000085e+00
9.993359999999999133e+00,6.112575986109618498e+00,8.846399999999999819e-01
1.000339999999999918e+01,3.871504007705738104e+00,7.867619999999999614e-01
1.001340000000000074e+01,3.881902623387560425e+00,1.054159999999999986e+00
1.002340000000000053e+01,5.679346492931017565e+00,6.164500000000000535e-01
1.003340000000000032e+01,6.064263798674772943e+00,8.268370000000000442e-01
1.004349999999999987e+01,6.888411864129210471e+00,8.623319999999999874e-01
1.005349999999999966e+01,6.585566049619899331e+00,1.058810000000000029e+00
1.006359999999999921e+01,5.120826962849577058e+00,1.215419999999999945e+00
1.007360000000000078e+01,2.115947927554287844e+00,1.087269999999999959e+00
1.008370000000000033e+01,5.245068887021119508e+00,1.168860000000000010e+00
1.009379999999999988e+01,6.561286535243255003e+00,5.837320000000000286e-01
1.010389999999999944e+01,4.831042028912577280e+00,7.290520000000000334e-01
1.011400000000000077e+01,3.747776524720933367e+00,8.568249999999999478e-01
1.012410000000000032e+01,2.893931179360379247e+00,1.075620000000000021e+00
1.013429999999999964e+01,2.978482941470531387e+00,1.168260000000000076e+00
1.014439999999999920e+01,1.829846188149701902e+00,1.179259999999999975e+00
1.015450000000000053e+01,4.455957431623573939e+00,1.308270000000000044e+00
1.016469999999999985e+01,6.878941689039265839e+00,2.017780000000000129e+00
1.017489999999999917e+01,6.050672754670273434e+00,1.633199999999999985e+00
1.018510000000000026e+01,4.482605019040050820e+00,1.441619999999999902e+00
1.019519999999999982e+01,5.055320007317192221e+00,1.389499999999999957e+00
1.020539999999999914e+01,6.424945929483584450e+00,1.090689999999999937e+00
1.021570000000000000e+01,5.485152909816918054e+00,1.068740000000000023e+00
1.022589999999999932e+01,3.064433874376476297e+00,1.216199999999999948e+00
1.023610000000000042e+01,3.377187990292071618e+00,1.568670000000000009e+00
1.024629999999999974e+01,5.455869648087229962e+00,9.967080000000000384e-01
1.025660000000000061e+01,6.293305338721154385e+00,9.277290000000000258e-01
1.026689999999999969e+01,5.595775709381598517e+00,1.061930000000000041e+00
1.027710000000000079e+01,3.651172656809251293e+00,9.048140000000000072e-01
1.028739999999999988e+01,3.970007288237923149e+00,8.211429999999999563e-01
1.029770000000000074e+01,3.547275716314231886e+00,1.037670000000000092e+00
1.030799999999999983e+01,6.078445827441072424e+00,2.663809999999999789e+00
1.031830000000000069e+01,5.990985508020827410e+00,3.068960000000000132e+00
1.032859999999999978e+01,1.635362644456222370e+00,2.468789999999999818e+00
1.033900000000000041e+01,1.934180256378681406e-02,1.712900000000000089e+00
1.034929999999999950e+01,1.793352392928682093e-02,1.518850000000000033e+00
1.035970000000000013e+01,2.285068689397235175e+00,1.099669999999999925e+00
1.036999999999999922e+01,1.321614884154229230e+00,8.312199999999999589e-01
1.038039999999999985e+01,-6.807275947329856081e-01,9.700760000000000494e-01
1.039080000000000048e+01,-7.370905620774976796e-01,1.180779999999999941e+00
1.040119999999999933e+01,-5.620396701937124817e-01,1.100700000000000012e+00
1.041159999999999997e+01,2.799859428603838296e+00,1.214259999999999895e+00
1.042200000000000060e+01,6.057041082000750976e+00,1.579169999999999963e+00
1.043239999999999945e+01,2.624939637682700777e+00,1.035719999999999974e+00
1.044289999999999985e+01,6.390818119676282549e-01,8.760090000000000376e-01
1.045330000000000048e+01,-5.992847535285079630e-01,9.127380000000000493e-01
1.046380000000000088e+01,4.108426711885329041e+00,1.340019999999999989e+00
1.047429999999999950e+01,3.236512588562732162e+00,1.059549999999999992e+00
1.048470000000000013e+01,7.773690411366089847e-01,1.003239999999999910e+00
1.049520000000000053e+01,-1.904566717046947133e+00,1.488590000000000080e+00
1.050569999999999915e+01,-9.419464717608434512e-01,9.420699999999999630e-01
1.051619999999999955e+01,1.166618525980823051e+00,7.935470000000000024e-01
1.052679999999999971e+01,2.743164355415785849e+00,4.573409999999999975e-01
1.053730000000000011e+01,1.402660428382347391e+00,9.785409999999999942e-01
1.054780000000000051e+01,-5.047478444846831280e-01,9.202150000000000052e-01
1.055840000000000067e+01,1.051553996918784151e+00,9.157450000000000312e-01
1.056900000000000084e+01,4.449385572401524769e+00,8.308950000000000502e-01
1.057949999999999946e+01,3.146224202242677848e+00,8.170490000000000252e-01
1.059009999999999962e+01,1.928345903516088811e+00,6.267749999999999710e-01
1.060069999999999979e+01,-1.407960201955091861e+00,8.110420000000000407e-01
1.061129999999999995e+01,-2.377351840755579815e+00,6.843120000000000314e-01
1.062190000000000012e+01,1.241513260529984564e+00,1.117820000000000036e+00
1.063260000000000005e+01,3.222666752222806963e+00,1.109080000000000066e+00
1.064320000000000022e+01,2.057901218903452900e-01,7.908840000000000314e-01
1.065380000000000038e+01,-1.837941455439704441e-01,9.155560000000000365e-01
1.066450000000000031e+01,1.258334173955461210e+00,1.180979999999999919e+00
1.067520000000000024e+01,4.838190328031117815e+00,1.265249999999999986e+00
1.068590000000000018e+01,5.273343236127544742e+00,5.869450000000000500e-01
1.069650000000000034e+01,4.282323557139875447e+00,5.369019999999999904e-01
1.070720000000000027e+01,2.029008397768564009e+00,8.444080000000000474e-01
1.071799999999999997e+01,4.556271678988196072e+00,1.123830000000000107e+00
1.072869999999999990e+01,5.218300797614347175e+00,8.498790000000000511e-01
1.073939999999999984e+01,4.210471267484479085e+00,6.168719999999999759e-01
1.075019999999999953e+01,2.017377017990753529e+00,7.980460000000000331e-01
1.076089999999999947e+01,3.353378733554535529e+00,8.356860000000000399e-01
1.077169999999999916e+01,4.680965191531470282e+00,1.010199999999999987e+00
1.078250000000000064e+01,6.148724702201292303e+00,1.445189999999999975e+00
1.079330000000000034e+01,2.006270585792123029e+00,1.041919999999999957e+00
1.080400000000000027e+01,1.270839037940163507e+00,1.079360000000000097e+00
1.081489999999999974e+01,1.766174752645781609e+00,1.443729999999999958e+00
1.082569999999999943e+01,2.680759676363720700e+00,1.261549999999999949e+00
1.083649999999999913e+01,2.421584253912357099e+00,8.241950000000000109e-01
1.084740000000000038e+01,7.363879673278290738e-01,1.021910000000000096e+00
1.085820000000000007e+01,-2.960493368043785267e+00,1.500960000000000072e+00
1.086909999999999954e+01,-3.601894383663477583e-01,1.220879999999999965e+00
1.087989999999999924e+01,3.597736485169093612e+00,1.065509999999999957e+00
1.089080000000000048e+01,2.698114110082030948e+00,1.385450000000000070e+00
1.090169999999999995e+01,-1.334899679941656814e-01,1.206069999999999975e+00
1.091259999999999941e+01,2.329080476141029976e+00,1.261570000000000080e+00
1.092350000000000065e+01,6.308715289876857923e+00,1.304499999999999993e+00
1.093449999999999989e+01,5.078365898046342863e+00,1.514739999999999975e+00
1.094539999999999935e+01,2.180238246816372794e+00,1.066300000000000026e+00
1.095640000000000036e+01,4.245567163686274625e+00,1.159869999999999957e+00
1.096729999999999983e+01,5.266437171029025421e+00,7.994609999999999772e-01
1.097830000000000084e+01,6.287193145124717830e+00,6.592230000000000034e-01
1.098930000000000007e+01,8.253202959072439171e+00,9.551359999999999850e-01
1.100029999999999930e+01,5.910150936742383010e+00,1.747589999999999977e+00
1.101130000000000031e+01,1.020672140200503009e+01,2.483470000000000066e+00
1.102229999999999954e+01,1.892659867873132384e+01,1.431110000000000104e+00
1.103330000000000055e+01,1.788046709079128505e+01,1.471619999999999928e+00
1.104439999999999955e+01,1.975344530756967742e+01,2.188169999999999948e+00
1.105540000000000056e+01,2.102635078472832220e+01,1.649370000000000003e+00
1.106649999999999956e+01,1.723473259773808763e+01,1.766620000000000079e+00
1.107760000000000034e+01,1.370383203710238718e+01,1.857159999999999922e+00
1.108859999999999957e+01,1.347290054603394083e+01,1.491530000000000022e+00
1.109970000000000034e+01,5.598471982398990576e+00,1.601590000000000069e+00
1.111079999999999934e+01,2.900790875369608557e+00,1.454720000000000013e+00
1.112199999999999989e+01,6.332918778457667486e+00,9.964659999999999629e-01
1.113310000000000066e+01,2.566740889858778019e+00,1.256070000000000020e+00
1.114419999999999966e+01,-9.686655562799444397e-01,1.066769999999999996e+00
1.115540000000000020e+01,5.837696184933690802e+00,1.926409999999999956e+00
1.116649999999999920e+01,1.289883213601461875e+01,2.077710000000000168e+00
1.117769999999999975e+01,1.979002662416445446e+01,2.379950000000000010e+00
1.118890000000000029e+01,2.273362533071633607e+01,1.673629999999999951e+00
1.120010000000000083e+01,2.589229504587811448e+01,1.404060000000000086e+00
1.121129999999999960e+01,3.091570255985811855e+01,1.823839999999999906e+00
1.122250000000000014e+01,3.226451466286366099e+01,1.969600000000000017e+00
1.123370000000000068e+01,2.981939814510312203e+01,1.202590000000000048e+00
1.124499999999999922e+01,2.834403635646472708e+01,1.487889999999999935e+00
1.125619999999999976e+01,2.423701151125291631e+01,1.989640000000000075e+00
1.126750000000000007e+01,2.741496561292160550e+01,1.026049999999999907e+00
1.127880000000000038e+01,3.033853988680928637e+01,1.708900000000000086e+00
1.128999999999999915e+01,2.116460089323214788e+01,3.284089999999999954e+00
1.130129999999999946e+01,1.995945288299429876e+01,1.506119999999999903e+00
1.131259999999999977e+01,2.592690142848243795e+01,1.229570000000000052e+00
1.132399999999999984e+01,2.569019440492269268e+01,2.223139999999999894e+00
1.133530000000000015e+01,1.695973631518481284e+01,1.506070000000000020e+00
1.134660000000000046e+01,1.689384510777779269e+01,1.053809999999999913e+00
1.135800000000000054e+01,2.329053955333404247e+01,1.824270000000000058e+00
1.136930000000000085e+01,2.290667325175661517e+01,1.057279999999999998e+00
1.138069999999999915e+01,1.750053692062562050e+01,7.536709999999999798e-01
1.139209999999999923e+01,1.387541819335368132e+01,9.872009999999999952e-01
1.140349999999999930e+01,1.422296568896757663e+01,1.765940000000000065e+00
1.141489999999999938e+01,1.743482802649378982e+01,1.740690000000000071e+00
1.142629999999999946e+01,1.423465382495913900e+01,2.148930000000000007e+00
1.143779999999999930e+01,6.913807276186332729e+00,2.040830000000000144e+00
1.144919999999999938e+01,9.097401322621522013e+00,1.786180000000000101e+00
1.146069999999999922e+01,1.344440407570374418e+01,2.048490000000000144e+00
1.147209999999999930e+01,7.685348490020828649e+00,2.013770000000000060e+00
1.148359999999999914e+01,2.419770227325386713e+00,1.145389999999999908e+00
1.149510000000000076e+01,8.922806107508677087e+00,2.127120000000000122e+00
1.150660000000000061e+01,1.297109542138014149e+01,1.827190000000000092e+00
1.151810000000000045e+01,5.941277459748334877e+00,1.457400000000000029e+00
1.152960000000000029e+01,2.474991513422196476e+00,1.475100000000000078e+00
1.154119999999999990e+01,2.857531523045452104e+00,1.582300000000000040e+00
1.155269999999999975e+01,2.795093816052940383e+00,9.881130000000000191e-01
1.156429999999999936e+01,9.644858426922837680e-01,1.362300000000000066e+00
1.157579999999999920e+01,-4.062559035412562025e+00,2.093280000000000030e+00
1.158740000000000059e+01,-1.575783057946523513e+00,1.769989999999999952e+00
1.159900000000000020e+01,5.711060591531804675e+00,1.973119999999999985e+00
1.161059999999999981e+01,1.669601711964560309e+00,2.598990000000000133e+00
1.162219999999999942e+01,-5.874529897705883741e+00,1.973510000000000097e+00
1.163390000000000057e+01,-1.204216496971014294e+00,2.978099999999999969e+00
1.164550000000000018e+01,7.715035486630199557e+00,2.292009999999999881e+00
1.165719999999999956e+01,1.277663585390769185e+00,9.039369999999999905e-01
1.166879999999999917e+01,-2.735194435032724414e+00,9.033830000000000471e-01
1.168050000000000033e+01,-9.917581113822393490e-01,1.634840000000000071e+00
1.169219999999999970e+01,2.743005852261148902e-02,9.715439999999999632e-01
1.170390000000000086e+01,-1.474009783314784272e+00,1.120109999999999939e+00
1.171560000000000024e+01,-5.147457494889806640e+00,1.899499999999999966e+00
1.172729999999999961e+01,-3.459292934198970215e+00,3.168210000000000193e+00
1.173910000000000053e+01,8.709021065641422865e+00,3.305930000000000035e+00
1.175079999999999991e+01,5.945079665285845749e+00,2.726500000000000146e+00
1.176260000000000083e+01,1.956137957972032382e+00,2.282799999999999940e+00
1.177430000000000021e+01,7.778558150238438884e+00,2.603969999999999896e+00
1.178609999999999935e+01,1.187681519160730659e+01,2.669010000000000105e+00
1.179790000000000028e+01,2.959891592350913925e-01,1.404689999999999994e+00
1.180969999999999942e+01,-2.581958043386009649e+00,1.668989999999999974e+00
1.182150000000000034e+01,5.721357663115782088e+00,2.794509999999999827e+00
1.183329999999999949e+01,3.168340656765451513e+00,1.590640000000000054e+00
1.184520000000000017e+01,-2.567298717981543632e+00,9.400600000000000067e-01
1.185699999999999932e+01,-3.917840350604194555e+00,1.355930000000000080e+00
1.186890000000000001e+01,-4.729297108896560076e+00,1.796540000000000026e+00
1.188080000000000069e+01,-2.902476067100963064e+00,1.990650000000000031e+00
1.189269999999999960e+01,-7.155881900600718382e+00,2.340860000000000163e+00
1.190460000000000029e+01,-4.272019284779958070e+00,1.706099999999999950e+00
1.191649999999999920e+01,-3.673928950216804878e-01,1.634910000000000085e+00
1.192839999999999989e+01,-2.236507406710188661e+00,1.497630000000000017e+00
1.194030000000000058e+01,-6.103867495228428197e+00,1.380300000000000082e+00
1.195229999999999926e+01,-5.653370586842527246e+00,2.548070000000000057e+00
1.196419999999999995e+01,1.004448794582799565e-01,1.766809999999999992e+00
1.197620000000000040e+01,-3.115469903836128651e+00,2.033249999999999780e+00
1.198820000000000086e+01,-4.712138001242749397e+00,2.668550000000000200e+00
1.200019999999999953e+01,-2.697523095787346392e-02,1.403990000000000071e+00
1.201219999999999999e+01,-2.468032225807007762e+00,1.159419999999999895e+00
1.202420000000000044e+01,-7.931775075735401970e+00,1.496189999999999909e+00
1.203619999999999912e+01,-1.292624427952034694e+01,1.511579999999999924e+00
1.204829999999999934e+01,-4.797821923552476164e+00,2.248709999999999987e+00
1.206029999999999980e+01,-5.325580562798393203e+00,2.493320000000000203e+00
1.207240000000000002e+01,-9.687957408811257665e+00,2.003019999999999801e+00
1.208450000000000024e+01,-9.023652393687598305e+00,2.849880000000000191e+00
1.209660000000000046e+01,-3.286707037135045084e+00,4.403220000000000134e+00
1.210870000000000068e+01,-9.363162858862324356e+00,2.834309999999999885e+00
1.212079999999999913e+01,-1.335606137857695330e+01,2.719050000000000189e+00
1.213289999999999935e+01,5.811555884012648221e+00,5.979989999999999917e+00
1.214499999999999957e+01,1.997647409198179957e+00,4.320899999999999963e+00
1.215719999999999956e+01,-1.708459800114434302e+01,3.053469999999999906e+00
1.216939999999999955e+01,-1.360888173820359270e+01,3.339809999999999945e+00
1.218149999999999977e+01,-7.146049128594427202e+00,2.047010000000000218e+00
1.219369999999999976e+01,-1.145582289248602592e+01,2.909619999999999873e+00
1.220589999999999975e+01,-1.851776230722106220e+01,3.072540000000000049e+00
1.221809999999999974e+01,-1.181190993045305504e+01,2.094510000000000094e+00
1.223039999999999949e+01,-7.518364842116795899e+00,2.164569999999999883e+00
1.224259999999999948e+01,-1.247877225019630032e+01,1.499549999999999939e+00
1.225229999999999997e+01,-5.224611484349907187e+00,5.339949999999999974e+00
1.225479999999999947e+01,-1.337751588856616536e+01,1.370679999999999898e+00
1.226459999999999972e+01,1.533914628028583138e+00,4.410619999999999763e+00
1.226709999999999923e+01,-9.650840645132348072e+00,2.322280000000000122e+00
1.227689999999999948e+01,1.460659709101253156e+01,4.279020000000000046e+00
1.227940000000000076e+01,-1.232601791547421044e+01,1.717400000000000038e+00
1.228919999999999924e+01,7.996392291847712386e+00,5.505230000000000068e+00
1.229170000000000051e+01,-1.240209131234564666e+01,1.513090000000000046e+00
1.230150000000000077e+01,5.191256617779515636e+00,7.505029999999999646e+00
1.230400000000000027e+01,-3.218104448501264869e+00,3.642300000000000093e+00
1.231380000000000052e+01,-1.252885354394601336e+01,9.448940000000000339e+00
1.231630000000000003e+01,-8.777100936695319433e+00,3.432960000000000012e+00
1.232610000000000028e+01,-9.139818060833704294e-01,5.980159999999999698e+00
1.232859999999999978e+01,-1.649812438968223205e+01,3.340230000000000032e+00
1.233840000000000003e+01,2.918828218613043646e+00,5.562859999999999694e+00
1.234089999999999954e+01,5.427815797837638456e-01,4.909010000000000318e+00
1.235079999999999956e+01,-4.504733105629554757e+00,1.141280000000000072e+01
1.235330000000000084e+01,7.483649181424425478e-01,2.706510000000000193e+00
1.236309999999999931e+01,-1.748789418229557668e+01,5.273310000000000386e+00
1.236560000000000059e+01,-6.901718014584162120e+00,2.280580000000000052e+00
1.237550000000000061e+01,-9.938945918289448400e+00,6.908769999999999634e+00
1.237800000000000011e+01,-1.406764303352895240e+01,2.148140000000000160e+00
1.238790000000000013e+01,-1.715366697574438604e+01,5.401480000000000281e+00
1.239039999999999964e+01,-7.657246383037943360e+00,2.364980000000000082e+00
1.240029999999999966e+01,-5.665102039812040857e+00,3.472129999999999939e+00
1.240279999999999916e+01,-1.317572748262875848e+00,2.822319999999999940e+00
1.241269999999999918e+01,-8.267295795644088230e+00,3.678230000000000111e+00
1.241520000000000046e+01,-4.216666814355448878e+00,2.388469999999999871e+00
1.242510000000000048e+01,-5.276292928392251724e+00,5.046070000000000277e+00
1.242759999999999998e+01,-3.568573266467126359e+00,2.746700000000000141e+00
1.243750000000000000e+01,1.440861876791927898e+00,3.707110000000000127e+00
1.243999999999999950e+01,1.102766321025023899e+01,3.283189999999999831e+00
1.244999999999999929e+01,-3.103868467097072426e+00,3.084820000000000118e+00
1.245250000000000057e+01,5.481062529771463687e+00,2.768969999999999931e+00
1.246240000000000059e+01,-2.822261260496532032e+00,3.092979999999999841e+00
1.246499999999999986e+01,-1.684917298647121697e+00,2.410299999999999887e+00
1.247489999999999988e+01,-6.267061857478438469e+00,2.579250000000000043e+00
1.247739999999999938e+01,9.575044146718937554e+00,4.067700000000000315e+00
1.248739999999999917e+01,9.666763688248352082e-01,4.019379999999999953e+00
1.248990000000000045e+01,7.078846446809166082e-01,3.693750000000000089e+00
1.249990000000000023e+01,2.916907643427293806e+00,4.421490000000000364e+00
1.250239999999999974e+01,-1.179779096405513883e+01,3.232790000000000052e+00
1.251239999999999952e+01,-1.715413808657046957e+00,3.044090000000000185e+00
1.251490000000000080e+01,1.500971545524919293e+00,3.722030000000000172e+00
1.252490000000000059e+01,-3.098333762414029025e+00,2.482880000000000198e+00
1.252740000000000009e+01,4.160126398434897510e+00,2.505749999999999922e+00
1.253739999999999988e+01,-5.782897992829873601e+00,2.702539999999999942e+00
1.253999999999999915e+01,-7.753217751125589530e-01,2.161470000000000002e+00
1.255000000000000071e+01,5.591239370295397748e-01,5.963589999999999947e+00
1.255250000000000021e+01,-1.804237338718223782e+00,1.806259999999999977e+00
1.256250000000000000e+01,4.021415757160582416e+00,6.837830000000000297e+00
1.256509999999999927e+01,7.610718485779045750e+00,3.114059999999999828e+00
1.257510000000000083e+01,-2.601232436136058368e+00,3.075940000000000119e+00
1.257760000000000034e+01,1.805479379846133270e-01,4.672589999999999577e+00
1.258769999999999989e+01,-3.167143737178037100e+00,2.050359999999999960e+00
1.259019999999999939e+01,-8.630278283687459862e+00,3.303789999999999782e+00
1.260030000000000072e+01,-2.948365028363241436e+00,2.602329999999999810e+00
1.260280000000000022e+01,-4.544237975658802497e-01,6.493960000000000399e+00
1.261289999999999978e+01,2.636056807910279076e+00,2.710539999999999949e+00
1.262550000000000061e+01,3.189074889244750466e+00,2.582790000000000141e+00
1.263809999999999967e+01,5.508642333242391942e+00,2.831820000000000004e+00
1.265080000000000027e+01,1.225142983594196266e-02,2.986209999999999809e+00
1.266339999999999932e+01,-6.973341075027974512e-01,3.302869999999999973e+00
1.267609999999999992e+01,6.072477625961198555e+00,3.611050000000000093e+00
1.268880000000000052e+01,1.019009528861562330e+01,4.192660000000000053e+00
1.270149999999999935e+01,5.519466767109236116e+00,2.985380000000000145e+00
1.271419999999999995e+01,2.624539948090841790e+00,2.246849999999999792e+00
1.272690000000000055e+01,4.452262718209794912e+00,2.196029999999999927e+00
1.273959999999999937e+01,1.520358296411512811e+01,3.750309999999999810e+00
1.275239999999999974e+01,1.382173228092506179e+01,5.137310000000000265e+00
1.276510000000000034e+01,4.596236485697943408e+00,1.624209999999999932e+00
1.277790000000000070e+01,2.059724865743874034e+00,1.682700000000000085e+00
1.279069999999999929e+01,1.883812741427902893e+00,1.563900000000000068e+00
1.280349999999999966e+01,1.621399141585072812e+00,1.736220000000000097e+00
1.281630000000000003e+01,-2.987616904949845775e+00,1.409270000000000023e+00
1.282910000000000039e+01,-2.306336369342204762e+00,1.270739999999999981e+00
1.284200000000000053e+01,-5.610896210976534348e+00,1.712590000000000057e+00
1.285479999999999912e+01,-2.267293893740770727e+00,2.145999999999999908e+00
1.286769999999999925e+01,-1.689703608590889417e+00,2.016890000000000072e+00
1.288049999999999962e+01,-5.032491779697920720e-01,2.433619999999999894e+00
1.289339999999999975e+01,-1.304460356186609715e-02,3.088330000000000020e+00
1.290629999999999988e+01,-4.933251196849141706e+00,3.117340000000000000e+00
1.291920000000000002e+01,1.340980443790215304e+00,3.236590000000000078e+00
1.293219999999999992e+01,8.008336215929887203e+00,1.257339999999999902e+00
1.294510000000000005e+01,7.016907671942192337e+00,1.502459999999999907e+00
1.295809999999999995e+01,2.262098153233750963e+00,9.495339999999999892e-01
1.297100000000000009e+01,8.053402166510750249e-01,1.374989999999999934e+00
1.298399999999999999e+01,6.333628995963806574e+00,2.304289999999999949e+00
1.299699999999999989e+01,1.019211423237965164e+01,2.865790000000000060e+00
1.300999999999999979e+01,4.366594924898208774e+00,1.814959999999999907e+00
1.302299999999999969e+01,5.500870072519376208e+00,1.442909999999999915e+00
1.303599999999999959e+01,3.593738674242672460e+00,2.094840000000000035e+00
1.304909999999999926e+01,2.904458259409068432e+00,2.211710000000000065e+00
1.306209999999999916e+01,5.780672939306327862e+00,1.558810000000000029e+00
1.307520000000000060e+01,5.012825059739043354e+00,1.288580000000000059e+00
1.308830000000000027e+01,4.525203905322939590e+00,2.319240000000000190e+00
1.310139999999999993e+01,-1.175442708985485751e+00,2.632929999999999993e+00
1.311449999999999960e+01,3.699633031770531488e+00,2.591190000000000104e+00
1.312759999999999927e+01,9.403178942547981478e+00,1.926739999999999897e+00
1.314070000000000071e+01,6.635942838303378721e+00,1.915450000000000097e+00
1.315390000000000015e+01,3.267319045758654283e-01,1.700990000000000002e+00
1.316699999999999982e+01,-3.826202044947024206e+00,1.832289999999999974e+00
1.318019999999999925e+01,-3.460407175960767745e+00,1.979119999999999990e+00
1.319340000000000046e+01,8.175298443501333168e-02,1.631410000000000027e+00
1.320659999999999989e+01,5.969742797232697740e-01,2.452739999999999920e+00
1.321979999999999933e+01,4.821952553386154250e+00,2.015289999999999804e+00
1.323300000000000054e+01,7.256383648906421513e+00,2.613980000000000192e+00
1.324629999999999974e+01,1.363699476748030293e+01,2.916490000000000027e+00
1.325949999999999918e+01,8.023916640971151537e+00,2.434880000000000155e+00
1.327280000000000015e+01,6.957366515741853163e+00,2.039359999999999840e+00
1.328609999999999935e+01,1.016695611264452737e+01,1.668479999999999963e+00
1.329940000000000033e+01,1.301732851024513593e+01,2.423770000000000202e+00
1.331269999999999953e+01,1.650012678710970704e+01,2.690189999999999859e+00
1.332600000000000051e+01,1.161799402180434981e+01,2.078679999999999861e+00
1.333929999999999971e+01,5.593573292895030136e+00,1.246629999999999905e+00
1.335270000000000046e+01,5.808992691918831497e+00,1.151070000000000038e+00
1.336599999999999966e+01,4.158277232944556090e+00,1.004420000000000091e+00
1.337940000000000040e+01,4.204351466663581505e+00,1.469090000000000007e+00
1.339279999999999937e+01,6.888319894301105251e+00,2.556220000000000159e+00
1.340620000000000012e+01,8.450772030052917216e+00,2.202090000000000103e+00
1.341960000000000086e+01,4.652297388115414378e+00,2.065459999999999852e+00
1.343299999999999983e+01,4.786485482684838644e+00,2.886849999999999916e+00
1.344650000000000034e+01,1.034146223119734032e+01,2.803389999999999826e+00
1.345989999999999931e+01,9.395965442321596583e+00,2.116229999999999833e+00
1.347339999999999982e+01,2.159836545740006386e+00,1.695380000000000109e+00
1.348690000000000033e+01,6.450742825745123810e-01,1.547739999999999894e+00
1.350040000000000084e+01,-6.278620281256053204e-02,1.123580000000000023e+00
1.351389999999999958e+01,3.310790233941588667e+00,1.783290000000000042e+00
1.352740000000000009e+01,6.793387371978951705e-01,2.084229999999999805e+00
1.354090000000000060e+01,-6.530605548680739503e+00,1.867629999999999901e+00
1.355450000000000088e+01,-5.784760540207628310e+00,3.009110000000000174e+00
1.356799999999999962e+01,-5.486015816138660739e+00,3.445730000000000182e+00
1.358159999999999989e+01,-6.712316813628660839e+00,1.822810000000000041e+00
1.359520000000000017e+01,-1.051493050874893243e+01,1.960639999999999938e+00
1.360880000000000045e+01,-1.273737693844623209e+01,2.592400000000000038e+00
1.362240000000000073e+01,-1.915717613966785393e+01,2.896650000000000169e+00
1.363610000000000078e+01,-2.202200600432786359e+01,1.230420000000000069e+00
1.364969999999999928e+01,-2.590411984567856507e+01,1.491090000000000027e+00
1.366339999999999932e+01,-3.136344737421666196e+01,1.515789999999999971e+00
1.367699999999999960e+01,-3.631603025846663968e+01,1.470809999999999951e+00
1.369069999999999965e+01,-3.931408451837830853e+01,1.800300000000000011e+00
1.370439999999999969e+01,-3.939090391455550844e+01,1.971740000000000048e+00
1.371809999999999974e+01,-4.824606448273971182e+01,1.700269999999999948e+00
1.373179999999999978e+01,-5.771614225867335790e+01,1.728550000000000031e+00
1.374559999999999960e+01,-6.474784302361382515e+01,3.071400000000000130e+00
1.375929999999999964e+01,-6.382569037846701576e+01,4.266339999999999577e+00
1.377309999999999945e+01,-6.638877352956654931e+01,1.431570000000000009e+00
1.378689999999999927e+01,-7.686759558943072079e+01,1.358710000000000084e+00
1.380070000000000086e+01,-8.571878941609475078e+01,1.518510000000000026e+00
1.381450000000000067e+01,-8.911498786759148061e+01,2.346010000000000151e+00
1.382830000000000048e+01,-8.894182380195525184e+01,2.125080000000000080e+00
1.384210000000000029e+01,-9.973893007722057291e+01,1.378910000000000080e+00
1.385599999999999987e+01,-1.092683309876139219e+02,1.649869999999999948e+00
1.386979999999999968e+01,-1.190722450841857381e+02,3.184969999999999857e+00
1.388369999999999926e+01,-1.229995049451368345e+02,2.860599999999999810e+00
1.389760000000000062e+01,-1.252224096441100301e+02,2.492799999999999905e+00
