bd+30_SWS_CWsubFitting and integrated flux data

Section 1: Aliphatic features
Gaussian fitting parameters for 6.9 and 7.2 micron features
[5.00000000e-14 6.93928952e+00 1.26562279e-01 6.41033203e-16
 7.20064789e+00 0.00000000e+00]
Errors on aliphatic fitting parameters
[0.         0.00753537 0.0060168  0.         0.         0.        ]
Fit model - aliphatic features
[6.60182 6.60512 6.60842 6.61173 6.61503 6.61834 6.62165 6.62496 6.62828
 6.63159 6.63491 6.63823 6.64155 6.64487 6.64819 6.65152 6.65484 6.65817
 6.6615  6.66483 6.66817 6.6715  6.67484 6.67818 6.68152 6.68486 6.6882
 6.69155 6.69489 6.69824 6.70159 6.70494 6.7083  6.71165 6.71501 6.71837
 6.72173 6.72509 6.72845 6.73182 6.73518 6.73855 6.74192 6.74529 6.74867
 6.75204 6.75542 6.7588  6.76218 6.76556 6.76894 6.77233 6.77572 6.7791
 6.7825  6.78589 6.78928 6.79268 6.79607 6.79947 6.80287 6.80628 6.80968
 6.81309 6.81649 6.8199  6.82331 6.82673 6.83014 6.83355 6.83697 6.84039
 6.84381 6.84724 6.85066 6.85409 6.85751 6.86094 6.86438 6.86781 6.87124
 6.87468 6.87812 6.88156 6.885   6.88844 6.89189 6.89533 6.89878 6.90223
 6.90569 6.90914 6.91259 6.91605 6.91951 6.92297 6.92643 6.9299  6.93336
 6.93683 6.9403  6.94377 6.94388 6.94724 6.94735 6.95072 6.95083 6.95419
 6.95431 6.95767 6.95778 6.96115 6.96126 6.96463 6.96475 6.96812 6.96823
 6.9716  6.97171 6.97509 6.9752  6.97858 6.97869 6.98207 6.98218 6.98556
 6.98567 6.98905 6.98916 6.99255 6.99266 6.99605 6.99616 6.99954 6.99966
 7.00304 7.00316 7.00655 7.00666 7.01005 7.01016 7.01356 7.01367 7.01707
 7.01718 7.02057 7.02069 7.02409 7.0242  7.0276  7.02771 7.03111 7.03123
 7.03463 7.03474 7.03815 7.03826 7.04167 7.04178 7.04519 7.0453  7.04871
 7.04883 7.05224 7.05235 7.05577 7.05588 7.05929 7.05941 7.06282 7.06294
 7.06636 7.06647 7.06989 7.07    7.07354 7.07708 7.08062 7.08416 7.0877
 7.09125 7.09479 7.09834 7.10189 7.10544 7.109   7.11255 7.11611 7.11967
 7.12323 7.12679 7.13035 7.13392 7.13749 7.14106 7.14463 7.1482  7.15178
 7.15535 7.15893 7.16251 7.1661  7.16968 7.17327 7.17685 7.18044 7.18403
 7.18763 7.19122 7.19482 7.19842 7.20202 7.20562 7.20922 7.21283 7.21643
 7.22004 7.22365 7.22727 7.23088 7.2345  7.23812 7.24174 7.24536 7.24898
 7.25261 7.25623 7.25986 7.26349 7.26713 7.27076 7.2744  7.27804 7.28168
 7.28532 7.28896 7.29261 7.29625 7.2999  7.30355 7.30721 7.31086 7.31452
 7.31817 7.32184 7.3255  7.32916 7.33283 7.33649 7.34016 7.34383 7.34751
 7.35118 7.35486 7.35854 7.36222 7.3659  7.36958 7.37327 7.37696 7.38064
 7.38434 7.38803 7.39172 7.39542 7.39912 7.40282 7.40652 7.41023 7.41393
 7.41764 7.42135 7.42506 7.42878 7.43249 7.43621 7.43993 7.44365 7.44737
 7.4511  7.45482 7.45855 7.46228 7.46601 7.46975 7.47348 7.47722 7.48096
 7.4847  7.48844 7.49219 7.49594 7.49968 7.50344 7.50719 7.51094 7.5147
 7.51846 7.52222 7.52598 7.52974 7.53351 7.53728 7.54105 7.54482 7.54859
 7.55237 7.55614 7.55992 7.5637  7.56749 7.57127 7.57506 7.57885 7.58264
 7.58643 7.59022 7.59402 7.59782 7.60162 7.60542 7.60922 7.61303 7.61684
 7.62064 7.62446 7.62827 7.63208 7.6359  7.63972 7.64354 7.64736]
[1.42917488e-15 1.53155287e-15 1.64014919e-15 1.75561089e-15
 1.87753574e-15 2.00696556e-15 2.14385089e-15 2.28850666e-15
 2.44172673e-15 2.60291305e-15 2.77336954e-15 2.95295597e-15
 3.14200848e-15 3.34086468e-15 3.54986281e-15 3.77001803e-15
 4.00034560e-15 4.24256954e-15 4.49634653e-15 4.76200588e-15
 5.04072423e-15 5.33114978e-15 5.63533683e-15 5.95273314e-15
 6.28362831e-15 6.62829916e-15 6.98700822e-15 7.36114068e-15
 7.74869281e-15 8.15219702e-15 8.57070635e-15 9.00438984e-15
 9.45475585e-15 9.91924313e-15 1.04007172e-14 1.08978781e-14
 1.14107585e-14 1.19393583e-14 1.24836436e-14 1.30452348e-14
 1.36206922e-14 1.42132958e-14 1.48211700e-14 1.54440880e-14
 1.60836943e-14 1.67358909e-14 1.74041893e-14 1.80862701e-14
 1.87816818e-14 1.94899262e-14 2.02104584e-14 2.09448692e-14
 2.16903998e-14 2.24441130e-14 2.32120028e-14 2.39865489e-14
 2.47691633e-14 2.55613080e-14 2.63573993e-14 2.71611631e-14
 2.79692452e-14 2.87829809e-14 2.95965017e-14 3.04134568e-14
 3.12278889e-14 3.20433868e-14 3.28563205e-14 3.36677962e-14
 3.44717822e-14 3.52693547e-14 3.60614979e-14 3.68445186e-14
 3.76170633e-14 3.83799784e-14 3.91274508e-14 3.98624842e-14
 4.05794368e-14 4.12811503e-14 4.19661277e-14 4.26290626e-14
 4.32706767e-14 4.38914704e-14 4.44882917e-14 4.50599273e-14
 4.56052038e-14 4.61229919e-14 4.66135900e-14 4.70731221e-14
 4.75032800e-14 4.79017611e-14 4.82687178e-14 4.86012331e-14
 4.88996895e-14 4.91641468e-14 4.93931049e-14 4.95860556e-14
 4.97425693e-14 4.98625893e-14 4.99451557e-14 4.99905596e-14
 4.99984064e-14 4.99686783e-14 4.99671220e-14 4.99014424e-14
 4.98986991e-14 4.97964949e-14 4.97925674e-14 4.96546750e-14
 4.96491101e-14 4.94754857e-14 4.94692224e-14 4.92596863e-14
 4.92522733e-14 4.90077618e-14 4.89984371e-14 4.87194002e-14
 4.87097370e-14 4.83968974e-14 4.83861418e-14 4.80391214e-14
 4.80272942e-14 4.76477452e-14 4.76348727e-14 4.72236350e-14
 4.72097456e-14 4.67677240e-14 4.67528482e-14 4.62810091e-14
 4.62651792e-14 4.57630253e-14 4.57462731e-14 4.52162459e-14
 4.51986074e-14 4.46435252e-14 4.46233589e-14 4.40428018e-14
 4.40217526e-14 4.34151223e-14 4.33950573e-14 4.27653738e-14
 4.27445817e-14 4.20911942e-14 4.20697157e-14 4.13957913e-14
 4.13736704e-14 4.06826408e-14 4.06578576e-14 3.99469818e-14
 3.99237104e-14 3.91964570e-14 3.91726786e-14 3.84304633e-14
 3.84040196e-14 3.76482286e-14 3.76235730e-14 3.68533976e-14
 3.68283724e-14 3.60474526e-14 3.60221039e-14 3.52318694e-14
 3.52062431e-14 3.44081130e-14 3.43799037e-14 3.35752659e-14
 3.35492203e-14 3.27371008e-14 3.27109124e-14 3.18974273e-14
 3.18687504e-14 3.10528644e-14 3.10241263e-14 3.02047590e-14
 3.01784016e-14 2.93592344e-14 2.93329037e-14 2.84865353e-14
 2.76429531e-14 2.68033746e-14 2.59689713e-14 2.51408669e-14
 2.43178282e-14 2.35055162e-14 2.27003164e-14 2.19054580e-14
 2.11218073e-14 2.03480179e-14 1.95891912e-14 1.88417515e-14
 1.81084975e-14 1.73900146e-14 1.66868306e-14 1.59994168e-14
 1.53263260e-14 1.46698750e-14 1.40303731e-14 1.34080763e-14
 1.28031896e-14 1.22142475e-14 1.16446476e-14 1.10912599e-14
 1.05557215e-14 1.00365854e-14 9.53667708e-15 9.05309845e-15
 8.58840244e-15 8.13981732e-15 7.70845776e-15 7.29295562e-15
 6.89535403e-15 6.51314659e-15 6.14714920e-15 5.79702632e-15
 5.46242400e-15 5.14297199e-15 4.83745976e-15 4.54718240e-15
 4.27011807e-15 4.00667444e-15 3.75575116e-15 3.51830371e-15
 3.29258099e-15 3.07882006e-15 2.87658262e-15 2.68543162e-15
 2.50493260e-15 2.33419829e-15 2.17374260e-15 2.02225665e-15
 1.87978061e-15 1.74554846e-15 1.61989659e-15 1.50173933e-15
 1.39104949e-15 1.28745296e-15 1.19058643e-15 1.10009768e-15
 1.01542194e-15 9.36693286e-16 8.63159921e-16 7.94737883e-16
 7.30963345e-16 6.71900300e-16 6.16951642e-16 5.66157087e-16
 5.18864698e-16 4.75237643e-16 4.34914963e-16 3.97583154e-16
 3.63240372e-16 3.31503692e-16 3.02285591e-16 2.75340859e-16
 2.50650389e-16 2.27923052e-16 2.07081330e-16 1.87986415e-16
 1.70508021e-16 1.54524016e-16 1.39882158e-16 1.26520089e-16
 1.14368690e-16 1.03239598e-16 9.31399401e-17 8.39569073e-17
 7.55934332e-17 6.80049510e-17 6.11259777e-17 5.48959026e-17
 4.92442108e-17 4.41495152e-17 3.95362822e-17 3.53746810e-17
 3.16239454e-17 2.82379831e-17 2.52005383e-17 2.24635324e-17
 2.00064984e-17 1.78028248e-17 1.58282009e-17 1.40559507e-17
 1.24753131e-17 1.10592761e-17 9.79545751e-18 8.66853151e-18
 7.66205559e-18 6.76878402e-18 5.97245586e-18 5.26521363e-18
 4.63766955e-18 4.08135489e-18 3.58739972e-18 3.15045952e-18
 2.76527739e-18 2.42336230e-18 2.12260243e-18 1.85753794e-18
 1.62356411e-18 1.41780950e-18 1.23703791e-18 1.07836263e-18
 9.39211354e-19 8.16991278e-19 7.10045458e-19 6.16551749e-19
 5.34893798e-19 4.63639295e-19 4.01366699e-19 3.47282008e-19
 3.00102498e-19 2.59101266e-19 2.23414697e-19 1.92546594e-19
 1.65729633e-19 1.42519747e-19 1.22450472e-19 1.05113001e-19
 9.01494235e-20 7.72151474e-20 6.60770348e-20 5.64946181e-20
 4.82583088e-20 4.11856200e-20 3.51030571e-20 2.98917058e-20
 2.54417874e-20 2.16163068e-20 1.83572040e-20 1.55753566e-20
 1.31973587e-20 1.11722437e-20 9.44926735e-21 7.98472994e-21]

Integrated fluxes of aliphatic features
6.9 micron feature 1.58014288933784e-14
7.2 micron feature 0.0
S/N of 6.9: 4.010912292337208
S/N of 7.2: nan

Section 2: 7.7 micron complex
Gaussian fitting parameters for 7.7 micron complex
[5.14417332e-13 7.60797214e+00 1.10657185e-01 9.60418789e-13
 7.86516696e+00 1.16771009e-01 1.67234512e-15 8.10000000e+00
 3.41891496e-02 2.35832863e-13 8.64242394e+00 7.42608285e-02]
Errors on fitting parameters
[7.12881087e-15 2.76552641e-03 1.70623512e-03 5.12356525e-15
 1.51363657e-03 1.18041405e-03 6.53508426e-15 0.00000000e+00
 0.00000000e+00 4.82677120e-15 1.73677327e-03 1.75958861e-03]
Fit model - 7.7 micron complex
[7.10189 7.10544 7.109   7.11255 7.11611 7.11967 7.12323 7.12679 7.13035
 7.13392 7.13749 7.14106 7.14463 7.1482  7.15178 7.15535 7.15893 7.16251
 7.1661  7.16968 7.17327 7.17685 7.18044 7.18403 7.18763 7.19122 7.19482
 7.19842 7.20202 7.20562 7.20922 7.21283 7.21643 7.22004 7.22365 7.22727
 7.23088 7.2345  7.23812 7.24174 7.24536 7.24898 7.25261 7.25623 7.25986
 7.26349 7.26713 7.27076 7.2744  7.27804 7.28168 7.28532 7.28896 7.29261
 7.29625 7.2999  7.30355 7.30721 7.31086 7.31452 7.31817 7.32184 7.3255
 7.32916 7.33283 7.33649 7.34016 7.34383 7.34751 7.35118 7.35486 7.35854
 7.36222 7.3659  7.36958 7.37327 7.37696 7.38064 7.38434 7.38803 7.39172
 7.39542 7.39912 7.40282 7.40652 7.41023 7.41393 7.41764 7.42135 7.42506
 7.42878 7.43249 7.43621 7.43993 7.44365 7.44737 7.4511  7.45482 7.45855
 7.46228 7.46601 7.46975 7.47348 7.47722 7.48096 7.4847  7.48844 7.49219
 7.49594 7.49968 7.50344 7.50719 7.51094 7.5147  7.51846 7.52222 7.52598
 7.52974 7.53351 7.53728 7.54105 7.54482 7.54859 7.55237 7.55614 7.55992
 7.5637  7.56749 7.57127 7.57506 7.57885 7.58264 7.58643 7.59022 7.59402
 7.59782 7.60162 7.60542 7.60922 7.61303 7.61684 7.62064 7.62446 7.62827
 7.63208 7.6359  7.63972 7.64354 7.64736 7.65119 7.65501 7.65884 7.66267
 7.66651 7.67034 7.67418 7.67801 7.68185 7.6857  7.68954 7.69339 7.69723
 7.70108 7.70493 7.70879 7.71264 7.7165  7.72036 7.72422 7.72808 7.73195
 7.73582 7.73969 7.74356 7.74743 7.7513  7.75518 7.75906 7.76294 7.76682
 7.77071 7.77459 7.77848 7.78237 7.78626 7.79016 7.79405 7.79795 7.80185
 7.80575 7.80966 7.81356 7.81747 7.82138 7.82529 7.82921 7.83312 7.83704
 7.84096 7.84488 7.8488  7.85273 7.85666 7.86058 7.86452 7.86845 7.87238
 7.87632 7.88026 7.8842  7.88814 7.89209 7.89604 7.89999 7.90394 7.90789
 7.91184 7.9158  7.91976 7.92372 7.92768 7.93165 7.93562 7.93958 7.94356
 7.94753 7.9515  7.95548 7.95946 7.96344 7.96742 7.97141 7.97539 7.97938
 7.98337 7.98737 7.99136 7.99536 7.99936 8.00336 8.00736 8.01136 8.01537
 8.01938 8.02339 8.0274  8.03142 8.03543 8.03945 8.04347 8.0475  8.05152
 8.05555 8.05958 8.06361 8.06764 8.07167 8.07571 8.07975 8.08379 8.08783
 8.09188 8.09593 8.09997 8.10403 8.10808 8.11213 8.11619 8.12025 8.12431
 8.12838 8.13244 8.13651 8.14058 8.14465 8.14872 8.1528  8.15687 8.16095
 8.16504 8.16912 8.1732  8.17729 8.18138 8.18547 8.18957 8.19366 8.19776
 8.20186 8.20596 8.21007 8.21417 8.21828 8.22239 8.2265  8.23062 8.23473
 8.23885 8.24297 8.2471  8.25122 8.25535 8.25947 8.26361 8.26774 8.27187
 8.27601 8.28015 8.28429 8.28843 8.29258 8.29673 8.30088 8.30503 8.30918
 8.31334 8.31749 8.32165 8.32582 8.32998 8.33415 8.33831 8.34248 8.34666
 8.35083 8.35501 8.35919 8.36337 8.36755 8.37173 8.37592 8.38011 8.3843
 8.38849 8.39269 8.39689 8.40109 8.40529 8.40949 8.4137  8.4179  8.42212
 8.42633 8.43054 8.43476 8.43898 8.4432  8.44742 8.45164 8.45587 8.4601
 8.46433 8.46856 8.4728  8.47704 8.48128 8.48552 8.48976 8.49401 8.49826
 8.50251 8.50676 8.51101 8.51527 8.51953 8.52379 8.52805 8.53232 8.53658
 8.54085 8.54513 8.5494  8.55367 8.55795 8.56223 8.56651 8.5708  8.57509
 8.57937 8.58366 8.58796 8.59225 8.59655 8.60085 8.60515 8.60946 8.61376
 8.61807 8.62238 8.62669 8.63101 8.63532 8.63964 8.64396 8.64828 8.65261
 8.65694 8.66127 8.6656  8.66993 8.67427 8.67861 8.68295 8.68729 8.69163
 8.69598 8.70033 8.70468 8.70903 8.71339 8.71775 8.72211 8.72647 8.73083
 8.7352  8.73957 8.74394 8.74831 8.75269 8.75707 8.76145 8.76583 8.77021
 8.7746  8.77899 8.78338 8.78777 8.79216 8.79656 8.80096 8.80536 8.80977
 8.81417 8.81858 8.82299 8.8274  8.83182 8.83624 8.84066 8.84508 8.8495
 8.85393 8.85835 8.86278 8.86722 8.87165 8.87609 8.88053 8.88497 8.88941
 8.89386 8.89831]
[1.47718667e-17 1.70974954e-17 1.97769654e-17 2.28434478e-17
 2.63688495e-17 3.04068386e-17 3.50269171e-17 4.03072459e-17
 4.63356119e-17 5.32310937e-17 6.10891274e-17 7.00342536e-17
 8.02056831e-17 9.17588241e-17 1.04906019e-16 1.19767220e-16
 1.36641582e-16 1.55730377e-16 1.77364243e-16 2.01718796e-16
 2.29259011e-16 2.60193583e-16 2.95096442e-16 3.34329279e-16
 3.78509689e-16 4.27929565e-16 4.83456277e-16 5.45610417e-16
 6.15104147e-16 6.92716002e-16 7.79295846e-16 8.76052741e-16
 9.83461390e-16 1.10322121e-15 1.23624905e-15 1.38427535e-15
 1.54789251e-15 1.72953650e-15 1.93043092e-15 2.15235758e-15
 2.39723292e-15 2.66711486e-15 2.96507013e-15 3.29182404e-15
 3.65172038e-15 4.04661281e-15 4.48063924e-15 4.95449515e-15
 5.47407236e-15 6.04160714e-15 6.66078320e-15 7.33548841e-15
 8.06981814e-15 8.87036295e-15 9.73726394e-15 1.06800423e-14
 1.17013954e-14 1.28096657e-14 1.40042136e-14 1.52972264e-14
 1.66874591e-14 1.81928166e-14 1.98076714e-14 2.15423770e-14
 2.34087562e-14 2.54033537e-14 2.75439339e-14 2.98322180e-14
 3.22821493e-14 3.48875555e-14 3.76698349e-14 4.06293308e-14
 4.37732310e-14 4.71086591e-14 5.06426382e-14 5.43925001e-14
 5.83556747e-14 6.25270590e-14 6.69478374e-14 7.15890471e-14
 7.64679204e-14 8.16038562e-14 8.69887233e-14 9.26267752e-14
 9.85217041e-14 1.04693581e-13 1.11111561e-13 1.17812060e-13
 1.24779057e-13 1.32012715e-13 1.39532921e-13 1.47297671e-13
 1.55346313e-13 1.63654797e-13 1.72218656e-13 1.81032407e-13
 1.90114204e-13 1.99407777e-13 2.08954432e-13 2.18719766e-13
 2.28692992e-13 2.38889806e-13 2.49242815e-13 2.59793633e-13
 2.70499865e-13 2.81345723e-13 2.92314571e-13 3.03418719e-13
 3.14610710e-13 3.25841510e-13 3.37181942e-13 3.48521749e-13
 3.59870727e-13 3.71238516e-13 3.82573993e-13 3.93856275e-13
 4.05064583e-13 4.16178370e-13 4.27206534e-13 4.38099533e-13
 4.48838156e-13 4.59403953e-13 4.69779378e-13 4.79974594e-13
 4.89920262e-13 4.99654974e-13 5.09139253e-13 5.18385857e-13
 5.27336302e-13 5.36029940e-13 5.44436506e-13 5.52551651e-13
 5.60372955e-13 5.67899975e-13 5.75152970e-13 5.82115301e-13
 5.88792611e-13 5.95192570e-13 6.01324836e-13 6.07216142e-13
 6.12863586e-13 6.18268623e-13 6.23490178e-13 6.28505142e-13
 6.33347632e-13 6.38051288e-13 6.42626037e-13 6.47095742e-13
 6.51485095e-13 6.55830719e-13 6.60135732e-13 6.64448799e-13
 6.68784811e-13 6.73181274e-13 6.77640874e-13 6.82211900e-13
 6.86894563e-13 6.91736297e-13 6.96760021e-13 7.01959812e-13
 7.07381219e-13 7.13012523e-13 7.18897402e-13 7.25033541e-13
 7.31447468e-13 7.38112909e-13 7.45068705e-13 7.52299252e-13
 7.59802951e-13 7.67575190e-13 7.75629440e-13 7.83935089e-13
 7.92478220e-13 8.01241852e-13 8.10205999e-13 8.19347741e-13
 8.28665518e-13 8.38107247e-13 8.47641657e-13 8.57235053e-13
 8.66876283e-13 8.76477723e-13 8.86048854e-13 8.95523201e-13
 9.04857727e-13 9.14031561e-13 9.22952632e-13 9.31621092e-13
 9.39967637e-13 9.47946256e-13 9.55530103e-13 9.62635248e-13
 9.69253762e-13 9.75323571e-13 9.80802921e-13 9.85663380e-13
 9.89842101e-13 9.93324556e-13 9.96065719e-13 9.98034856e-13
 9.99204156e-13 9.99548711e-13 9.99042882e-13 9.97673078e-13
 9.95410782e-13 9.92258765e-13 9.88205020e-13 9.83232085e-13
 9.77349163e-13 9.70560040e-13 9.62872210e-13 9.54273937e-13
 9.44798419e-13 9.34463981e-13 9.23292317e-13 9.11308342e-13
 8.98540028e-13 8.84983066e-13 8.70702581e-13 8.55734855e-13
 8.40118435e-13 8.23852199e-13 8.07017477e-13 7.89702876e-13
 7.71820921e-13 7.53551264e-13 7.34896965e-13 7.15857745e-13
 6.96528725e-13 6.76958543e-13 6.57195641e-13 6.37237877e-13
 6.17232758e-13 5.97126530e-13 5.77015171e-13 5.56893047e-13
 5.36904045e-13 5.16989836e-13 4.97240898e-13 4.77695679e-13
 4.58390703e-13 4.39360479e-13 4.20591016e-13 4.02160693e-13
 3.84097671e-13 3.66427751e-13 3.49131811e-13 3.32316794e-13
 3.15917200e-13 2.99991248e-13 2.84514157e-13 2.69573009e-13
 2.55101001e-13 2.41140726e-13 2.27694325e-13 2.14761408e-13
 2.02339244e-13 1.90394055e-13 1.78950591e-13 1.68000624e-13
 1.57534737e-13 1.47518500e-13 1.37967513e-13 1.28892503e-13
 1.20216485e-13 1.11994029e-13 1.04192225e-13 9.67824985e-14
 8.97738595e-14 8.31555800e-14 7.69019448e-14 7.10326436e-14
 6.55073537e-14 6.03291171e-14 5.54855745e-14 5.09638517e-14
 4.67405983e-14 4.28226912e-14 3.91766707e-14 3.57901032e-14
 3.26649837e-14 2.97782297e-14 2.71092848e-14 2.46514197e-14
 2.23909531e-14 2.03098341e-14 1.84055517e-14 1.66566858e-14
 1.50565844e-14 1.35943624e-14 1.22566513e-14 1.10402912e-14
 9.93024306e-15 8.92106371e-15 8.00475231e-15 7.17190832e-15
 6.41958198e-15 5.73757308e-15 5.12170522e-15 4.56502971e-15
 4.06496974e-15 3.61419657e-15 3.21037395e-15 2.84652372e-15
 2.52156400e-15 2.23101159e-15 1.97101057e-15 1.73929517e-15
 1.53311659e-15 1.34997113e-15 1.18721656e-15 1.04325051e-15
 9.16206988e-16 8.04414086e-16 7.06383664e-16 6.20610323e-16
 5.46358599e-16 4.82281972e-16 4.27620914e-16 3.81962252e-16
 3.44567264e-16 3.15257734e-16 2.93699097e-16 2.79926280e-16
 2.74166694e-16 2.76751160e-16 2.88274908e-16 3.09541409e-16
 3.41608008e-16 3.85811327e-16 4.43952703e-16 5.17940675e-16
 6.10152895e-16 7.23383805e-16 8.61245584e-16 1.02727463e-15
 1.22580168e-15 1.46175373e-15 1.74069974e-15 2.06974067e-15
 2.45431199e-15 2.90518872e-15 3.42801994e-15 4.03324210e-15
 4.73292782e-15 5.53697064e-15 6.45745109e-15 7.50727548e-15
 8.70013197e-15 1.00538245e-14 1.15808449e-14 1.32968594e-14
 1.52179176e-14 1.73656260e-14 1.97520964e-14 2.23935299e-14
 2.53056707e-14 2.85035273e-14 3.20096816e-14 3.58296267e-14
 3.99743322e-14 4.44526878e-14 4.92711404e-14 5.44458844e-14
 5.99664670e-14 6.58298394e-14 7.20291068e-14 7.85689337e-14
 8.54032680e-14 9.25441506e-14 9.99687396e-14 1.07612718e-13
 1.15458818e-13 1.23487006e-13 1.31635432e-13 1.39856202e-13
 1.48116843e-13 1.56342768e-13 1.64456910e-13 1.72436864e-13
 1.80219440e-13 1.87705721e-13 1.94867828e-13 2.01626052e-13
 2.07920358e-13 2.13706243e-13 2.18903104e-13 2.23485669e-13
 2.27396892e-13 2.30598486e-13 2.33063604e-13 2.34756248e-13
 2.35667201e-13 2.35782418e-13 2.35100729e-13 2.33624727e-13
 2.31370035e-13 2.28359401e-13 2.24622964e-13 2.20197755e-13
 2.15114667e-13 2.09432368e-13 2.03204927e-13 1.96490389e-13
 1.89349883e-13 1.81829039e-13 1.74008815e-13 1.65954510e-13
 1.57730862e-13 1.49381980e-13 1.40988177e-13 1.32608121e-13
 1.24296956e-13 1.16105772e-13 1.08062998e-13 1.00229667e-13
 9.26427906e-14 8.53341843e-14 7.83147725e-14 7.16231668e-14
 6.52758488e-14 5.92844390e-14 5.36559738e-14 4.83816348e-14
 4.34735663e-14 3.89271198e-14 3.47345396e-14 3.08853904e-14
 2.73593347e-14 2.41509001e-14 2.12440082e-14 1.86158626e-14
 1.62604866e-14 1.41488304e-14 1.22680617e-14 1.05998514e-14
 9.12310904e-15 7.82433455e-15 6.68672427e-15 5.69430700e-15
 4.83203196e-15 4.08426219e-15 3.44129553e-15 2.88814008e-15
 2.41430423e-15 2.01184152e-15 1.66980598e-15 1.38097482e-15
 1.13802817e-15 9.34475176e-16 7.64243968e-16 6.22783034e-16]
Integrated fluxes
Total integrated flux of complex: 4.239462509411172e-13
Section 3: 11.2 micron feature
Integrated flux of 11.2 micron feature:
2.3847951322196407e-13
