# Full model fit
#  col1: ID - 0=aliphatic, 1=7.7 complex, col2: wavelength, col3: flux density
0.000000000000000000e+00,6.601820000000000022e+00,1.429175669067350927e-15
0.000000000000000000e+00,6.605120000000000324e+00,1.531553701949952467e-15
0.000000000000000000e+00,6.608419999999999739e+00,1.640150065021756020e-15
0.000000000000000000e+00,6.611729999999999663e+00,1.755611813352772260e-15
0.000000000000000000e+00,6.615029999999999966e+00,1.877536710594200342e-15
0.000000000000000000e+00,6.618339999999999890e+00,2.006966580769018070e-15
0.000000000000000000e+00,6.621649999999999814e+00,2.143851961559377600e-15
0.000000000000000000e+00,6.624959999999999738e+00,2.288507781784528196e-15
0.000000000000000000e+00,6.628280000000000172e+00,2.441727911598705432e-15
0.000000000000000000e+00,6.631590000000000096e+00,2.602914291562570892e-15
0.000000000000000000e+00,6.634909999999999641e+00,2.773370835051627187e-15
0.000000000000000000e+00,6.638230000000000075e+00,2.952957329066163276e-15
0.000000000000000000e+00,6.641549999999999621e+00,3.142009902812041000e-15
0.000000000000000000e+00,6.644870000000000054e+00,3.340866168282886163e-15
0.000000000000000000e+00,6.648189999999999600e+00,3.549864356952189414e-15
0.000000000000000000e+00,6.651519999999999655e+00,3.770019648230644684e-15
0.000000000000000000e+00,6.654840000000000089e+00,4.000347282899278503e-15
0.000000000000000000e+00,6.658170000000000144e+00,4.242571294718426744e-15
0.000000000000000000e+00,6.661500000000000199e+00,4.496348355239028093e-15
0.000000000000000000e+00,6.664830000000000254e+00,4.762007779293534681e-15
0.000000000000000000e+00,6.668169999999999931e+00,5.040726194801708040e-15
0.000000000000000000e+00,6.671499999999999986e+00,5.331151820091329907e-15
0.000000000000000000e+00,6.674839999999999662e+00,5.635338944973662274e-15
0.000000000000000000e+00,6.678180000000000227e+00,5.952735335196763822e-15
0.000000000000000000e+00,6.681519999999999904e+00,6.283630582203968312e-15
0.000000000000000000e+00,6.684859999999999580e+00,6.628301505091779797e-15
0.000000000000000000e+00,6.688200000000000145e+00,6.987010648827515832e-15
0.000000000000000000e+00,6.691550000000000331e+00,7.361143182614209860e-15
0.000000000000000000e+00,6.694890000000000008e+00,7.748695392989331515e-15
0.000000000000000000e+00,6.698240000000000194e+00,8.152199677177648436e-15
0.000000000000000000e+00,6.701590000000000380e+00,8.570709083733475293e-15
0.000000000000000000e+00,6.704939999999999678e+00,9.004392658318949127e-15
0.000000000000000000e+00,6.708300000000000374e+00,9.454758739788039442e-15
0.000000000000000000e+00,6.711649999999999672e+00,9.919246102147547912e-15
0.000000000000000000e+00,6.715010000000000367e+00,1.040072025287571184e-14
0.000000000000000000e+00,6.718370000000000175e+00,1.089788125926501442e-14
0.000000000000000000e+00,6.721729999999999983e+00,1.141076166160735513e-14
0.000000000000000000e+00,6.725089999999999790e+00,1.193936153790950966e-14
0.000000000000000000e+00,6.728449999999999598e+00,1.248364697628261030e-14
0.000000000000000000e+00,6.731819999999999915e+00,1.304523818338355308e-14
0.000000000000000000e+00,6.735179999999999723e+00,1.362069569247449161e-14
0.000000000000000000e+00,6.738550000000000040e+00,1.421329930347791987e-14
0.000000000000000000e+00,6.741920000000000357e+00,1.482117360989686939e-14
0.000000000000000000e+00,6.745289999999999786e+00,1.544409161269884952e-14
0.000000000000000000e+00,6.748669999999999725e+00,1.608369798011297375e-14
0.000000000000000000e+00,6.752040000000000042e+00,1.673589466203419205e-14
0.000000000000000000e+00,6.755419999999999980e+00,1.740419311116281365e-14
0.000000000000000000e+00,6.758799999999999919e+00,1.808627395064837939e-14
0.000000000000000000e+00,6.762179999999999858e+00,1.878168565886815115e-14
0.000000000000000000e+00,6.765559999999999796e+00,1.948993012772814915e-14
0.000000000000000000e+00,6.768939999999999735e+00,2.021046231927501654e-14
0.000000000000000000e+00,6.772330000000000183e+00,2.094487316465143955e-14
0.000000000000000000e+00,6.775719999999999743e+00,2.169040380944893500e-14
0.000000000000000000e+00,6.779099999999999682e+00,2.244411706806590759e-14
0.000000000000000000e+00,6.782499999999999751e+00,2.321200687892762372e-14
0.000000000000000000e+00,6.785890000000000200e+00,2.398655296386339215e-14
0.000000000000000000e+00,6.789279999999999760e+00,2.476916738373656570e-14
0.000000000000000000e+00,6.792679999999999829e+00,2.556131205027196694e-14
0.000000000000000000e+00,6.796070000000000277e+00,2.635740330075437950e-14
0.000000000000000000e+00,6.799470000000000347e+00,2.716116713971255098e-14
0.000000000000000000e+00,6.802870000000000417e+00,2.796924925434412525e-14
0.000000000000000000e+00,6.806280000000000108e+00,2.878298488684959451e-14
0.000000000000000000e+00,6.809680000000000177e+00,2.959650569475911361e-14
0.000000000000000000e+00,6.813089999999999868e+00,3.041346075984593393e-14
0.000000000000000000e+00,6.816489999999999938e+00,3.122789276523518762e-14
0.000000000000000000e+00,6.819899999999999629e+00,3.204339058721791963e-14
0.000000000000000000e+00,6.823310000000000208e+00,3.285632430146899845e-14
0.000000000000000000e+00,6.826730000000000409e+00,3.366779991648057136e-14
0.000000000000000000e+00,6.830140000000000100e+00,3.447178586365522246e-14
0.000000000000000000e+00,6.833549999999999791e+00,3.526935826942942753e-14
0.000000000000000000e+00,6.836969999999999992e+00,3.606150136277956176e-14
0.000000000000000000e+00,6.840390000000000192e+00,3.684452203485743847e-14
0.000000000000000000e+00,6.843810000000000393e+00,3.761706668504826124e-14
0.000000000000000000e+00,6.847240000000000215e+00,3.837998162449555088e-14
0.000000000000000000e+00,6.850660000000000416e+00,3.912745394548129635e-14
0.000000000000000000e+00,6.854090000000000238e+00,3.986248728019938648e-14
0.000000000000000000e+00,6.857510000000000439e+00,4.057943973755647397e-14
0.000000000000000000e+00,6.860940000000000261e+00,4.128115317166579744e-14
0.000000000000000000e+00,6.864379999999999704e+00,4.196613039789779232e-14
0.000000000000000000e+00,6.867810000000000414e+00,4.262906518204176606e-14
0.000000000000000000e+00,6.871240000000000236e+00,4.327067918359902546e-14
0.000000000000000000e+00,6.874679999999999680e+00,4.389147274001824434e-14
0.000000000000000000e+00,6.878120000000000012e+00,4.448829397922657812e-14
0.000000000000000000e+00,6.881560000000000343e+00,4.505992944106975161e-14
0.000000000000000000e+00,6.884999999999999787e+00,4.560520578574482210e-14
0.000000000000000000e+00,6.888440000000000119e+00,4.612299379677959899e-14
0.000000000000000000e+00,6.891890000000000072e+00,4.661359175560399360e-14
0.000000000000000000e+00,6.895330000000000403e+00,4.707312376454588444e-14
0.000000000000000000e+00,6.898780000000000356e+00,4.750328148119344755e-14
0.000000000000000000e+00,6.902230000000000310e+00,4.790176243297285343e-14
0.000000000000000000e+00,6.905689999999999884e+00,4.826871906679965216e-14
0.000000000000000000e+00,6.909139999999999837e+00,4.860123414173174960e-14
0.000000000000000000e+00,6.912589999999999790e+00,4.889969047312494855e-14
0.000000000000000000e+00,6.916050000000000253e+00,4.916414760393583533e-14
0.000000000000000000e+00,6.919509999999999827e+00,4.939310556262581588e-14
0.000000000000000000e+00,6.922970000000000290e+00,4.958605612156118420e-14
0.000000000000000000e+00,6.926429999999999865e+00,4.974256974890757680e-14
0.000000000000000000e+00,6.929899999999999949e+00,4.986258964329521321e-14
0.000000000000000000e+00,6.933360000000000412e+00,4.994515586638028410e-14
0.000000000000000000e+00,6.936829999999999607e+00,4.999055968921003034e-14
0.000000000000000000e+00,6.940299999999999692e+00,4.999840635475709603e-14
0.000000000000000000e+00,6.943769999999999776e+00,4.996867817461251743e-14
0.000000000000000000e+00,6.943880000000000052e+00,4.996712185161812386e-14
0.000000000000000000e+00,6.947239999999999860e+00,4.990144215398927727e-14
0.000000000000000000e+00,6.947350000000000136e+00,4.989869885369748559e-14
0.000000000000000000e+00,6.950719999999999565e+00,4.979649454520951424e-14
0.000000000000000000e+00,6.950829999999999842e+00,4.979256705253636942e-14
0.000000000000000000e+00,6.954189999999999650e+00,4.965467450199279151e-14
0.000000000000000000e+00,6.954310000000000436e+00,4.964910964048551977e-14
0.000000000000000000e+00,6.957670000000000243e+00,4.947548515995977412e-14
0.000000000000000000e+00,6.957779999999999632e+00,4.946922188590151663e-14
0.000000000000000000e+00,6.961149999999999949e+00,4.925968564785582039e-14
0.000000000000000000e+00,6.961260000000000225e+00,4.925227264296218476e-14
0.000000000000000000e+00,6.964629999999999654e+00,4.900776112521947926e-14
0.000000000000000000e+00,6.964750000000000441e+00,4.899843635081457635e-14
0.000000000000000000e+00,6.968119999999999870e+00,4.871939941349964464e-14
0.000000000000000000e+00,6.968230000000000146e+00,4.870973617453152948e-14
0.000000000000000000e+00,6.971599999999999575e+00,4.839689653030695151e-14
0.000000000000000000e+00,6.971709999999999852e+00,4.838614090760492207e-14
0.000000000000000000e+00,6.975089999999999790e+00,4.803912047474329936e-14
0.000000000000000000e+00,6.975200000000000067e+00,4.802729329056120006e-14
0.000000000000000000e+00,6.978580000000000005e+00,4.764774415895335818e-14
0.000000000000000000e+00,6.978690000000000282e+00,4.763487166356152220e-14
0.000000000000000000e+00,6.982070000000000221e+00,4.722363388076493184e-14
0.000000000000000000e+00,6.982179999999999609e+00,4.720974448420906855e-14
0.000000000000000000e+00,6.985560000000000436e+00,4.676772287614169283e-14
0.000000000000000000e+00,6.985669999999999824e+00,4.675284704381118401e-14
0.000000000000000000e+00,6.989049999999999763e+00,4.628100789924852895e-14
0.000000000000000000e+00,6.989160000000000039e+00,4.626517804060115469e-14
0.000000000000000000e+00,6.992549999999999599e+00,4.576302407377443312e-14
0.000000000000000000e+00,6.992659999999999876e+00,4.574627184013642541e-14
0.000000000000000000e+00,6.996050000000000324e+00,4.521624461381814481e-14
0.000000000000000000e+00,6.996159999999999712e+00,4.519860615536624143e-14
0.000000000000000000e+00,6.999539999999999651e+00,4.464352391087161972e-14
0.000000000000000000e+00,6.999660000000000437e+00,4.462335762693172219e-14
0.000000000000000000e+00,7.003040000000000376e+00,4.404280044384224014e-14
0.000000000000000000e+00,7.003160000000000274e+00,4.402175123082460582e-14
0.000000000000000000e+00,7.006549999999999834e+00,4.341512096902112374e-14
0.000000000000000000e+00,7.006660000000000110e+00,4.339505594212693336e-14
0.000000000000000000e+00,7.010049999999999670e+00,4.276537242047050240e-14
0.000000000000000000e+00,7.010159999999999947e+00,4.274458028853594044e-14
0.000000000000000000e+00,7.013560000000000016e+00,4.209119278915362976e-14
0.000000000000000000e+00,7.013670000000000293e+00,4.206971437172122844e-14
0.000000000000000000e+00,7.017070000000000363e+00,4.139578991840433605e-14
0.000000000000000000e+00,7.017179999999999751e+00,4.137366906549619925e-14
0.000000000000000000e+00,7.020570000000000199e+00,4.068263936620441750e-14
0.000000000000000000e+00,7.020690000000000097e+00,4.065785623117803739e-14
0.000000000000000000e+00,7.024090000000000167e+00,3.994698039004697081e-14
0.000000000000000000e+00,7.024200000000000443e+00,3.992370904621184085e-14
0.000000000000000000e+00,7.027599999999999625e+00,3.919645562237403934e-14
0.000000000000000000e+00,7.027709999999999901e+00,3.917267726697553041e-14
0.000000000000000000e+00,7.031109999999999971e+00,3.843046194005780352e-14
0.000000000000000000e+00,7.031229999999999869e+00,3.840401824753298575e-14
0.000000000000000000e+00,7.034629999999999939e+00,3.764822719248293784e-14
0.000000000000000000e+00,7.034740000000000215e+00,3.762357166962323747e-14
0.000000000000000000e+00,7.038149999999999906e+00,3.685339627423772089e-14
0.000000000000000000e+00,7.038260000000000183e+00,3.682837102463697404e-14
0.000000000000000000e+00,7.041669999999999874e+00,3.604745131539791151e-14
0.000000000000000000e+00,7.041780000000000150e+00,3.602210257648641754e-14
0.000000000000000000e+00,7.045189999999999841e+00,3.523186810182996784e-14
0.000000000000000000e+00,7.045300000000000118e+00,3.520624184161272554e-14
0.000000000000000000e+00,7.048709999999999809e+00,3.440811170036264035e-14
0.000000000000000000e+00,7.048829999999999707e+00,3.437990241183409328e-14
0.000000000000000000e+00,7.052240000000000286e+00,3.357526469460896041e-14
0.000000000000000000e+00,7.052349999999999675e+00,3.354921908232074186e-14
0.000000000000000000e+00,7.055769999999999875e+00,3.273709962155158476e-14
0.000000000000000000e+00,7.055880000000000152e+00,3.271091123598198455e-14
0.000000000000000000e+00,7.059289999999999843e+00,3.189742616727368686e-14
0.000000000000000000e+00,7.059409999999999741e+00,3.186874920775685543e-14
0.000000000000000000e+00,7.062820000000000320e+00,3.105286326024779983e-14
0.000000000000000000e+00,7.062940000000000218e+00,3.102412514289627007e-14
0.000000000000000000e+00,7.066360000000000419e+00,3.020475789009372313e-14
0.000000000000000000e+00,7.066469999999999807e+00,3.017840049250186898e-14
0.000000000000000000e+00,7.069890000000000008e+00,2.935923330269969324e-14
0.000000000000000000e+00,7.070000000000000284e+00,2.933290264916668456e-14
0.000000000000000000e+00,7.073540000000000383e+00,2.848653427317696480e-14
0.000000000000000000e+00,7.077079999999999593e+00,2.764295215071899905e-14
0.000000000000000000e+00,7.080619999999999692e+00,2.680337366222086596e-14
0.000000000000000000e+00,7.084159999999999791e+00,2.596897043156682561e-14
0.000000000000000000e+00,7.087699999999999889e+00,2.514086610708410281e-14
0.000000000000000000e+00,7.091249999999999609e+00,2.431782736579142929e-14
0.000000000000000000e+00,7.094789999999999708e+00,2.350551543114277884e-14
0.000000000000000000e+00,7.098340000000000316e+00,2.270031569963208516e-14
0.000000000000000000e+00,7.101890000000000036e+00,2.190545736151790925e-14
0.000000000000000000e+00,7.105439999999999756e+00,2.112180667124100498e-14
0.000000000000000000e+00,7.108999999999999986e+00,2.034801733871406220e-14
0.000000000000000000e+00,7.112549999999999706e+00,1.958919070911281289e-14
0.000000000000000000e+00,7.116109999999999935e+00,1.884175097987929990e-14
0.000000000000000000e+00,7.119670000000000165e+00,1.810849707283087986e-14
0.000000000000000000e+00,7.123230000000000395e+00,1.739001421323223250e-14
0.000000000000000000e+00,7.126789999999999736e+00,1.668683028169846069e-14
0.000000000000000000e+00,7.130349999999999966e+00,1.599941645251769435e-14
0.000000000000000000e+00,7.133919999999999817e+00,1.532632570073567737e-14
0.000000000000000000e+00,7.137489999999999668e+00,1.466987479391354310e-14
0.000000000000000000e+00,7.141060000000000407e+00,1.403037286715924435e-14
0.000000000000000000e+00,7.144630000000000258e+00,1.340807614157809952e-14
0.000000000000000000e+00,7.148200000000000109e+00,1.280318943326395439e-14
0.000000000000000000e+00,7.151779999999999582e+00,1.221424741832915128e-14
0.000000000000000000e+00,7.155350000000000321e+00,1.164464751354702082e-14
0.000000000000000000e+00,7.158929999999999794e+00,1.109125984909502224e-14
0.000000000000000000e+00,7.162510000000000154e+00,1.055572151422742355e-14
0.000000000000000000e+00,7.166100000000000136e+00,1.003658540797112242e-14
0.000000000000000000e+00,7.169679999999999609e+00,9.536677109979648880e-15
0.000000000000000000e+00,7.173269999999999591e+00,9.053098499999025558e-15
0.000000000000000000e+00,7.176849999999999952e+00,8.588402504322919925e-15
0.000000000000000000e+00,7.180439999999999934e+00,8.139817411642167285e-15
0.000000000000000000e+00,7.184029999999999916e+00,7.708457863779616619e-15
0.000000000000000000e+00,7.187630000000000408e+00,7.292955741901777253e-15
0.000000000000000000e+00,7.191220000000000390e+00,6.895354157854706531e-15
0.000000000000000000e+00,7.194819999999999993e+00,6.513146735906613714e-15
0.000000000000000000e+00,7.198419999999999597e+00,6.147149352656464472e-15
0.000000000000000000e+00,7.202020000000000088e+00,5.797026483054904968e-15
0.000000000000000000e+00,7.205619999999999692e+00,5.462424167078749619e-15
0.000000000000000000e+00,7.209220000000000184e+00,5.142972171388027221e-15
0.000000000000000000e+00,7.212830000000000297e+00,4.837459939755629361e-15
0.000000000000000000e+00,7.216429999999999900e+00,4.547182585795623999e-15
0.000000000000000000e+00,7.220040000000000013e+00,4.270118265026492682e-15
0.000000000000000000e+00,7.223650000000000126e+00,4.006674628382419452e-15
0.000000000000000000e+00,7.227269999999999861e+00,3.755751351741272490e-15
0.000000000000000000e+00,7.230879999999999974e+00,3.518303905360875154e-15
0.000000000000000000e+00,7.234499999999999709e+00,3.292581184197062398e-15
0.000000000000000000e+00,7.238120000000000331e+00,3.078820259077829250e-15
0.000000000000000000e+00,7.241740000000000066e+00,2.876582811879068039e-15
0.000000000000000000e+00,7.245359999999999800e+00,2.685431807442253414e-15
0.000000000000000000e+00,7.248980000000000423e+00,2.504932791145583955e-15
0.000000000000000000e+00,7.252609999999999779e+00,2.334198472066013127e-15
0.000000000000000000e+00,7.256230000000000402e+00,2.173742778476082831e-15
0.000000000000000000e+00,7.259859999999999758e+00,2.022256832324507663e-15
0.000000000000000000e+00,7.263490000000000002e+00,1.879780788650047778e-15
0.000000000000000000e+00,7.267129999999999868e+00,1.745548631203582817e-15
0.000000000000000000e+00,7.270760000000000112e+00,1.619896759150646031e-15
0.000000000000000000e+00,7.274399999999999977e+00,1.501739485027276559e-15
0.000000000000000000e+00,7.278039999999999843e+00,1.391049639785602849e-15
0.000000000000000000e+00,7.281679999999999708e+00,1.287453112842591323e-15
0.000000000000000000e+00,7.285319999999999574e+00,1.190586572610148758e-15
0.000000000000000000e+00,7.288960000000000328e+00,1.100097820056697274e-15
0.000000000000000000e+00,7.292609999999999815e+00,1.015422071264060916e-15
0.000000000000000000e+00,7.296249999999999680e+00,9.366934129963901512e-16
0.000000000000000000e+00,7.299900000000000055e+00,8.631600430010634437e-16
0.000000000000000000e+00,7.303550000000000431e+00,7.947379987145708149e-16
0.000000000000000000e+00,7.307210000000000427e+00,7.309634554079999631e-16
0.000000000000000000e+00,7.310859999999999914e+00,6.719004050752707983e-16
0.000000000000000000e+00,7.314519999999999911e+00,6.169517423909950803e-16
0.000000000000000000e+00,7.318170000000000286e+00,5.661571817214487456e-16
0.000000000000000000e+00,7.321839999999999904e+00,5.188647886208001044e-16
0.000000000000000000e+00,7.325499999999999901e+00,4.752377287398266743e-16
0.000000000000000000e+00,7.329159999999999897e+00,4.349150440113195721e-16
0.000000000000000000e+00,7.332830000000000403e+00,3.975832295621963023e-16
0.000000000000000000e+00,7.336490000000000400e+00,3.632404432816022321e-16
0.000000000000000000e+00,7.340160000000000018e+00,3.315037589782286779e-16
0.000000000000000000e+00,7.343829999999999636e+00,3.022856541214343397e-16
0.000000000000000000e+00,7.347509999999999764e+00,2.753409184911694965e-16
0.000000000000000000e+00,7.351180000000000270e+00,2.506504449808956222e-16
0.000000000000000000e+00,7.354860000000000397e+00,2.279231039123837605e-16
0.000000000000000000e+00,7.358539999999999637e+00,2.070813786936642653e-16
0.000000000000000000e+00,7.362219999999999764e+00,1.879864607257484289e-16
0.000000000000000000e+00,7.365899999999999892e+00,1.705080632857925445e-16
0.000000000000000000e+00,7.369580000000000020e+00,1.545240556388568139e-16
0.000000000000000000e+00,7.373269999999999769e+00,1.398821948132671242e-16
0.000000000000000000e+00,7.376960000000000406e+00,1.265201231827110033e-16
0.000000000000000000e+00,7.380639999999999645e+00,1.143687216083191428e-16
0.000000000000000000e+00,7.384339999999999904e+00,1.032396270846207621e-16
0.000000000000000000e+00,7.388029999999999653e+00,9.313996707794202553e-17
0.000000000000000000e+00,7.391720000000000290e+00,8.395693225700764142e-17
0.000000000000000000e+00,7.395419999999999661e+00,7.559345618233069121e-17
0.000000000000000000e+00,7.399119999999999919e+00,6.800497219406062356e-17
0.000000000000000000e+00,7.402820000000000178e+00,6.112599722213032833e-17
0.000000000000000000e+00,7.406520000000000437e+00,5.489592052602320316e-17
0.000000000000000000e+00,7.410230000000000317e+00,4.924422727600339270e-17
0.000000000000000000e+00,7.413929999999999687e+00,4.414953031945573621e-17
0.000000000000000000e+00,7.417639999999999567e+00,3.953629602526836738e-17
0.000000000000000000e+00,7.421350000000000335e+00,3.537469364790116715e-17
0.000000000000000000e+00,7.425060000000000215e+00,3.162395699080425615e-17
0.000000000000000000e+00,7.428779999999999717e+00,2.823799362480650617e-17
0.000000000000000000e+00,7.432489999999999597e+00,2.520054796782380787e-17
0.000000000000000000e+00,7.436209999999999987e+00,2.246354118971149271e-17
0.000000000000000000e+00,7.439930000000000376e+00,2.000650639302039684e-17
0.000000000000000000e+00,7.443649999999999878e+00,1.780283207133071542e-17
0.000000000000000000e+00,7.447370000000000267e+00,1.582820747927225029e-17
0.000000000000000000e+00,7.451100000000000279e+00,1.405595666231009745e-17
0.000000000000000000e+00,7.454819999999999780e+00,1.247531850073826711e-17
0.000000000000000000e+00,7.458549999999999791e+00,1.105928094549924807e-17
0.000000000000000000e+00,7.462279999999999802e+00,9.795461920952089818e-18
0.000000000000000000e+00,7.466009999999999813e+00,8.668535492064943818e-18
0.000000000000000000e+00,7.469750000000000334e+00,7.662059180495116263e-18
0.000000000000000000e+00,7.473480000000000345e+00,6.768787252010943009e-18
0.000000000000000000e+00,7.477219999999999978e+00,5.972458768181974398e-18
0.000000000000000000e+00,7.480959999999999610e+00,5.265216239807527755e-18
0.000000000000000000e+00,7.484700000000000131e+00,4.637671893941645071e-18
0.000000000000000000e+00,7.488439999999999763e+00,4.081356990245167049e-18
0.000000000000000000e+00,7.492189999999999905e+00,3.587401596436137841e-18
0.000000000000000000e+00,7.495940000000000047e+00,3.150461202408082020e-18
0.000000000000000000e+00,7.499679999999999680e+00,2.765278893197140549e-18
0.000000000000000000e+00,7.503440000000000332e+00,2.423363644002764021e-18
0.000000000000000000e+00,7.507189999999999586e+00,2.122603627344938092e-18
0.000000000000000000e+00,7.510939999999999728e+00,1.857539001092318289e-18
0.000000000000000000e+00,7.514700000000000379e+00,1.623565058324624118e-18
0.000000000000000000e+00,7.518460000000000143e+00,1.417810342166317036e-18
0.000000000000000000e+00,7.522219999999999906e+00,1.237038661055264831e-18
0.000000000000000000e+00,7.525979999999999670e+00,1.078363288757572135e-18
0.000000000000000000e+00,7.529740000000000322e+00,9.392119403457845409e-19
0.000000000000000000e+00,7.533509999999999707e+00,8.169917965613278336e-19
0.000000000000000000e+00,7.537279999999999980e+00,7.100459157991539910e-19
0.000000000000000000e+00,7.541050000000000253e+00,6.165521533668366143e-19
0.000000000000000000e+00,7.544819999999999638e+00,5.348941540264647226e-19
0.000000000000000000e+00,7.548589999999999911e+00,4.636396093626340629e-19
0.000000000000000000e+00,7.552369999999999806e+00,4.013669755807569626e-19
0.000000000000000000e+00,7.556140000000000079e+00,3.472822513015380364e-19
0.000000000000000000e+00,7.559919999999999973e+00,3.001027107615180154e-19
0.000000000000000000e+00,7.563699999999999868e+00,2.591014531692890419e-19
0.000000000000000000e+00,7.567490000000000272e+00,2.234148607840488114e-19
0.000000000000000000e+00,7.571270000000000167e+00,1.925467371661071416e-19
0.000000000000000000e+00,7.575059999999999683e+00,1.657297577870084526e-19
0.000000000000000000e+00,7.578850000000000087e+00,1.425198562077242307e-19
0.000000000000000000e+00,7.582639999999999603e+00,1.224505677818852481e-19
0.000000000000000000e+00,7.586430000000000007e+00,1.051130840861299433e-19
0.000000000000000000e+00,7.590220000000000411e+00,9.014949581077089322e-20
0.000000000000000000e+00,7.594020000000000437e+00,7.721521026277562551e-20
0.000000000000000000e+00,7.597819999999999574e+00,6.607708939092042799e-20
0.000000000000000000e+00,7.601619999999999600e+00,5.649466540464286895e-20
0.000000000000000000e+00,7.605419999999999625e+00,4.825834979221891520e-20
0.000000000000000000e+00,7.609219999999999651e+00,4.118565556222853192e-20
0.000000000000000000e+00,7.613030000000000186e+00,3.510308778512405406e-20
0.000000000000000000e+00,7.616839999999999833e+00,2.989173227297646923e-20
0.000000000000000000e+00,7.620639999999999858e+00,2.544181025288309196e-20
0.000000000000000000e+00,7.624460000000000015e+00,2.161632648780498655e-20
0.000000000000000000e+00,7.628269999999999662e+00,1.835722093925858513e-20
0.000000000000000000e+00,7.632080000000000197e+00,1.557537118341044565e-20
0.000000000000000000e+00,7.635900000000000354e+00,1.319737121114120972e-20
0.000000000000000000e+00,7.639719999999999622e+00,1.117225443687057476e-20
0.000000000000000000e+00,7.643539999999999779e+00,9.449276579473876357e-21
0.000000000000000000e+00,7.647359999999999935e+00,7.984737847367206950e-21
1.000000000000000000e+00,7.101890000000000036e+00,1.477770389290014737e-17
1.000000000000000000e+00,7.105439999999999756e+00,1.710411778629561655e-17
1.000000000000000000e+00,7.108999999999999986e+00,1.978447213247061031e-17
1.000000000000000000e+00,7.112549999999999706e+00,2.285194337361315587e-17
1.000000000000000000e+00,7.116109999999999935e+00,2.637845562571394741e-17
1.000000000000000000e+00,7.119670000000000165e+00,3.041768676609672935e-17
1.000000000000000000e+00,7.123230000000000395e+00,3.503915272597219846e-17
1.000000000000000000e+00,7.126789999999999736e+00,4.032102899540696787e-17
1.000000000000000000e+00,7.130349999999999966e+00,4.635111854886223017e-17
1.000000000000000000e+00,7.133919999999999817e+00,5.324852292723250046e-17
1.000000000000000000e+00,7.137489999999999668e+00,6.110869260996513671e-17
1.000000000000000000e+00,7.141060000000000407e+00,7.005618833350544745e-17
1.000000000000000000e+00,7.144630000000000258e+00,8.023024259980419664e-17
1.000000000000000000e+00,7.148200000000000109e+00,9.178628672564853840e-17
1.000000000000000000e+00,7.151779999999999582e+00,1.049366971116297995e-16
1.000000000000000000e+00,7.155350000000000321e+00,1.198014357606579763e-16
1.000000000000000000e+00,7.158929999999999794e+00,1.366797027914180755e-16
1.000000000000000000e+00,7.162510000000000154e+00,1.557727937960958098e-16
1.000000000000000000e+00,7.166100000000000136e+00,1.774113897482971686e-16
1.000000000000000000e+00,7.169679999999999609e+00,2.017711141763467488e-16
1.000000000000000000e+00,7.173269999999999591e+00,2.293170064008310862e-16
1.000000000000000000e+00,7.176849999999999952e+00,2.602577658708527617e-16
1.000000000000000000e+00,7.180439999999999934e+00,2.951673946281861873e-16
1.000000000000000000e+00,7.184029999999999916e+00,3.344076078426892448e-16
1.000000000000000000e+00,7.187630000000000408e+00,3.785960634962313330e-16
1.000000000000000000e+00,7.191220000000000390e+00,4.280246511750109829e-16
1.000000000000000000e+00,7.194819999999999993e+00,4.835608348408088160e-16
1.000000000000000000e+00,7.198419999999999597e+00,5.457252260109782682e-16
1.000000000000000000e+00,7.202020000000000088e+00,6.152300302570190030e-16
1.000000000000000000e+00,7.205619999999999692e+00,6.928538275520023109e-16
1.000000000000000000e+00,7.209220000000000184e+00,7.794465275483287828e-16
1.000000000000000000e+00,7.212830000000000297e+00,8.762172746384881850e-16
1.000000000000000000e+00,7.216429999999999900e+00,9.836407385903923470e-16
1.000000000000000000e+00,7.220040000000000013e+00,1.103416457701690373e-15
1.000000000000000000e+00,7.223650000000000126e+00,1.236461292878608411e-15
1.000000000000000000e+00,7.227269999999999861e+00,1.384505753625454901e-15
1.000000000000000000e+00,7.230879999999999974e+00,1.548142188074974630e-15
1.000000000000000000e+00,7.234499999999999709e+00,1.729806702665762160e-15
1.000000000000000000e+00,7.238120000000000331e+00,1.930722873356247198e-15
1.000000000000000000e+00,7.241740000000000066e+00,2.152672523555335625e-15
1.000000000000000000e+00,7.245359999999999800e+00,2.397572110880304914e-15
1.000000000000000000e+00,7.248980000000000423e+00,2.667479558980914170e-15
1.000000000000000000e+00,7.252609999999999779e+00,2.965461691494880729e-15
1.000000000000000000e+00,7.256230000000000402e+00,3.292243639303308975e-15
1.000000000000000000e+00,7.259859999999999758e+00,3.652169344396035924e-15
1.000000000000000000e+00,7.263490000000000002e+00,4.047092351354932136e-15
1.000000000000000000e+00,7.267129999999999868e+00,4.481150616931511472e-15
1.000000000000000000e+00,7.270760000000000112e+00,4.955039416026425830e-15
1.000000000000000000e+00,7.274399999999999977e+00,5.474650648717379820e-15
1.000000000000000000e+00,7.278039999999999843e+00,6.042220432576726305e-15
1.000000000000000000e+00,7.281679999999999708e+00,6.661432383714200328e-15
1.000000000000000000e+00,7.285319999999999574e+00,7.336174252410636922e-15
1.000000000000000000e+00,7.288960000000000328e+00,8.070541269295701194e-15
1.000000000000000000e+00,7.292609999999999815e+00,8.871123955646916184e-15
1.000000000000000000e+00,7.296249999999999680e+00,9.738063034590400306e-15
1.000000000000000000e+00,7.299900000000000055e+00,1.068087971851239546e-14
1.000000000000000000e+00,7.303550000000000431e+00,1.170227108574241015e-14
1.000000000000000000e+00,7.307210000000000427e+00,1.281057947377532509e-14
1.000000000000000000e+00,7.310859999999999914e+00,1.400516470215635416e-14
1.000000000000000000e+00,7.314519999999999911e+00,1.529821424477965594e-14
1.000000000000000000e+00,7.318170000000000286e+00,1.668848240114455959e-14
1.000000000000000000e+00,7.321839999999999904e+00,1.819387415297808007e-14
1.000000000000000000e+00,7.325499999999999901e+00,1.980876136430611578e-14
1.000000000000000000e+00,7.329159999999999897e+00,2.154349737624034926e-14
1.000000000000000000e+00,7.332830000000000403e+00,2.340990463486921039e-14
1.000000000000000000e+00,7.336490000000000400e+00,2.540452726434684443e-14
1.000000000000000000e+00,7.340160000000000018e+00,2.754512945213908595e-14
1.000000000000000000e+00,7.343829999999999636e+00,2.983343207840210043e-14
1.000000000000000000e+00,7.347509999999999764e+00,3.228337789974398307e-14
1.000000000000000000e+00,7.351180000000000270e+00,3.488879425923945239e-14
1.000000000000000000e+00,7.354860000000000397e+00,3.767107909552000541e-14
1.000000000000000000e+00,7.358539999999999637e+00,4.063057520706960430e-14
1.000000000000000000e+00,7.362219999999999764e+00,4.377447008035978596e-14
1.000000000000000000e+00,7.365899999999999892e+00,4.710988697128412726e-14
1.000000000000000000e+00,7.369580000000000020e+00,5.064384862281660951e-14
1.000000000000000000e+00,7.373269999999999769e+00,5.439368633008274798e-14
1.000000000000000000e+00,7.376960000000000406e+00,5.835682985148194593e-14
1.000000000000000000e+00,7.380639999999999645e+00,6.252817593939930122e-14
1.000000000000000000e+00,7.384339999999999904e+00,6.694890848763382803e-14
1.000000000000000000e+00,7.388029999999999653e+00,7.159006492135836352e-14
1.000000000000000000e+00,7.391720000000000290e+00,7.646887714497338142e-14
1.000000000000000000e+00,7.395419999999999661e+00,8.160474386994516482e-14
1.000000000000000000e+00,7.399119999999999919e+00,8.698953399977187304e-14
1.000000000000000000e+00,7.402820000000000178e+00,9.262750113357745806e-14
1.000000000000000000e+00,7.406520000000000437e+00,9.852233758429009528e-14
1.000000000000000000e+00,7.410230000000000317e+00,1.046941142557920589e-13
1.000000000000000000e+00,7.413929999999999687e+00,1.111119873104439107e-13
1.000000000000000000e+00,7.417639999999999567e+00,1.178123722055354565e-13
1.000000000000000000e+00,7.421350000000000335e+00,1.247792482949431356e-13
1.000000000000000000e+00,7.425060000000000215e+00,1.320127790289519734e-13
1.000000000000000000e+00,7.428779999999999717e+00,1.395328533709229502e-13
1.000000000000000000e+00,7.432489999999999597e+00,1.472974665566418660e-13
1.000000000000000000e+00,7.436209999999999987e+00,1.553459681901463847e-13
1.000000000000000000e+00,7.439930000000000376e+00,1.636543096908021271e-13
1.000000000000000000e+00,7.443649999999999878e+00,1.722180237543457602e-13
1.000000000000000000e+00,7.447370000000000267e+00,1.810316291039975808e-13
1.000000000000000000e+00,7.451100000000000279e+00,1.901132812521110530e-13
1.000000000000000000e+00,7.454819999999999780e+00,1.994067109923588012e-13
1.000000000000000000e+00,7.458549999999999791e+00,2.089532258044792929e-13
1.000000000000000000e+00,7.462279999999999802e+00,2.187184236841450989e-13
1.000000000000000000e+00,7.466009999999999813e+00,2.286915202101158278e-13
1.000000000000000000e+00,7.469750000000000334e+00,2.388882112248828427e-13
1.000000000000000000e+00,7.473480000000000345e+00,2.492411070726915913e-13
1.000000000000000000e+00,7.477219999999999978e+00,2.597918228205219544e-13
1.000000000000000000e+00,7.480959999999999610e+00,2.704979638045273324e-13
1.000000000000000000e+00,7.484700000000000131e+00,2.813437449391398651e-13
1.000000000000000000e+00,7.488439999999999763e+00,2.923125305445882502e-13
1.000000000000000000e+00,7.492189999999999905e+00,3.034166337401485325e-13
1.000000000000000000e+00,7.495940000000000047e+00,3.146085978337845807e-13
1.000000000000000000e+00,7.499679999999999680e+00,3.258393899455366637e-13
1.000000000000000000e+00,7.503440000000000332e+00,3.371798354974807474e-13
1.000000000000000000e+00,7.507189999999999586e+00,3.485196772257322220e-13
1.000000000000000000e+00,7.510939999999999728e+00,3.598687125171056087e-13
1.000000000000000000e+00,7.514700000000000379e+00,3.712365834247139084e-13
1.000000000000000000e+00,7.518460000000000143e+00,3.825721664214018022e-13
1.000000000000000000e+00,7.522219999999999906e+00,3.938545788204219090e-13
1.000000000000000000e+00,7.525979999999999670e+00,4.050630420746476863e-13
1.000000000000000000e+00,7.529740000000000322e+00,4.161770094048569994e-13
1.000000000000000000e+00,7.533509999999999707e+00,4.272053788321376033e-13
1.000000000000000000e+00,7.537279999999999980e+00,4.380986090735303061e-13
1.000000000000000000e+00,7.541050000000000253e+00,4.488374854051305126e-13
1.000000000000000000e+00,7.544819999999999638e+00,4.594035598731941376e-13
1.000000000000000000e+00,7.548589999999999911e+00,4.697792834070483675e-13
1.000000000000000000e+00,7.552369999999999806e+00,4.799748193313324557e-13
1.000000000000000000e+00,7.556140000000000079e+00,4.899208238651211932e-13
1.000000000000000000e+00,7.559919999999999973e+00,4.996558912229203812e-13
1.000000000000000000e+00,7.563699999999999868e+00,5.091405388234865534e-13
1.000000000000000000e+00,7.567490000000000272e+00,5.183875244914924961e-13
1.000000000000000000e+00,7.571270000000000167e+00,5.273383602265291411e-13
1.000000000000000000e+00,7.575059999999999683e+00,5.360323958705508656e-13
1.000000000000000000e+00,7.578850000000000087e+00,5.444393626280616205e-13
1.000000000000000000e+00,7.582639999999999603e+00,5.525549081400700446e-13
1.000000000000000000e+00,7.586430000000000007e+00,5.603766101973023905e-13
1.000000000000000000e+00,7.590220000000000411e+00,5.679040203386901638e-13
1.000000000000000000e+00,7.594020000000000437e+00,5.751573976516818588e-13
1.000000000000000000e+00,7.597819999999999574e+00,5.821200955590361248e-13
1.000000000000000000e+00,7.601619999999999600e+00,5.887977564369187791e-13
1.000000000000000000e+00,7.605419999999999625e+00,5.951980448444926405e-13
1.000000000000000000e+00,7.609219999999999651e+00,6.013306148573165900e-13
1.000000000000000000e+00,7.613030000000000186e+00,6.072221990037039362e-13
1.000000000000000000e+00,7.616839999999999833e+00,6.128698893471566376e-13
1.000000000000000000e+00,7.620639999999999858e+00,6.182751383776267019e-13
1.000000000000000000e+00,7.624460000000000015e+00,6.234968688264158868e-13
1.000000000000000000e+00,7.628269999999999662e+00,6.285119689113207579e-13
1.000000000000000000e+00,7.632080000000000197e+00,6.333545535804542334e-13
1.000000000000000000e+00,7.635900000000000354e+00,6.380582604660018660e-13
1.000000000000000000e+00,7.639719999999999622e+00,6.426330145152286440e-13
1.000000000000000000e+00,7.643539999999999779e+00,6.471026791930252444e-13
1.000000000000000000e+00,7.647359999999999935e+00,6.514919452062074386e-13
1.000000000000000000e+00,7.651189999999999714e+00,6.558374333522782059e-13
1.000000000000000000e+00,7.655009999999999870e+00,6.601422644729293057e-13
1.000000000000000000e+00,7.658839999999999648e+00,6.644551028562057601e-13
1.000000000000000000e+00,7.662670000000000314e+00,6.687908409774883983e-13
1.000000000000000000e+00,7.666509999999999714e+00,6.731869857840156973e-13
1.000000000000000000e+00,7.670340000000000380e+00,6.776462268568977786e-13
1.000000000000000000e+00,7.674179999999999779e+00,6.822168536003628822e-13
1.000000000000000000e+00,7.678009999999999557e+00,6.868990826760003123e-13
1.000000000000000000e+00,7.681849999999999845e+00,6.917403489108105737e-13
1.000000000000000000e+00,7.685699999999999754e+00,6.967635757878323776e-13
1.000000000000000000e+00,7.689540000000000042e+00,7.019628456249296580e-13
1.000000000000000000e+00,7.693389999999999951e+00,7.073837116552615735e-13
1.000000000000000000e+00,7.697230000000000238e+00,7.130144613763489089e-13
1.000000000000000000e+00,7.701080000000000148e+00,7.188987745334573067e-13
1.000000000000000000e+00,7.704930000000000057e+00,7.250343438057147085e-13
1.000000000000000000e+00,7.708789999999999587e+00,7.314477023265847803e-13
1.000000000000000000e+00,7.712640000000000384e+00,7.381125818837767057e-13
1.000000000000000000e+00,7.716499999999999915e+00,7.450678287758956540e-13
1.000000000000000000e+00,7.720360000000000333e+00,7.522978453140283995e-13
1.000000000000000000e+00,7.724219999999999864e+00,7.598010386766274111e-13
1.000000000000000000e+00,7.728080000000000283e+00,7.675728004011205289e-13
1.000000000000000000e+00,7.731950000000000323e+00,7.756266084650841197e-13
1.000000000000000000e+00,7.735820000000000363e+00,7.839318557506918245e-13
1.000000000000000000e+00,7.739690000000000403e+00,7.924746294339739402e-13
1.000000000000000000e+00,7.743560000000000443e+00,8.012379540125329466e-13
1.000000000000000000e+00,7.747429999999999595e+00,8.102018456722324130e-13
1.000000000000000000e+00,7.751299999999999635e+00,8.193433897886649243e-13
1.000000000000000000e+00,7.755180000000000184e+00,8.286610279422129896e-13
1.000000000000000000e+00,7.759059999999999846e+00,8.381026801269081109e-13
1.000000000000000000e+00,7.762940000000000396e+00,8.476370772341912457e-13
1.000000000000000000e+00,7.766820000000000057e+00,8.572305251048672294e-13
1.000000000000000000e+00,7.770710000000000228e+00,8.668718723998706263e-13
1.000000000000000000e+00,7.774589999999999890e+00,8.764734951196309541e-13
1.000000000000000000e+00,7.778480000000000061e+00,8.860448729841748988e-13
1.000000000000000000e+00,7.782370000000000232e+00,8.955195297249961478e-13
1.000000000000000000e+00,7.786260000000000403e+00,9.048544259500747477e-13
1.000000000000000000e+00,7.790160000000000196e+00,9.140286885283308472e-13
1.000000000000000000e+00,7.794050000000000367e+00,9.229502404317059630e-13
1.000000000000000000e+00,7.797950000000000159e+00,9.316192333722130277e-13
1.000000000000000000e+00,7.801849999999999952e+00,9.399663566054768286e-13
1.000000000000000000e+00,7.805749999999999744e+00,9.479455934327791590e-13
1.000000000000000000e+00,7.809660000000000046e+00,9.555300940939842718e-13
1.000000000000000000e+00,7.813559999999999839e+00,9.626359195009264069e-13
1.000000000000000000e+00,7.817470000000000141e+00,9.692551371355442140e-13
1.000000000000000000e+00,7.821380000000000443e+00,9.753256641179820050e-13
1.000000000000000000e+00,7.825289999999999857e+00,9.808057396244941540e-13
1.000000000000000000e+00,7.829209999999999781e+00,9.856669268841738719e-13
1.000000000000000000e+00,7.833120000000000083e+00,9.898463662149678817e-13
1.000000000000000000e+00,7.837040000000000006e+00,9.933295266479066492e-13
1.000000000000000000e+00,7.840959999999999930e+00,9.960713739769555006e-13
1.000000000000000000e+00,7.844879999999999853e+00,9.980411656002221670e-13
1.000000000000000000e+00,7.848799999999999777e+00,9.992110831454627233e-13
1.000000000000000000e+00,7.852730000000000210e+00,9.995562142905789178e-13
1.000000000000000000e+00,7.856659999999999755e+00,9.990509121276790499e-13
1.000000000000000000e+00,7.860579999999999679e+00,9.976815773483610600e-13
1.000000000000000000e+00,7.864519999999999733e+00,9.954196911640084734e-13
1.000000000000000000e+00,7.868450000000000166e+00,9.922680159961241312e-13
1.000000000000000000e+00,7.872379999999999711e+00,9.882145409404954731e-13
1.000000000000000000e+00,7.876319999999999766e+00,9.832418019828308779e-13
1.000000000000000000e+00,7.880259999999999820e+00,9.773589969084096494e-13
1.000000000000000000e+00,7.884199999999999875e+00,9.705699087374267346e-13
1.000000000000000000e+00,7.888139999999999930e+00,9.628820306756387749e-13
1.000000000000000000e+00,7.892089999999999606e+00,9.542836230552554875e-13
1.000000000000000000e+00,7.896040000000000170e+00,9.448078856285241420e-13
1.000000000000000000e+00,7.899989999999999846e+00,9.344731425029114821e-13
1.000000000000000000e+00,7.903940000000000410e+00,9.233010878386982859e-13
1.000000000000000000e+00,7.907890000000000086e+00,9.113166390155276390e-13
1.000000000000000000e+00,7.911839999999999762e+00,8.985477715380889623e-13
1.000000000000000000e+00,7.915799999999999947e+00,8.849901747919155563e-13
1.000000000000000000e+00,7.919760000000000133e+00,8.707089817728228285e-13
1.000000000000000000e+00,7.923720000000000319e+00,8.557404761231546795e-13
1.000000000000000000e+00,7.927679999999999616e+00,8.401232108753732475e-13
1.000000000000000000e+00,7.931650000000000311e+00,8.238560665410622762e-13
1.000000000000000000e+00,7.935620000000000118e+00,8.070203813499591491e-13
1.000000000000000000e+00,7.939580000000000304e+00,7.897047695394106934e-13
1.000000000000000000e+00,7.943559999999999732e+00,7.718217564553291502e-13
1.000000000000000000e+00,7.947530000000000427e+00,7.535510080481254886e-13
1.000000000000000000e+00,7.951500000000000234e+00,7.348955882158719159e-13
1.000000000000000000e+00,7.955479999999999663e+00,7.158552238697008203e-13
1.000000000000000000e+00,7.959459999999999980e+00,6.965250442253583709e-13
1.000000000000000000e+00,7.963440000000000296e+00,6.769536965515097480e-13
1.000000000000000000e+00,7.967419999999999725e+00,6.571896320676615115e-13
1.000000000000000000e+00,7.971409999999999663e+00,6.372307119486025439e-13
1.000000000000000000e+00,7.975389999999999979e+00,6.172244602950604329e-13
1.000000000000000000e+00,7.979379999999999917e+00,5.971171255581821646e-13
1.000000000000000000e+00,7.983369999999999855e+00,5.770047005652807631e-13
1.000000000000000000e+00,7.987370000000000303e+00,5.568815600839337076e-13
1.000000000000000000e+00,7.991360000000000241e+00,5.368916094632241513e-13
1.000000000000000000e+00,7.995359999999999800e+00,5.169765290671496295e-13
1.000000000000000000e+00,7.999360000000000248e+00,4.972268181128080663e-13
1.000000000000000000e+00,8.003360000000000696e+00,4.776809417675501661e-13
1.000000000000000000e+00,8.007360000000000255e+00,4.583754465893445135e-13
1.000000000000000000e+00,8.011359999999999815e+00,4.393448649811213850e-13
1.000000000000000000e+00,8.015370000000000772e+00,4.205752308937170785e-13
1.000000000000000000e+00,8.019379999999999953e+00,4.021449523707334325e-13
1.000000000000000000e+00,8.023389999999999134e+00,3.840822190516985114e-13
1.000000000000000000e+00,8.027400000000000091e+00,3.664128594598492080e-13
1.000000000000000000e+00,8.031420000000000670e+00,3.491177787248568102e-13
1.000000000000000000e+00,8.035429999999999851e+00,3.323039375545846901e-13
1.000000000000000000e+00,8.039450000000000429e+00,3.159058557918188274e-13
1.000000000000000000e+00,8.043469999999999231e+00,2.999817578754182887e-13
1.000000000000000000e+00,8.047499999999999432e+00,2.845068634663308524e-13
1.000000000000000000e+00,8.051520000000000010e+00,2.695682248975281717e-13
1.000000000000000000e+00,8.055550000000000210e+00,2.550990191220967099e-13
1.000000000000000000e+00,8.059580000000000410e+00,2.411417857601818313e-13
1.000000000000000000e+00,8.063610000000000610e+00,2.276986008345892193e-13
1.000000000000000000e+00,8.067640000000000811e+00,2.147689969466450585e-13
1.000000000000000000e+00,8.071669999999999234e+00,2.023501533758853122e-13
1.000000000000000000e+00,8.075710000000000832e+00,1.904082010862102619e-13
1.000000000000000000e+00,8.079750000000000654e+00,1.789677804439698720e-13
1.000000000000000000e+00,8.083790000000000475e+00,1.680205619499643953e-13
1.000000000000000000e+00,8.087830000000000297e+00,1.575570351289035545e-13
1.000000000000000000e+00,8.091879999999999740e+00,1.475426952850210957e-13
1.000000000000000000e+00,8.095929999999999183e+00,1.379930718043580556e-13
1.000000000000000000e+00,8.099970000000000780e+00,1.289188493059714973e-13
1.000000000000000000e+00,8.104029999999999845e+00,1.202430305414061928e-13
1.000000000000000000e+00,8.108079999999999288e+00,1.120201910468821510e-13
1.000000000000000000e+00,8.112130000000000507e+00,1.042174548038769553e-13
1.000000000000000000e+00,8.116189999999999571e+00,9.680629856178136501e-14
1.000000000000000000e+00,8.120250000000000412e+00,8.979580906105039688e-14
1.000000000000000000e+00,8.124309999999999476e+00,8.317534551303633720e-14
1.000000000000000000e+00,8.128379999999999939e+00,7.691928214616465947e-14
1.000000000000000000e+00,8.132440000000000779e+00,7.104741822803840290e-14
1.000000000000000000e+00,8.136509999999999465e+00,6.551951305256441542e-14
1.000000000000000000e+00,8.140579999999999927e+00,6.033870148143335259e-14
1.000000000000000000e+00,8.144650000000000389e+00,5.549269906354394382e-14
1.000000000000000000e+00,8.148720000000000852e+00,5.096869187763261419e-14
1.000000000000000000e+00,8.152799999999999159e+00,4.674336974399546744e-14
1.000000000000000000e+00,8.156869999999999621e+00,4.282364877945916033e-14
1.000000000000000000e+00,8.160949999999999704e+00,3.917607482834879886e-14
1.000000000000000000e+00,8.165039999999999409e+00,3.578821758301839049e-14
1.000000000000000000e+00,8.169119999999999493e+00,3.266206884728327788e-14
1.000000000000000000e+00,8.173199999999999577e+00,2.977452482715462606e-14
1.000000000000000000e+00,8.177289999999999281e+00,2.710500421283534525e-14
1.000000000000000000e+00,8.181380000000000763e+00,2.464675282732647494e-14
1.000000000000000000e+00,8.185470000000000468e+00,2.238606084838307869e-14
1.000000000000000000e+00,8.189569999999999794e+00,2.030484925116803984e-14
1.000000000000000000e+00,8.193659999999999499e+00,1.840058091304068994e-14
1.000000000000000000e+00,8.197760000000000602e+00,1.665181174140943173e-14
1.000000000000000000e+00,8.201859999999999928e+00,1.505186874333754822e-14
1.000000000000000000e+00,8.205959999999999255e+00,1.358984893944058158e-14
1.000000000000000000e+00,8.210069999999999979e+00,1.225236971212465879e-14
1.000000000000000000e+00,8.214169999999999305e+00,1.103625810423336795e-14
1.000000000000000000e+00,8.218280000000000030e+00,9.926467106732729313e-15
1.000000000000000000e+00,8.222390000000000754e+00,8.917545950888003228e-15
1.000000000000000000e+00,8.226499999999999702e+00,8.001488626027221570e-15
1.000000000000000000e+00,8.230620000000000047e+00,7.168891545179247478e-15
1.000000000000000000e+00,8.234730000000000771e+00,6.416801293459444015e-15
1.000000000000000000e+00,8.238849999999999341e+00,5.735017245861479059e-15
1.000000000000000000e+00,8.242969999999999686e+00,5.119361529725769216e-15
1.000000000000000000e+00,8.247099999999999653e+00,4.562885547177823576e-15
1.000000000000000000e+00,8.251219999999999999e+00,4.063011507387554832e-15
1.000000000000000000e+00,8.255349999999999966e+00,3.612411785916969092e-15
1.000000000000000000e+00,8.259470000000000312e+00,3.208749684311901466e-15
1.000000000000000000e+00,8.263609999999999900e+00,2.845048668266481509e-15
1.000000000000000000e+00,8.267739999999999867e+00,2.520226304615915268e-15
1.000000000000000000e+00,8.271869999999999834e+00,2.229800376722450961e-15
1.000000000000000000e+00,8.276009999999999422e+00,1.969915854332399861e-15
1.000000000000000000e+00,8.280150000000000787e+00,1.738307260148944373e-15
1.000000000000000000e+00,8.284290000000000376e+00,1.532226423543939379e-15
1.000000000000000000e+00,8.288429999999999964e+00,1.349170258796352622e-15
1.000000000000000000e+00,8.292579999999999174e+00,1.186497298181274226e-15
1.000000000000000000e+00,8.296730000000000160e+00,1.042605507132653918e-15
1.000000000000000000e+00,8.300879999999999370e+00,9.156294455463222197e-16
1.000000000000000000e+00,8.305030000000000356e+00,8.038977209986315664e-16
1.000000000000000000e+00,8.309179999999999566e+00,7.059226826283956428e-16
1.000000000000000000e+00,8.313340000000000174e+00,6.201995095742342071e-16
1.000000000000000000e+00,8.317489999999999384e+00,5.459929341526780798e-16
1.000000000000000000e+00,8.321649999999999991e+00,4.819570667571800559e-16
1.000000000000000000e+00,8.325820000000000221e+00,4.273327347369017087e-16
1.000000000000000000e+00,8.329980000000000828e+00,3.817069507269850727e-16
1.000000000000000000e+00,8.334149999999999281e+00,3.443414896496742363e-16
1.000000000000000000e+00,8.338309999999999889e+00,3.150583057801380711e-16
1.000000000000000000e+00,8.342480000000000118e+00,2.935232514147448646e-16
1.000000000000000000e+00,8.346659999999999968e+00,2.797715047579813037e-16
1.000000000000000000e+00,8.350830000000000197e+00,2.740306226018128280e-16
1.000000000000000000e+00,8.355010000000000048e+00,2.766317454809769761e-16
1.000000000000000000e+00,8.359189999999999898e+00,2.881702663920533959e-16
1.000000000000000000e+00,8.363369999999999749e+00,3.094498490926544121e-16
1.000000000000000000e+00,8.367549999999999599e+00,3.415280133944682911e-16
1.000000000000000000e+00,8.371729999999999450e+00,3.857415413724388557e-16
1.000000000000000000e+00,8.375920000000000698e+00,4.438919345443193767e-16
1.000000000000000000e+00,8.380110000000000170e+00,5.178878413177161301e-16
1.000000000000000000e+00,8.384299999999999642e+00,6.101070310747377964e-16
1.000000000000000000e+00,8.388489999999999114e+00,7.233440543642116324e-16
1.000000000000000000e+00,8.392689999999999984e+00,8.612112014125925416e-16
1.000000000000000000e+00,8.396890000000000853e+00,1.027244942150350027e-15
1.000000000000000000e+00,8.401089999999999947e+00,1.225776093137554312e-15
1.000000000000000000e+00,8.405290000000000816e+00,1.461731721010999280e-15
1.000000000000000000e+00,8.409489999999999910e+00,1.740680838282694343e-15
1.000000000000000000e+00,8.413700000000000401e+00,2.069724492792458362e-15
1.000000000000000000e+00,8.417899999999999494e+00,2.454298169047006326e-15
1.000000000000000000e+00,8.422119999999999607e+00,2.905176952982742013e-15
1.000000000000000000e+00,8.426330000000000098e+00,3.428009954001239253e-15
1.000000000000000000e+00,8.430540000000000589e+00,4.033233660072517219e-15
1.000000000000000000e+00,8.434760000000000701e+00,4.732920725986073241e-15
1.000000000000000000e+00,8.438980000000000814e+00,5.536964720615351624e-15
1.000000000000000000e+00,8.443199999999999150e+00,6.457446179772587118e-15
1.000000000000000000e+00,8.447419999999999263e+00,7.507271450631918551e-15
1.000000000000000000e+00,8.451639999999999375e+00,8.700128705495571755e-15
1.000000000000000000e+00,8.455870000000000886e+00,1.005382188613052544e-14
1.000000000000000000e+00,8.460100000000000620e+00,1.158084291505407180e-14
1.000000000000000000e+00,8.464330000000000354e+00,1.329685791096687058e-14
1.000000000000000000e+00,8.468560000000000088e+00,1.521791659357092562e-14
1.000000000000000000e+00,8.472799999999999443e+00,1.736562534081833095e-14
1.000000000000000000e+00,8.477040000000000575e+00,1.975209613987611959e-14
1.000000000000000000e+00,8.481279999999999930e+00,2.239352990582157424e-14
1.000000000000000000e+00,8.485519999999999285e+00,2.530567103428968033e-14
1.000000000000000000e+00,8.489760000000000417e+00,2.850352783086211366e-14
1.000000000000000000e+00,8.494009999999999394e+00,3.200968231653923673e-14
1.000000000000000000e+00,8.498260000000000147e+00,3.582962765356891365e-14
1.000000000000000000e+00,8.502509999999999124e+00,3.997433328909484194e-14
1.000000000000000000e+00,8.506759999999999877e+00,4.445268902385304388e-14
1.000000000000000000e+00,8.511010000000000630e+00,4.927114177382592080e-14
1.000000000000000000e+00,8.515269999999999229e+00,5.444588589773869239e-14
1.000000000000000000e+00,8.519529999999999603e+00,5.996646856647170188e-14
1.000000000000000000e+00,8.523789999999999978e+00,6.582984103849085133e-14
1.000000000000000000e+00,8.528050000000000352e+00,7.202910857394080645e-14
1.000000000000000000e+00,8.532320000000000348e+00,7.856893551366653467e-14
1.000000000000000000e+00,8.536580000000000723e+00,8.540326978366012121e-14
1.000000000000000000e+00,8.540850000000000719e+00,9.254415238321680082e-14
1.000000000000000000e+00,8.545130000000000337e+00,9.996874133004062949e-14
1.000000000000000000e+00,8.549400000000000333e+00,1.076127193234059902e-13
1.000000000000000000e+00,8.553670000000000329e+00,1.154588191826419100e-13
1.000000000000000000e+00,8.557949999999999946e+00,1.234870077685663306e-13
1.000000000000000000e+00,8.562229999999999563e+00,1.316354336042286193e-13
1.000000000000000000e+00,8.566509999999999181e+00,1.398562029282995161e-13
1.000000000000000000e+00,8.570800000000000196e+00,1.481168440352329935e-13
1.000000000000000000e+00,8.575089999999999435e+00,1.563427688721080710e-13
1.000000000000000000e+00,8.579370000000000829e+00,1.644569106344168604e-13
1.000000000000000000e+00,8.583660000000000068e+00,1.724368650458618215e-13
1.000000000000000000e+00,8.587960000000000704e+00,1.802194401798053194e-13
1.000000000000000000e+00,8.592249999999999943e+00,1.877057214268236528e-13
1.000000000000000000e+00,8.596550000000000580e+00,1.948678286625932983e-13
1.000000000000000000e+00,8.600849999999999440e+00,2.016260523074819250e-13
1.000000000000000000e+00,8.605150000000000077e+00,2.079203576049987254e-13
1.000000000000000000e+00,8.609460000000000335e+00,2.137062428252541387e-13
1.000000000000000000e+00,8.613759999999999195e+00,2.189031039008759319e-13
1.000000000000000000e+00,8.618069999999999453e+00,2.234856686970832243e-13
1.000000000000000000e+00,8.622379999999999711e+00,2.273968907999378375e-13
1.000000000000000000e+00,8.626689999999999969e+00,2.305984853672620434e-13
1.000000000000000000e+00,8.631009999999999849e+00,2.330636028294164981e-13
1.000000000000000000e+00,8.635320000000000107e+00,2.347562473749126472e-13
1.000000000000000000e+00,8.639639999999999986e+00,2.356672002171308655e-13
1.000000000000000000e+00,8.643959999999999866e+00,2.357824163564948009e-13
1.000000000000000000e+00,8.648279999999999745e+00,2.351007280720226201e-13
1.000000000000000000e+00,8.652609999999999246e+00,2.336247255813549638e-13
1.000000000000000000e+00,8.656940000000000524e+00,2.313700340240558239e-13
1.000000000000000000e+00,8.661270000000000024e+00,2.283593996723547442e-13
1.000000000000000000e+00,8.665599999999999525e+00,2.246229625286909592e-13
1.000000000000000000e+00,8.669930000000000803e+00,2.201977540484802598e-13
1.000000000000000000e+00,8.674269999999999925e+00,2.151146654790205161e-13
1.000000000000000000e+00,8.678610000000000824e+00,2.094323674883362593e-13
1.000000000000000000e+00,8.682949999999999946e+00,2.032049265825483246e-13
1.000000000000000000e+00,8.687290000000000845e+00,1.964903887510327500e-13
1.000000000000000000e+00,8.691629999999999967e+00,1.893498820688603167e-13
1.000000000000000000e+00,8.695980000000000487e+00,1.818290381400402820e-13
1.000000000000000000e+00,8.700329999999999231e+00,1.740088145192616013e-13
1.000000000000000000e+00,8.704679999999999751e+00,1.659545101558498828e-13
1.000000000000000000e+00,8.709030000000000271e+00,1.577308616428747763e-13
1.000000000000000000e+00,8.713390000000000413e+00,1.493819803833434986e-13
1.000000000000000000e+00,8.717750000000000554e+00,1.409881768942238569e-13
1.000000000000000000e+00,8.722110000000000696e+00,1.326081212120378658e-13
1.000000000000000000e+00,8.726470000000000837e+00,1.242969564261612940e-13
1.000000000000000000e+00,8.730829999999999202e+00,1.161057724503404969e-13
1.000000000000000000e+00,8.735200000000000742e+00,1.080629988458214956e-13
1.000000000000000000e+00,8.739570000000000505e+00,1.002296673048569590e-13
1.000000000000000000e+00,8.743940000000000268e+00,9.264279140702702714e-14
1.000000000000000000e+00,8.748310000000000031e+00,8.533418514920018970e-14
1.000000000000000000e+00,8.752689999999999415e+00,7.831477346457260867e-14
1.000000000000000000e+00,8.757070000000000576e+00,7.162316781645885016e-14
1.000000000000000000e+00,8.761449999999999960e+00,6.527584976341243863e-14
1.000000000000000000e+00,8.765829999999999345e+00,5.928444003604979143e-14
1.000000000000000000e+00,8.770210000000000505e+00,5.365597479756098170e-14
1.000000000000000000e+00,8.774599999999999511e+00,4.838163577303312460e-14
1.000000000000000000e+00,8.778990000000000293e+00,4.347356732102884324e-14
1.000000000000000000e+00,8.783379999999999299e+00,3.892712075272336914e-14
1.000000000000000000e+00,8.787770000000000081e+00,3.473454054338989356e-14
1.000000000000000000e+00,8.792160000000000863e+00,3.088539126378341606e-14
1.000000000000000000e+00,8.796559999999999491e+00,2.735933561066794526e-14
1.000000000000000000e+00,8.800959999999999894e+00,2.415090093699336579e-14
1.000000000000000000e+00,8.805360000000000298e+00,2.124400898816111359e-14
1.000000000000000000e+00,8.809770000000000323e+00,1.861586330844160422e-14
1.000000000000000000e+00,8.814170000000000726e+00,1.626048731030856193e-14
1.000000000000000000e+00,8.818580000000000751e+00,1.414883099552034509e-14
1.000000000000000000e+00,8.822990000000000776e+00,1.226806232127670786e-14
1.000000000000000000e+00,8.827400000000000801e+00,1.059985196733834081e-14
1.000000000000000000e+00,8.831820000000000448e+00,9.123109524074575576e-15
1.000000000000000000e+00,8.836240000000000094e+00,7.824334980943145304e-15
1.000000000000000000e+00,8.840659999999999741e+00,6.686724661634774466e-15
1.000000000000000000e+00,8.845079999999999387e+00,5.694307346526411649e-15
1.000000000000000000e+00,8.849500000000000810e+00,4.832032270822221176e-15
1.000000000000000000e+00,8.853930000000000078e+00,4.084262470499625229e-15
1.000000000000000000e+00,8.858349999999999724e+00,3.441295776167296118e-15
1.000000000000000000e+00,8.862780000000000769e+00,2.888140291861917211e-15
1.000000000000000000e+00,8.867219999999999658e+00,2.414304418720877226e-15
1.000000000000000000e+00,8.871650000000000702e+00,2.011841682521573040e-15
1.000000000000000000e+00,8.876089999999999591e+00,1.669806122741492922e-15
1.000000000000000000e+00,8.880530000000000257e+00,1.380974946859058533e-15
1.000000000000000000e+00,8.884969999999999146e+00,1.138028278657042790e-15
1.000000000000000000e+00,8.889409999999999812e+00,9.344752671255839496e-16
1.000000000000000000e+00,8.893860000000000099e+00,7.642440456522952096e-16
1.000000000000000000e+00,8.898310000000000386e+00,6.227830993071020208e-16
