# Full model fit
#  col1: ID - 0=aliphatic, 1=7.7 complex, col2: wavelength, col3: flux density
0.000000000000000000e+00,6.600430000000000241e+00,1.209921515373806246e-16
0.000000000000000000e+00,6.602630000000000443e+00,1.270362785567146015e-16
0.000000000000000000e+00,6.604829999999999757e+00,1.333517372312970351e-16
0.000000000000000000e+00,6.607039999999999580e+00,1.399804501681853684e-16
0.000000000000000000e+00,6.609239999999999782e+00,1.468743121188600007e-16
0.000000000000000000e+00,6.611439999999999984e+00,1.540751313353816156e-16
0.000000000000000000e+00,6.613649999999999807e+00,1.616310017936563046e-16
0.000000000000000000e+00,6.615850000000000009e+00,1.694875212969263983e-16
0.000000000000000000e+00,6.618059999999999832e+00,1.777310366645409000e-16
0.000000000000000000e+00,6.620260000000000034e+00,1.863027360633216780e-16
0.000000000000000000e+00,6.622469999999999857e+00,1.952975056821391860e-16
0.000000000000000000e+00,6.624679999999999680e+00,2.046954639609155772e-16
0.000000000000000000e+00,6.626890000000000391e+00,2.145162080613446199e-16
0.000000000000000000e+00,6.629100000000000215e+00,2.247808654869543391e-16
0.000000000000000000e+00,6.631310000000000038e+00,2.355122856464352614e-16
0.000000000000000000e+00,6.633519999999999861e+00,2.467352565067953347e-16
0.000000000000000000e+00,6.635729999999999684e+00,2.584767490541969974e-16
0.000000000000000000e+00,6.637940000000000396e+00,2.707661924687452374e-16
0.000000000000000000e+00,6.640150000000000219e+00,2.836357831034278392e-16
0.000000000000000000e+00,6.642369999999999663e+00,2.971833051009175712e-16
0.000000000000000000e+00,6.644580000000000375e+00,3.113256731458720885e-16
0.000000000000000000e+00,6.646799999999999820e+00,3.262340518795205064e-16
0.000000000000000000e+00,6.649009999999999643e+00,3.418214900665008547e-16
0.000000000000000000e+00,6.651229999999999976e+00,3.582816981122534040e-16
0.000000000000000000e+00,6.653450000000000308e+00,3.756043387692223090e-16
0.000000000000000000e+00,6.655669999999999753e+00,3.938541670145042523e-16
0.000000000000000000e+00,6.657890000000000086e+00,4.131029530779892229e-16
0.000000000000000000e+00,6.660099999999999909e+00,4.333361650166132698e-16
0.000000000000000000e+00,6.662320000000000242e+00,4.548248102781686103e-16
0.000000000000000000e+00,6.664550000000000196e+00,4.776831609301024336e-16
0.000000000000000000e+00,6.666769999999999641e+00,5.018150970482960098e-16
0.000000000000000000e+00,6.668989999999999974e+00,5.274404387219456089e-16
0.000000000000000000e+00,6.671210000000000306e+00,5.546923483952848658e-16
0.000000000000000000e+00,6.673440000000000261e+00,5.838531781550843258e-16
0.000000000000000000e+00,6.675659999999999705e+00,6.148249393063070747e-16
0.000000000000000000e+00,6.677889999999999660e+00,6.480683727020498536e-16
0.000000000000000000e+00,6.680109999999999992e+00,6.834845795840302710e-16
0.000000000000000000e+00,6.682339999999999947e+00,7.216134237569961906e-16
0.000000000000000000e+00,6.684569999999999901e+00,7.625445303721174575e-16
0.000000000000000000e+00,6.686799999999999855e+00,8.065456202786746409e-16
0.000000000000000000e+00,6.689029999999999809e+00,8.539102186989013036e-16
0.000000000000000000e+00,6.691259999999999764e+00,9.049595494998942324e-16
0.000000000000000000e+00,6.693489999999999718e+00,9.600444681501060905e-16
0.000000000000000000e+00,6.695719999999999672e+00,1.019547418364343892e-15
0.000000000000000000e+00,6.697949999999999626e+00,1.083884394923408677e-15
0.000000000000000000e+00,6.700190000000000090e+00,1.153831726404457526e-15
0.000000000000000000e+00,6.702420000000000044e+00,1.229255705427958584e-15
0.000000000000000000e+00,6.704649999999999999e+00,1.310984739532540542e-15
0.000000000000000000e+00,6.706889999999999574e+00,1.400001916314608813e-15
0.000000000000000000e+00,6.709130000000000038e+00,1.496575757094084056e-15
0.000000000000000000e+00,6.711359999999999992e+00,1.600884471527940030e-15
0.000000000000000000e+00,6.713599999999999568e+00,1.714572424990454122e-15
0.000000000000000000e+00,6.715840000000000032e+00,1.837949453815607705e-15
0.000000000000000000e+00,6.718079999999999607e+00,1.971822405406100192e-15
0.000000000000000000e+00,6.720320000000000071e+00,2.117046711908169093e-15
0.000000000000000000e+00,6.722559999999999647e+00,2.274526482400264854e-15
0.000000000000000000e+00,6.724800000000000111e+00,2.445214173886424408e-15
0.000000000000000000e+00,6.727039999999999687e+00,2.630109792672426153e-15
0.000000000000000000e+00,6.729280000000000150e+00,2.830259577634262983e-15
0.000000000000000000e+00,6.731530000000000236e+00,3.047758939210118941e-15
0.000000000000000000e+00,6.733769999999999811e+00,3.281811298852581832e-15
0.000000000000000000e+00,6.736019999999999897e+00,3.535689082329620873e-15
0.000000000000000000e+00,6.738260000000000360e+00,3.808346304346403814e-15
0.000000000000000000e+00,6.740509999999999557e+00,4.103465909762274740e-15
0.000000000000000000e+00,6.742750000000000021e+00,4.419690729513971460e-15
0.000000000000000000e+00,6.745000000000000107e+00,4.761136763638031336e-15
0.000000000000000000e+00,6.747250000000000192e+00,5.127752634954484371e-15
0.000000000000000000e+00,6.749500000000000277e+00,5.520851523218718440e-15
0.000000000000000000e+00,6.751750000000000362e+00,5.941741721939752044e-15
0.000000000000000000e+00,6.753999999999999559e+00,6.391716971406430337e-15
0.000000000000000000e+00,6.756249999999999645e+00,6.872045968923380040e-15
0.000000000000000000e+00,6.758510000000000240e+00,7.386308555692345524e-15
0.000000000000000000e+00,6.760760000000000325e+00,7.931142016905644350e-15
0.000000000000000000e+00,6.763010000000000410e+00,8.509873401832066886e-15
0.000000000000000000e+00,6.765270000000000117e+00,9.126357813502065016e-15
0.000000000000000000e+00,6.767520000000000202e+00,9.776102810135341636e-15
0.000000000000000000e+00,6.769779999999999909e+00,1.046574886326713086e-14
0.000000000000000000e+00,6.772039999999999615e+00,1.119323800495990298e-14
0.000000000000000000e+00,6.774289999999999701e+00,1.195571001055033261e-14
0.000000000000000000e+00,6.776550000000000296e+00,1.276040561941592128e-14
0.000000000000000000e+00,6.778810000000000002e+00,1.360432198253941878e-14
0.000000000000000000e+00,6.781069999999999709e+00,1.448757987990405899e-14
0.000000000000000000e+00,6.783330000000000304e+00,1.541010605995013509e-14
0.000000000000000000e+00,6.785590000000000011e+00,1.637161950089279103e-14
0.000000000000000000e+00,6.787860000000000227e+00,1.737612779578953755e-14
0.000000000000000000e+00,6.790119999999999933e+00,1.841404314315833555e-14
0.000000000000000000e+00,6.792379999999999640e+00,1.948872741577404642e-14
0.000000000000000000e+00,6.794649999999999856e+00,2.060393886261983496e-14
0.000000000000000000e+00,6.796909999999999563e+00,2.174835451640318086e-14
0.000000000000000000e+00,6.799179999999999779e+00,2.293032666207858007e-14
0.000000000000000000e+00,6.801449999999999996e+00,2.414281009022810931e-14
0.000000000000000000e+00,6.803709999999999702e+00,2.537794896583231207e-14
0.000000000000000000e+00,6.805979999999999919e+00,2.664407578944879806e-14
0.000000000000000000e+00,6.808250000000000135e+00,2.793290591498237574e-14
0.000000000000000000e+00,6.810520000000000351e+00,2.924129242081681288e-14
0.000000000000000000e+00,6.812789999999999679e+00,3.056582939961200906e-14
0.000000000000000000e+00,6.815059999999999896e+00,3.190286288765062289e-14
0.000000000000000000e+00,6.817330000000000112e+00,3.324850450793679088e-14
0.000000000000000000e+00,6.819609999999999950e+00,3.460459924562150251e-14
0.000000000000000000e+00,6.821880000000000166e+00,3.595492978706003996e-14
0.000000000000000000e+00,6.824150000000000382e+00,3.730095336807348787e-14
0.000000000000000000e+00,6.826430000000000220e+00,3.864389629992601327e-14
0.000000000000000000e+00,6.828710000000000058e+00,3.997298847539381338e-14
0.000000000000000000e+00,6.830980000000000274e+00,4.127760334777304511e-14
0.000000000000000000e+00,6.833260000000000112e+00,4.256425672006427099e-14
0.000000000000000000e+00,6.835539999999999949e+00,4.382212331344715888e-14
0.000000000000000000e+00,6.837819999999999787e+00,4.504616736932762717e-14
0.000000000000000000e+00,6.840099999999999625e+00,4.623138586494662683e-14
0.000000000000000000e+00,6.842380000000000351e+00,4.737284445725140671e-14
0.000000000000000000e+00,6.844660000000000188e+00,4.846571381378404676e-14
0.000000000000000000e+00,6.846940000000000026e+00,4.950530595787121913e-14
0.000000000000000000e+00,6.849219999999999864e+00,5.048711024551019740e-14
0.000000000000000000e+00,6.851510000000000211e+00,5.141071962859148903e-14
0.000000000000000000e+00,6.853790000000000049e+00,5.226400196507463658e-14
0.000000000000000000e+00,6.856080000000000396e+00,5.305063528859785595e-14
0.000000000000000000e+00,6.858360000000000234e+00,5.376027651134199618e-14
0.000000000000000000e+00,6.860649999999999693e+00,5.439599976255244586e-14
0.000000000000000000e+00,6.862940000000000040e+00,5.495173619372081087e-14
0.000000000000000000e+00,6.865219999999999878e+00,5.542320277565677767e-14
0.000000000000000000e+00,6.867510000000000225e+00,5.581255775067782033e-14
0.000000000000000000e+00,6.869799999999999685e+00,5.611599730705207217e-14
0.000000000000000000e+00,6.872090000000000032e+00,5.633241103718951543e-14
0.000000000000000000e+00,6.874380000000000379e+00,5.646114185139567274e-14
0.000000000000000000e+00,6.876669999999999838e+00,5.650199123952175493e-14
0.000000000000000000e+00,6.878969999999999807e+00,5.645482501917621549e-14
0.000000000000000000e+00,6.881260000000000154e+00,5.632077529647186312e-14
0.000000000000000000e+00,6.883549999999999613e+00,5.610099851216062114e-14
0.000000000000000000e+00,6.885849999999999582e+00,5.579559606201442298e-14
0.000000000000000000e+00,6.888150000000000439e+00,5.540740346796573872e-14
0.000000000000000000e+00,6.890439999999999898e+00,5.494110432606674477e-14
0.000000000000000000e+00,6.892739999999999867e+00,5.439548375288460661e-14
0.000000000000000000e+00,6.895039999999999836e+00,5.377563942366723607e-14
0.000000000000000000e+00,6.897339999999999804e+00,5.308514434212564352e-14
0.000000000000000000e+00,6.899639999999999773e+00,5.232787977589712443e-14
0.000000000000000000e+00,6.901939999999999742e+00,5.150800241713401424e-14
0.000000000000000000e+00,6.904239999999999711e+00,5.062990972031030475e-14
0.000000000000000000e+00,6.906539999999999679e+00,4.969820381588531784e-14
0.000000000000000000e+00,6.908839999999999648e+00,4.871765440809034831e-14
0.000000000000000000e+00,6.911139999999999617e+00,4.769316106882877221e-14
0.000000000000000000e+00,6.913450000000000095e+00,4.662501396217290235e-14
0.000000000000000000e+00,6.915750000000000064e+00,4.552752528922266763e-14
0.000000000000000000e+00,6.918059999999999654e+00,4.439626247543619006e-14
0.000000000000000000e+00,6.920359999999999623e+00,4.324608208865928559e-14
0.000000000000000000e+00,6.922670000000000101e+00,4.207201935865181163e-14
0.000000000000000000e+00,6.924979999999999691e+00,4.088399326358159471e-14
0.000000000000000000e+00,6.927290000000000170e+00,3.968684957513433913e-14
0.000000000000000000e+00,6.929599999999999760e+00,3.848528374803910062e-14
0.000000000000000000e+00,6.931910000000000238e+00,3.728381372354066137e-14
0.000000000000000000e+00,6.934219999999999828e+00,3.608675539158136273e-14
0.000000000000000000e+00,6.936530000000000307e+00,3.489820085957392085e-14
0.000000000000000000e+00,6.938839999999999897e+00,3.372199963519643047e-14
0.000000000000000000e+00,6.941159999999999997e+00,3.255675961657167538e-14
0.000000000000000000e+00,6.943469999999999587e+00,3.141585716668411447e-14
0.000000000000000000e+00,6.945789999999999687e+00,3.029248039756761787e-14
0.000000000000000000e+00,6.948100000000000165e+00,2.919907238070535934e-14
0.000000000000000000e+00,6.950420000000000265e+00,2.812864573216484102e-14
0.000000000000000000e+00,6.952740000000000364e+00,2.708818082040240797e-14
0.000000000000000000e+00,6.955049999999999955e+00,2.608384809099213534e-14
0.000000000000000000e+00,6.957370000000000054e+00,2.510854773167237974e-14
0.000000000000000000e+00,6.959690000000000154e+00,2.416801285382559902e-14
0.000000000000000000e+00,6.962010000000000254e+00,2.326328070254682116e-14
0.000000000000000000e+00,6.964330000000000354e+00,2.239512065287102220e-14
0.000000000000000000e+00,6.966649999999999565e+00,2.156404622987040012e-14
0.000000000000000000e+00,6.968980000000000175e+00,2.076698837906780833e-14
0.000000000000000000e+00,6.971300000000000274e+00,2.001083192782088361e-14
0.000000000000000000e+00,6.973629999999999995e+00,1.928888722655132007e-14
0.000000000000000000e+00,6.975950000000000095e+00,1.860698446006746896e-14
0.000000000000000000e+00,6.978279999999999816e+00,1.795869563023917288e-14
0.000000000000000000e+00,6.980599999999999916e+00,1.734887680625460693e-14
0.000000000000000000e+00,6.982929999999999637e+00,1.677141260089434939e-14
0.000000000000000000e+00,6.985260000000000247e+00,1.622801807201306192e-14
0.000000000000000000e+00,6.987589999999999968e+00,1.571759171397580646e-14
0.000000000000000000e+00,6.989919999999999689e+00,1.523893744172193381e-14
0.000000000000000000e+00,6.992250000000000298e+00,1.479078096618091840e-14
0.000000000000000000e+00,6.994580000000000020e+00,1.437178548177370010e-14
0.000000000000000000e+00,6.996909999999999741e+00,1.398056656150293437e-14
0.000000000000000000e+00,6.999240000000000350e+00,1.361570617372733112e-14
0.000000000000000000e+00,7.000219999999999665e+00,1.346977392161020833e-14
0.000000000000000000e+00,7.001579999999999693e+00,1.327435840403677569e-14
0.000000000000000000e+00,7.002559999999999896e+00,1.313851711592839707e-14
0.000000000000000000e+00,7.003910000000000302e+00,1.295798854863952893e-14
0.000000000000000000e+00,7.004889999999999617e+00,1.283158535395147445e-14
0.000000000000000000e+00,7.006240000000000023e+00,1.266364101567536101e-14
0.000000000000000000e+00,7.007229999999999848e+00,1.254489034672675514e-14
0.000000000000000000e+00,7.008580000000000254e+00,1.238875143242224212e-14
0.000000000000000000e+00,7.009559999999999569e+00,1.227945368586462203e-14
0.000000000000000000e+00,7.010919999999999597e+00,1.213320112906944924e-14
0.000000000000000000e+00,7.011899999999999800e+00,1.203158529332569281e-14
0.000000000000000000e+00,7.013250000000000206e+00,1.189657090368040905e-14
0.000000000000000000e+00,7.014240000000000030e+00,1.180108275974693653e-14
0.000000000000000000e+00,7.015590000000000437e+00,1.167547297034572602e-14
0.000000000000000000e+00,7.016569999999999752e+00,1.158748639767961212e-14
0.000000000000000000e+00,7.017929999999999779e+00,1.146964170974788994e-14
0.000000000000000000e+00,7.018909999999999982e+00,1.138766847895429327e-14
0.000000000000000000e+00,7.020270000000000010e+00,1.127780658599177167e-14
0.000000000000000000e+00,7.021250000000000213e+00,1.120132987404388811e-14
0.000000000000000000e+00,7.022610000000000241e+00,1.109874919028367211e-14
0.000000000000000000e+00,7.023590000000000444e+00,1.102727501341350339e-14
0.000000000000000000e+00,7.024949999999999584e+00,1.093130647245007612e-14
0.000000000000000000e+00,7.025940000000000296e+00,1.086369094177512977e-14
0.000000000000000000e+00,7.027300000000000324e+00,1.077372353579940208e-14
0.000000000000000000e+00,7.028279999999999639e+00,1.071088560208589890e-14
0.000000000000000000e+00,7.029639999999999667e+00,1.062629208716348631e-14
0.000000000000000000e+00,7.030619999999999870e+00,1.056711953387542485e-14
0.000000000000000000e+00,7.031979999999999897e+00,1.048733474150436238e-14
0.000000000000000000e+00,7.032969999999999722e+00,1.043086922261844941e-14
0.000000000000000000e+00,7.034329999999999750e+00,1.035538052899745853e-14
0.000000000000000000e+00,7.035309999999999953e+00,1.030239226583151791e-14
0.000000000000000000e+00,7.036669999999999980e+00,1.023068578019171585e-14
0.000000000000000000e+00,7.037659999999999805e+00,1.017974451263133469e-14
0.000000000000000000e+00,7.039019999999999833e+00,1.011137371164906263e-14
0.000000000000000000e+00,7.040000000000000036e+00,1.006318836067001471e-14
0.000000000000000000e+00,7.041360000000000063e+00,9.997712480200361254e-15
0.000000000000000000e+00,7.042349999999999888e+00,9.951000640750639868e-15
0.000000000000000000e+00,7.043709999999999916e+00,9.888037097263365166e-15
0.000000000000000000e+00,7.044699999999999740e+00,9.843018781896754291e-15
0.000000000000000000e+00,7.046059999999999768e+00,9.782204205887647108e-15
0.000000000000000000e+00,7.047049999999999592e+00,9.738626399945288651e-15
0.000000000000000000e+00,7.048409999999999620e+00,9.679628670726066111e-15
0.000000000000000000e+00,7.049400000000000333e+00,9.637260629105960092e-15
0.000000000000000000e+00,7.051750000000000185e+00,9.538409775818206094e-15
0.000000000000000000e+00,7.054100000000000037e+00,9.441610835193783531e-15
0.000000000000000000e+00,7.056449999999999889e+00,9.346446912336288891e-15
0.000000000000000000e+00,7.058799999999999741e+00,9.252544586525117636e-15
0.000000000000000000e+00,7.061149999999999594e+00,9.159571251986606195e-15
0.000000000000000000e+00,7.063509999999999955e+00,9.066840507980600031e-15
0.000000000000000000e+00,7.065859999999999808e+00,8.974878457946499502e-15
0.000000000000000000e+00,7.068220000000000169e+00,8.882674560466237701e-15
0.000000000000000000e+00,7.070570000000000022e+00,8.790814241998837635e-15
0.000000000000000000e+00,7.072930000000000383e+00,8.698347004650746404e-15
0.000000000000000000e+00,7.075289999999999857e+00,8.605520325017435598e-15
0.000000000000000000e+00,7.077650000000000219e+00,8.512214937250322983e-15
0.000000000000000000e+00,7.080009999999999692e+00,8.418333363202987333e-15
0.000000000000000000e+00,7.082370000000000054e+00,8.323797897072736437e-15
0.000000000000000000e+00,7.084730000000000416e+00,8.228548712431997628e-15
0.000000000000000000e+00,7.087089999999999890e+00,8.132542092014339587e-15
0.000000000000000000e+00,7.089459999999999873e+00,8.035336936702889471e-15
0.000000000000000000e+00,7.091820000000000235e+00,7.937737185290177745e-15
0.000000000000000000e+00,7.094179999999999708e+00,7.839329610155786220e-15
0.000000000000000000e+00,7.096549999999999692e+00,7.739697588800889970e-15
0.000000000000000000e+00,7.098910000000000053e+00,7.639696429742020914e-15
0.000000000000000000e+00,7.101280000000000037e+00,7.538501287358067249e-15
0.000000000000000000e+00,7.103650000000000020e+00,7.436563954780465106e-15
0.000000000000000000e+00,7.106020000000000003e+00,7.333920264124972423e-15
0.000000000000000000e+00,7.108389999999999986e+00,7.230611315471553366e-15
0.000000000000000000e+00,7.110759999999999970e+00,7.126682714822072793e-15
0.000000000000000000e+00,7.113129999999999953e+00,7.022183885706449533e-15
0.000000000000000000e+00,7.115499999999999936e+00,6.917167448584486146e-15
0.000000000000000000e+00,7.117869999999999919e+00,6.811688662410143910e-15
0.000000000000000000e+00,7.120239999999999903e+00,6.705804922984727934e-15
0.000000000000000000e+00,7.122620000000000395e+00,6.599126439117339843e-15
0.000000000000000000e+00,7.124990000000000379e+00,6.492610249861171879e-15
0.000000000000000000e+00,7.127369999999999983e+00,6.385419339336092742e-15
0.000000000000000000e+00,7.129739999999999966e+00,6.278516583146006414e-15
0.000000000000000000e+00,7.132119999999999571e+00,6.171062624625185418e-15
0.000000000000000000e+00,7.134500000000000064e+00,6.063571283138826073e-15
0.000000000000000000e+00,7.136879999999999669e+00,5.956105433136942957e-15
0.000000000000000000e+00,7.139260000000000161e+00,5.848727563744508470e-15
0.000000000000000000e+00,7.141639999999999766e+00,5.741499593871117944e-15
0.000000000000000000e+00,7.144020000000000259e+00,5.634482707789656222e-15
0.000000000000000000e+00,7.146399999999999864e+00,5.527737209021003773e-15
0.000000000000000000e+00,7.148780000000000356e+00,5.421322390592129910e-15
0.000000000000000000e+00,7.151159999999999961e+00,5.315296419951460662e-15
0.000000000000000000e+00,7.153550000000000075e+00,5.209273642141660797e-15
0.000000000000000000e+00,7.155929999999999680e+00,5.104197091310006206e-15
0.000000000000000000e+00,7.158319999999999794e+00,4.999238485170202099e-15
0.000000000000000000e+00,7.160709999999999908e+00,4.894893834513303831e-15
0.000000000000000000e+00,7.163090000000000401e+00,4.791647345673968990e-15
0.000000000000000000e+00,7.165479999999999627e+00,4.688681480967818760e-15
0.000000000000000000e+00,7.167869999999999742e+00,4.586480079218125560e-15
0.000000000000000000e+00,7.170259999999999856e+00,4.485090045112768127e-15
0.000000000000000000e+00,7.172649999999999970e+00,4.384556551773279863e-15
0.000000000000000000e+00,7.175040000000000084e+00,4.284923011961555168e-15
0.000000000000000000e+00,7.177430000000000199e+00,4.186231054514258891e-15
0.000000000000000000e+00,7.179829999999999934e+00,4.088113790611616668e-15
0.000000000000000000e+00,7.182220000000000049e+00,3.991427002305622704e-15
0.000000000000000000e+00,7.184610000000000163e+00,3.895795962081346247e-15
0.000000000000000000e+00,7.187009999999999899e+00,3.800861779595385819e-15
0.000000000000000000e+00,7.189409999999999634e+00,3.707059740232459145e-15
0.000000000000000000e+00,7.191799999999999748e+00,3.614804433446322944e-15
0.000000000000000000e+00,7.194200000000000372e+00,3.523352939421885469e-15
0.000000000000000000e+00,7.196600000000000108e+00,3.433121052004295850e-15
0.000000000000000000e+00,7.198999999999999844e+00,3.344134274556962097e-15
0.000000000000000000e+00,7.201399999999999579e+00,3.256416283382239602e-15
0.000000000000000000e+00,7.203800000000000203e+00,3.169988944356426621e-15
0.000000000000000000e+00,7.206199999999999939e+00,3.084872332162147388e-15
0.000000000000000000e+00,7.208599999999999675e+00,3.001084751978182887e-15
0.000000000000000000e+00,7.211009999999999920e+00,2.918302091536817921e-15
0.000000000000000000e+00,7.213409999999999656e+00,2.837226232291445336e-15
0.000000000000000000e+00,7.215819999999999901e+00,2.757194803490747040e-15
0.000000000000000000e+00,7.218219999999999636e+00,2.678883484564727083e-15
0.000000000000000000e+00,7.220629999999999882e+00,2.601649616709989381e-15
0.000000000000000000e+00,7.223029999999999617e+00,2.526142421847766669e-15
0.000000000000000000e+00,7.225439999999999863e+00,2.451739419570680974e-15
0.000000000000000000e+00,7.227850000000000108e+00,2.378763388836594449e-15
0.000000000000000000e+00,7.230260000000000353e+00,2.307218045211643497e-15
0.000000000000000000e+00,7.232669999999999710e+00,2.237105635215208134e-15
0.000000000000000000e+00,7.235079999999999956e+00,2.168426977610235588e-15
0.000000000000000000e+00,7.237490000000000201e+00,2.101181505714083283e-15
0.000000000000000000e+00,7.239910000000000068e+00,2.035097200421809041e-15
0.000000000000000000e+00,7.242320000000000313e+00,1.970716992153897880e-15
0.000000000000000000e+00,7.244740000000000180e+00,1.907502099336739901e-15
0.000000000000000000e+00,7.247150000000000425e+00,1.845969263215101259e-15
0.000000000000000000e+00,7.249570000000000292e+00,1.785600935368084760e-15
0.000000000000000000e+00,7.251979999999999649e+00,1.726888040990015211e-15
0.000000000000000000e+00,7.254400000000000404e+00,1.669334224003276888e-15
0.000000000000000000e+00,7.256820000000000270e+00,1.613175842178771968e-15
0.000000000000000000e+00,7.259240000000000137e+00,1.558401721925597170e-15
0.000000000000000000e+00,7.261660000000000004e+00,1.504999744967286182e-15
0.000000000000000000e+00,7.264079999999999870e+00,1.452956895844890948e-15
0.000000000000000000e+00,7.266499999999999737e+00,1.402259309228416882e-15
0.000000000000000000e+00,7.268930000000000113e+00,1.352691060512676268e-15
0.000000000000000000e+00,7.271349999999999980e+00,1.304644639844270168e-15
0.000000000000000000e+00,7.273769999999999847e+00,1.257897186888165894e-15
0.000000000000000000e+00,7.276200000000000223e+00,1.212246663627522181e-15
0.000000000000000000e+00,7.278620000000000090e+00,1.168051313419909514e-15
0.000000000000000000e+00,7.281049999999999578e+00,1.124927727443688283e-15
0.000000000000000000e+00,7.283479999999999954e+00,1.083042384303542620e-15
0.000000000000000000e+00,7.285910000000000331e+00,1.042376030470003834e-15
0.000000000000000000e+00,7.288330000000000197e+00,1.003068946076577351e-15
0.000000000000000000e+00,7.290759999999999685e+00,9.647762334956230823e-16
0.000000000000000000e+00,7.293199999999999683e+00,9.274918412279275474e-16
0.000000000000000000e+00,7.295630000000000059e+00,8.915004961266674156e-16
0.000000000000000000e+00,7.298060000000000436e+00,8.566259222255273089e-16
0.000000000000000000e+00,7.300489999999999924e+00,8.228467677742701141e-16
0.000000000000000000e+00,7.302929999999999922e+00,7.900090664858452152e-16
0.000000000000000000e+00,7.305360000000000298e+00,7.583601621132838489e-16
0.000000000000000000e+00,7.307800000000000296e+00,7.276174882453256805e-16
0.000000000000000000e+00,7.310229999999999784e+00,6.980109636677008046e-16
0.000000000000000000e+00,7.312669999999999781e+00,6.692746448055780105e-16
0.000000000000000000e+00,7.315109999999999779e+00,6.415100467289041799e-16
0.000000000000000000e+00,7.317549999999999777e+00,6.146947646231180199e-16
0.000000000000000000e+00,7.319989999999999775e+00,5.888064084405976622e-16
0.000000000000000000e+00,7.322429999999999772e+00,5.638226311528199082e-16
0.000000000000000000e+00,7.324869999999999770e+00,5.397211557479485188e-16
0.000000000000000000e+00,7.327309999999999768e+00,5.164798009744803688e-16
0.000000000000000000e+00,7.329749999999999766e+00,4.940765058343732214e-16
0.000000000000000000e+00,7.332200000000000273e+00,4.724025302100800514e-16
0.000000000000000000e+00,7.334640000000000271e+00,4.516129785544201929e-16
0.000000000000000000e+00,7.337089999999999890e+00,4.315156878105660545e-16
0.000000000000000000e+00,7.339529999999999887e+00,4.122532860236117541e-16
0.000000000000000000e+00,7.341980000000000395e+00,3.936465628451828272e-16
0.000000000000000000e+00,7.344430000000000014e+00,3.757548444564221377e-16
0.000000000000000000e+00,7.346879999999999633e+00,3.585572433907264706e-16
0.000000000000000000e+00,7.349330000000000140e+00,3.420331493253412881e-16
0.000000000000000000e+00,7.351779999999999760e+00,3.261622431361043011e-16
0.000000000000000000e+00,7.354230000000000267e+00,3.109245098345831239e-16
0.000000000000000000e+00,7.356679999999999886e+00,2.963002504140783223e-16
0.000000000000000000e+00,7.359130000000000393e+00,2.822700926319016184e-16
0.000000000000000000e+00,7.361580000000000013e+00,2.688150007568141318e-16
0.000000000000000000e+00,7.364040000000000141e+00,2.558647513598899637e-16
0.000000000000000000e+00,7.366489999999999760e+00,2.435062318749711817e-16
0.000000000000000000e+00,7.368949999999999889e+00,2.316204208807361113e-16
0.000000000000000000e+00,7.371410000000000018e+00,2.202410252280355960e-16
0.000000000000000000e+00,7.373859999999999637e+00,2.093938990982650302e-16
0.000000000000000000e+00,7.376319999999999766e+00,1.989734835243577230e-16
0.000000000000000000e+00,7.378779999999999895e+00,1.890083497836892023e-16
0.000000000000000000e+00,7.381240000000000023e+00,1.794822001823342853e-16
0.000000000000000000e+00,7.383700000000000152e+00,1.703791261496001976e-16
0.000000000000000000e+00,7.386160000000000281e+00,1.616836093848546351e-16
0.000000000000000000e+00,7.388630000000000031e+00,1.533475505638908547e-16
0.000000000000000000e+00,7.391090000000000160e+00,1.454236619079697619e-16
0.000000000000000000e+00,7.393550000000000288e+00,1.378630609674187350e-16
0.000000000000000000e+00,7.396020000000000039e+00,1.306231703561065413e-16
0.000000000000000000e+00,7.398480000000000167e+00,1.237489961534303572e-16
0.000000000000000000e+00,7.400949999999999918e+00,1.171713483112805469e-16
0.000000000000000000e+00,7.403419999999999668e+00,1.109058853853790014e-16
0.000000000000000000e+00,7.405890000000000306e+00,1.049400295138592950e-16
0.000000000000000000e+00,7.408360000000000056e+00,9.926158226948255033e-17
0.000000000000000000e+00,7.410829999999999806e+00,9.385872026844524366e-17
0.000000000000000000e+00,7.413299999999999557e+00,8.871999040061094787e-17
0.000000000000000000e+00,7.415770000000000195e+00,8.383430471100457901e-17
0.000000000000000000e+00,7.418239999999999945e+00,7.919093496164881489e-17
0.000000000000000000e+00,7.420709999999999695e+00,7.477950690191576825e-17
0.000000000000000000e+00,7.423189999999999955e+00,7.057347046219484667e-17
0.000000000000000000e+00,7.425659999999999705e+00,6.659702878108309674e-17
0.000000000000000000e+00,7.428139999999999965e+00,6.280855388518380782e-17
0.000000000000000000e+00,7.430609999999999715e+00,5.922954902300270613e-17
0.000000000000000000e+00,7.433089999999999975e+00,5.582226187915918271e-17
0.000000000000000000e+00,7.435570000000000235e+00,5.259308755245467741e-17
0.000000000000000000e+00,7.438049999999999606e+00,4.953385617117272557e-17
0.000000000000000000e+00,7.440529999999999866e+00,4.663670338777575543e-17
0.000000000000000000e+00,7.443010000000000126e+00,4.389406299534230259e-17
0.000000000000000000e+00,7.445490000000000386e+00,4.129865948249205591e-17
0.000000000000000000e+00,7.447969999999999757e+00,3.884350054515756786e-17
0.000000000000000000e+00,7.450459999999999638e+00,3.651276964395030012e-17
0.000000000000000000e+00,7.452939999999999898e+00,3.431871791427923351e-17
0.000000000000000000e+00,7.455420000000000158e+00,3.224553348674111379e-17
0.000000000000000000e+00,7.457910000000000039e+00,3.027961144476571282e-17
0.000000000000000000e+00,7.460399999999999920e+00,2.842379543619578326e-17
0.000000000000000000e+00,7.462880000000000180e+00,2.667940193542665868e-17
0.000000000000000000e+00,7.465370000000000061e+00,2.502710054925659090e-17
0.000000000000000000e+00,7.467859999999999943e+00,2.346907790742991466e-17
0.000000000000000000e+00,7.470349999999999824e+00,2.200050017469130242e-17
0.000000000000000000e+00,7.472839999999999705e+00,2.061674607431920037e-17
0.000000000000000000e+00,7.475329999999999586e+00,1.931339972696043186e-17
0.000000000000000000e+00,7.477820000000000356e+00,1.808624359768705375e-17
0.000000000000000000e+00,7.480319999999999858e+00,1.692675329186135079e-17
0.000000000000000000e+00,7.482809999999999739e+00,1.584035069094553045e-17
0.000000000000000000e+00,7.485310000000000130e+00,1.481461477245525832e-17
0.000000000000000000e+00,7.487800000000000011e+00,1.385424845636962869e-17
0.000000000000000000e+00,7.490300000000000402e+00,1.294818287830520996e-17
0.000000000000000000e+00,7.492790000000000283e+00,1.210048881792759706e-17
0.000000000000000000e+00,7.495289999999999786e+00,1.130131681103429690e-17
0.000000000000000000e+00,7.497790000000000177e+00,1.055127702275384608e-17
0.000000000000000000e+00,7.500289999999999679e+00,9.847610033483066711e-18
0.000000000000000000e+00,7.502790000000000070e+00,9.187693516170189602e-18
0.000000000000000000e+00,7.505289999999999573e+00,8.569036598107063484e-18
0.000000000000000000e+00,7.507789999999999964e+00,7.989274380085811983e-18
0.000000000000000000e+00,7.510299999999999976e+00,7.444060867443257918e-18
0.000000000000000000e+00,7.512800000000000367e+00,6.935604750574337628e-18
0.000000000000000000e+00,7.515310000000000379e+00,6.457802987252784025e-18
0.000000000000000000e+00,7.517809999999999881e+00,6.012544342690951197e-18
0.000000000000000000e+00,7.520319999999999894e+00,5.594440068210585907e-18
0.000000000000000000e+00,7.522829999999999906e+00,5.203596300110451222e-18
0.000000000000000000e+00,7.525330000000000297e+00,4.839777743518651712e-18
0.000000000000000000e+00,7.527840000000000309e+00,4.498526319975961559e-18
0.000000000000000000e+00,7.530350000000000321e+00,4.179879391929700992e-18
0.000000000000000000e+00,7.532860000000000333e+00,3.882450010582638083e-18
0.000000000000000000e+00,7.535370000000000346e+00,3.604928302887109839e-18
0.000000000000000000e+00,7.537889999999999979e+00,3.345082230869166842e-18
0.000000000000000000e+00,7.540399999999999991e+00,3.103803571533066243e-18
0.000000000000000000e+00,7.542910000000000004e+00,2.878924634008639643e-18
0.000000000000000000e+00,7.545429999999999637e+00,2.668602934740979985e-18
0.000000000000000000e+00,7.547939999999999650e+00,2.473527241820496715e-18
0.000000000000000000e+00,7.550460000000000171e+00,2.291214894741659043e-18
0.000000000000000000e+00,7.552979999999999805e+00,2.121594489213635915e-18
0.000000000000000000e+00,7.555500000000000327e+00,1.963841177641328434e-18
0.000000000000000000e+00,7.558010000000000339e+00,1.817740316697667570e-18
0.000000000000000000e+00,7.560529999999999973e+00,1.681400939877223276e-18
0.000000000000000000e+00,7.563049999999999606e+00,1.554741390389206508e-18
0.000000000000000000e+00,7.565579999999999750e+00,1.436668539994974604e-18
0.000000000000000000e+00,7.568100000000000271e+00,1.327509715562887820e-18
0.000000000000000000e+00,7.570619999999999905e+00,1.226213980325663207e-18
0.000000000000000000e+00,7.573150000000000048e+00,1.131890842251058270e-18
0.000000000000000000e+00,7.575669999999999682e+00,1.044786020727365078e-18
0.000000000000000000e+00,7.578199999999999825e+00,9.637373143882141759e-19
0.000000000000000000e+00,7.580720000000000347e+00,8.889467227879663602e-19
0.000000000000000000e+00,7.583249999999999602e+00,8.194077988690746137e-19
0.000000000000000000e+00,7.585779999999999745e+00,7.550412315390754742e-19
0.000000000000000000e+00,7.588309999999999889e+00,6.954845055753196443e-19
0.000000000000000000e+00,7.590840000000000032e+00,6.403987342768520042e-19
0.000000000000000000e+00,7.593370000000000175e+00,5.894672565785505065e-19
0.000000000000000000e+00,7.595900000000000318e+00,5.423943072740455085e-19
0.000000000000000000e+00,7.598429999999999573e+00,4.989037572686725198e-19
0.000000000000000000e+00,7.600959999999999717e+00,4.587379208613839979e-19
0.000000000000000000e+00,7.603500000000000369e+00,4.215156773984674240e-19
0.000000000000000000e+00,7.606029999999999625e+00,3.873052839254834615e-19
0.000000000000000000e+00,7.608570000000000277e+00,3.556256821486326620e-19
0.000000000000000000e+00,7.611110000000000042e+00,3.264207879542209418e-19
0.000000000000000000e+00,7.613640000000000185e+00,2.996090511380571187e-19
0.000000000000000000e+00,7.616179999999999950e+00,2.748085407087108231e-19
0.000000000000000000e+00,7.618719999999999715e+00,2.519709769923123991e-19
0.000000000000000000e+00,7.621260000000000367e+00,2.309488537789509458e-19
0.000000000000000000e+00,7.623800000000000132e+00,2.116050848830720407e-19
0.000000000000000000e+00,7.626339999999999897e+00,1.938123222684808530e-19
0.000000000000000000e+00,7.628890000000000171e+00,1.773905889697171831e-19
0.000000000000000000e+00,7.631429999999999936e+00,1.623585804913434170e-19
0.000000000000000000e+00,7.633969999999999700e+00,1.485473514190521168e-19
0.000000000000000000e+00,7.636519999999999975e+00,1.358146602229947688e-19
0.000000000000000000e+00,7.639059999999999739e+00,1.241725794578284152e-19
0.000000000000000000e+00,7.641610000000000014e+00,1.134476757912797093e-19
0.000000000000000000e+00,7.644160000000000288e+00,1.036118140012549243e-19
0.000000000000000000e+00,7.646709999999999674e+00,9.459468295456825363e-20
0.000000000000000000e+00,7.649259999999999948e+00,8.633123406599624322e-20
1.000000000000000000e+00,7.101280000000000037e+00,7.713874926552931417e-19
1.000000000000000000e+00,7.103650000000000020e+00,8.181882713976484484e-19
1.000000000000000000e+00,7.106020000000000003e+00,8.677675165730610769e-19
1.000000000000000000e+00,7.108389999999999986e+00,9.202851755026191652e-19
1.000000000000000000e+00,7.110759999999999970e+00,9.759100362853081213e-19
1.000000000000000000e+00,7.113129999999999953e+00,1.034820191670438881e-18
1.000000000000000000e+00,7.115499999999999936e+00,1.097203525701781098e-18
1.000000000000000000e+00,7.117869999999999919e+00,1.163258224157656851e-18
1.000000000000000000e+00,7.120239999999999903e+00,1.233193309851962657e-18
1.000000000000000000e+00,7.122620000000000395e+00,1.307550604234727253e-18
1.000000000000000000e+00,7.124990000000000379e+00,1.385938508062206561e-18
1.000000000000000000e+00,7.127369999999999983e+00,1.469265835732077867e-18
1.000000000000000000e+00,7.129739999999999966e+00,1.557091613883601912e-18
1.000000000000000000e+00,7.132119999999999571e+00,1.650431793617793468e-18
1.000000000000000000e+00,7.134500000000000064e+00,1.749216870635643554e-18
1.000000000000000000e+00,7.136879999999999669e+00,1.853753125641293912e-18
1.000000000000000000e+00,7.139260000000000161e+00,1.964363284244449924e-18
1.000000000000000000e+00,7.141639999999999766e+00,2.081387349393404914e-18
1.000000000000000000e+00,7.144020000000000259e+00,2.205183472876080875e-18
1.000000000000000000e+00,7.146399999999999864e+00,2.336128867544485404e-18
1.000000000000000000e+00,7.148780000000000356e+00,2.474620761981293568e-18
1.000000000000000000e+00,7.151159999999999961e+00,2.621077399386665305e-18
1.000000000000000000e+00,7.153550000000000075e+00,2.776608138555081292e-18
1.000000000000000000e+00,7.155929999999999680e+00,2.940376596877362007e-18
1.000000000000000000e+00,7.158319999999999794e+00,3.114251290037157265e-18
1.000000000000000000e+00,7.160709999999999908e+00,3.298083067502182105e-18
1.000000000000000000e+00,7.163090000000000401e+00,3.491583245060083738e-18
1.000000000000000000e+00,7.165479999999999627e+00,3.696951451656256635e-18
1.000000000000000000e+00,7.167869999999999742e+00,3.914002470022315381e-18
1.000000000000000000e+00,7.170259999999999856e+00,4.143373125208589832e-18
1.000000000000000000e+00,7.172649999999999970e+00,4.385733142748505914e-18
1.000000000000000000e+00,7.175040000000000084e+00,4.641786737092895278e-18
1.000000000000000000e+00,7.177430000000000199e+00,4.912274270265077360e-18
1.000000000000000000e+00,7.179829999999999934e+00,5.199202471252318924e-18
1.000000000000000000e+00,7.182220000000000049e+00,5.501001139915809607e-18
1.000000000000000000e+00,7.184610000000000163e+00,5.819693103393298192e-18
1.000000000000000000e+00,7.187009999999999899e+00,6.157628193307514914e-18
1.000000000000000000e+00,7.189409999999999634e+00,6.514469965313292470e-18
1.000000000000000000e+00,7.191799999999999748e+00,6.889615278371759729e-18
1.000000000000000000e+00,7.194200000000000372e+00,7.287259921564189591e-18
1.000000000000000000e+00,7.196600000000000108e+00,7.706989726603544855e-18
1.000000000000000000e+00,7.198999999999999844e+00,8.149973649343119457e-18
1.000000000000000000e+00,7.201399999999999579e+00,8.617438910805584680e-18
1.000000000000000000e+00,7.203800000000000203e+00,9.110673688080941384e-18
1.000000000000000000e+00,7.206199999999999939e+00,9.631029917544403065e-18
1.000000000000000000e+00,7.208599999999999675e+00,1.017992621444786241e-17
1.000000000000000000e+00,7.211009999999999920e+00,1.076132807501433818e-17
1.000000000000000000e+00,7.213409999999999656e+00,1.137197738830331729e-17
1.000000000000000000e+00,7.215819999999999901e+00,1.201861544920787740e-17
1.000000000000000000e+00,7.218219999999999636e+00,1.269759944768675570e-17
1.000000000000000000e+00,7.220629999999999882e+00,1.341640477395479919e-17
1.000000000000000000e+00,7.223029999999999617e+00,1.417096078225290767e-17
1.000000000000000000e+00,7.225439999999999863e+00,1.496955231322575467e-17
1.000000000000000000e+00,7.227850000000000108e+00,1.581121758665192174e-17
1.000000000000000000e+00,7.230260000000000353e+00,1.669815724477575549e-17
1.000000000000000000e+00,7.232669999999999710e+00,1.763267700465077938e-17
1.000000000000000000e+00,7.235079999999999956e+00,1.861719225719356958e-17
1.000000000000000000e+00,7.237490000000000201e+00,1.965423284498945982e-17
1.000000000000000000e+00,7.239910000000000068e+00,2.075109879912510253e-17
1.000000000000000000e+00,7.242320000000000313e+00,2.190150880156274223e-17
1.000000000000000000e+00,7.244740000000000180e+00,2.311794030245156195e-17
1.000000000000000000e+00,7.247150000000000425e+00,2.439339074081223202e-17
1.000000000000000000e+00,7.249570000000000292e+00,2.574165509126064757e-17
1.000000000000000000e+00,7.251979999999999649e+00,2.715493139897708222e-17
1.000000000000000000e+00,7.254400000000000404e+00,2.864846250190082848e-17
1.000000000000000000e+00,7.256820000000000270e+00,3.022022208391943030e-17
1.000000000000000000e+00,7.259240000000000137e+00,3.187406832959811552e-17
1.000000000000000000e+00,7.261660000000000004e+00,3.361403586732801187e-17
1.000000000000000000e+00,7.264079999999999870e+00,3.544434307960202572e-17
1.000000000000000000e+00,7.266499999999999737e+00,3.736939967664938556e-17
1.000000000000000000e+00,7.268930000000000113e+00,3.940239262737492730e-17
1.000000000000000000e+00,7.271349999999999980e+00,4.153142269753052083e-17
1.000000000000000000e+00,7.273769999999999847e+00,4.376968034751690957e-17
1.000000000000000000e+00,7.276200000000000223e+00,4.613238993367320203e-17
1.000000000000000000e+00,7.278620000000000090e+00,4.860561539487142898e-17
1.000000000000000000e+00,7.281049999999999578e+00,5.121558258538327575e-17
1.000000000000000000e+00,7.283479999999999954e+00,5.395838638368672953e-17
1.000000000000000000e+00,7.285910000000000331e+00,5.684035560417083060e-17
1.000000000000000000e+00,7.288330000000000197e+00,5.985532854882035648e-17
1.000000000000000000e+00,7.290759999999999685e+00,6.303509246394869262e-17
1.000000000000000000e+00,7.293199999999999683e+00,6.638876948276959627e-17
1.000000000000000000e+00,7.295630000000000059e+00,6.989640035835408738e-17
1.000000000000000000e+00,7.298060000000000436e+00,7.357922352664721975e-17
1.000000000000000000e+00,7.300489999999999924e+00,7.744540216367370943e-17
1.000000000000000000e+00,7.302929999999999922e+00,8.152055588540216135e-17
1.000000000000000000e+00,7.305360000000000298e+00,8.578018562109538667e-17
1.000000000000000000e+00,7.307800000000000296e+00,9.026868183073472317e-17
1.000000000000000000e+00,7.310229999999999784e+00,9.495892548423518182e-17
1.000000000000000000e+00,7.312669999999999781e+00,9.989965232694262294e-17
1.000000000000000000e+00,7.315109999999999779e+00,1.050826136557061828e-16
1.000000000000000000e+00,7.317549999999999777e+00,1.105188424385407398e-16
1.000000000000000000e+00,7.319989999999999775e+00,1.162198287057349926e-16
1.000000000000000000e+00,7.322429999999999772e+00,1.221975361628119803e-16
1.000000000000000000e+00,7.324869999999999770e+00,1.284644192946279805e-16
1.000000000000000000e+00,7.327309999999999768e+00,1.350334409698574166e-16
1.000000000000000000e+00,7.329749999999999766e+00,1.419180905550279591e-16
1.000000000000000000e+00,7.332200000000000273e+00,1.491626675752610330e-16
1.000000000000000000e+00,7.334640000000000271e+00,1.567226825026866589e-16
1.000000000000000000e+00,7.337089999999999890e+00,1.646754231194158572e-16
1.000000000000000000e+00,7.339529999999999887e+00,1.729718138593730719e-16
1.000000000000000000e+00,7.341980000000000395e+00,1.816964213732921335e-16
1.000000000000000000e+00,7.344430000000000014e+00,1.908333032420874278e-16
1.000000000000000000e+00,7.346879999999999633e+00,2.004004149231549259e-16
1.000000000000000000e+00,7.349330000000000140e+00,2.104164144633324091e-16
1.000000000000000000e+00,7.351779999999999760e+00,2.209006860778286421e-16
1.000000000000000000e+00,7.354230000000000267e+00,2.318733643370238363e-16
1.000000000000000000e+00,7.356679999999999886e+00,2.433553589683190519e-16
1.000000000000000000e+00,7.359130000000000393e+00,2.553683802801092647e-16
1.000000000000000000e+00,7.361580000000000013e+00,2.679349652143360625e-16
1.000000000000000000e+00,7.364040000000000141e+00,2.811333663123125470e-16
1.000000000000000000e+00,7.366489999999999760e+00,2.948806348769652156e-16
1.000000000000000000e+00,7.368949999999999889e+00,3.093144001681064440e-16
1.000000000000000000e+00,7.371410000000000018e+00,3.244062437251734288e-16
1.000000000000000000e+00,7.373859999999999637e+00,3.401180308648590770e-16
1.000000000000000000e+00,7.376319999999999766e+00,3.566063624003422697e-16
1.000000000000000000e+00,7.378779999999999895e+00,3.738380004863486156e-16
1.000000000000000000e+00,7.381240000000000023e+00,3.918435012023039253e-16
1.000000000000000000e+00,7.383700000000000152e+00,4.106545294803576987e-16
1.000000000000000000e+00,7.386160000000000281e+00,4.303038923952121548e-16
1.000000000000000000e+00,7.388630000000000031e+00,4.509108223789988092e-16
1.000000000000000000e+00,7.391090000000000160e+00,4.723437775105589130e-16
1.000000000000000000e+00,7.393550000000000288e+00,4.947208352717798657e-16
1.000000000000000000e+00,7.396020000000000039e+00,5.181767345199087856e-16
1.000000000000000000e+00,7.398480000000000167e+00,5.425607306420021725e-16
1.000000000000000000e+00,7.400949999999999918e+00,5.681118330213326735e-16
1.000000000000000000e+00,7.403419999999999668e+00,5.947753483976040229e-16
1.000000000000000000e+00,7.405890000000000306e+00,6.225950518128234657e-16
1.000000000000000000e+00,7.408360000000000056e+00,6.516162155177639415e-16
1.000000000000000000e+00,7.410829999999999806e+00,6.818856498572528749e-16
1.000000000000000000e+00,7.413299999999999557e+00,7.134517448181154652e-16
1.000000000000000000e+00,7.415770000000000195e+00,7.463645122301686869e-16
1.000000000000000000e+00,7.418239999999999945e+00,7.806756286091594312e-16
1.000000000000000000e+00,7.420709999999999695e+00,8.164384786296033463e-16
1.000000000000000000e+00,7.423189999999999955e+00,8.538622281500807752e-16
1.000000000000000000e+00,7.425659999999999705e+00,8.927022025536629420e-16
1.000000000000000000e+00,7.428139999999999965e+00,9.333321963063654144e-16
1.000000000000000000e+00,7.430609999999999715e+00,9.754854288004893023e-16
1.000000000000000000e+00,7.433089999999999975e+00,1.019566387010462681e-15
1.000000000000000000e+00,7.435570000000000235e+00,1.065473261944643836e-15
1.000000000000000000e+00,7.438049999999999606e+00,1.113273504133511832e-15
1.000000000000000000e+00,7.440529999999999866e+00,1.163036675437195656e-15
1.000000000000000000e+00,7.443010000000000126e+00,1.214834498404569287e-15
1.000000000000000000e+00,7.445490000000000386e+00,1.268740906072188995e-15
1.000000000000000000e+00,7.447969999999999757e+00,1.324832092173218799e-15
1.000000000000000000e+00,7.450459999999999638e+00,1.383426552021768369e-15
1.000000000000000000e+00,7.452939999999999898e+00,1.444134791422894038e-15
1.000000000000000000e+00,7.455420000000000158e+00,1.507270802971155054e-15
1.000000000000000000e+00,7.457910000000000039e+00,1.573190264807887700e-15
1.000000000000000000e+00,7.460399999999999920e+00,1.641732917501367316e-15
1.000000000000000000e+00,7.462880000000000180e+00,1.712698990716746582e-15
1.000000000000000000e+00,7.465370000000000061e+00,1.786755094416295353e-15
1.000000000000000000e+00,7.467859999999999943e+00,1.863717920063490109e-15
1.000000000000000000e+00,7.470349999999999824e+00,1.943687568916910424e-15
1.000000000000000000e+00,7.472839999999999705e+00,2.026766965885665331e-15
1.000000000000000000e+00,7.475329999999999586e+00,2.113061912819760938e-15
1.000000000000000000e+00,7.477820000000000356e+00,2.202681141702221733e-15
1.000000000000000000e+00,7.480319999999999858e+00,2.296117164268374940e-15
1.000000000000000000e+00,7.482809999999999739e+00,2.392737634021627033e-15
1.000000000000000000e+00,7.485310000000000130e+00,2.493437499555936984e-15
1.000000000000000000e+00,7.487800000000000011e+00,2.597532566745791543e-15
1.000000000000000000e+00,7.490300000000000402e+00,2.705984223115557899e-15
1.000000000000000000e+00,7.492790000000000283e+00,2.818052731971499096e-15
1.000000000000000000e+00,7.495289999999999786e+00,2.934770134377740734e-15
1.000000000000000000e+00,7.497790000000000177e+00,3.055830318800043305e-15
1.000000000000000000e+00,7.500289999999999679e+00,3.181372461051739941e-15
1.000000000000000000e+00,7.502790000000000070e+00,3.311539236528067262e-15
1.000000000000000000e+00,7.505289999999999573e+00,3.446476868993245179e-15
1.000000000000000000e+00,7.507789999999999964e+00,3.586335178408893483e-15
1.000000000000000000e+00,7.510299999999999976e+00,3.731857755938863862e-15
1.000000000000000000e+00,7.512800000000000367e+00,3.882042742420583959e-15
1.000000000000000000e+00,7.515310000000000379e+00,4.038253915729210972e-15
1.000000000000000000e+00,7.517809999999999881e+00,4.199411798256076050e-15
1.000000000000000000e+00,7.520319999999999894e+00,4.366975626826368217e-15
1.000000000000000000e+00,7.522829999999999906e+00,4.540486493936155976e-15
1.000000000000000000e+00,7.525330000000000297e+00,4.719394735979551750e-15
1.000000000000000000e+00,7.527840000000000309e+00,4.905313414921290027e-15
1.000000000000000000e+00,7.530350000000000321e+00,5.097725644659441748e-15
1.000000000000000000e+00,7.532860000000000333e+00,5.296821917654452657e-15
1.000000000000000000e+00,7.535370000000000346e+00,5.502796824502251625e-15
1.000000000000000000e+00,7.537889999999999979e+00,5.716712321257890911e-15
1.000000000000000000e+00,7.540399999999999991e+00,5.937074221116904062e-15
1.000000000000000000e+00,7.542910000000000004e+00,6.164924231222516703e-15
1.000000000000000000e+00,7.545429999999999637e+00,6.401427750721144277e-15
1.000000000000000000e+00,7.547939999999999650e+00,6.644923983349279349e-15
1.000000000000000000e+00,7.550460000000000171e+00,6.897574786093069837e-15
1.000000000000000000e+00,7.552979999999999805e+00,7.158652723917867410e-15
1.000000000000000000e+00,7.555500000000000327e+00,7.428388820993656505e-15
1.000000000000000000e+00,7.558010000000000339e+00,7.705894876858923290e-15
1.000000000000000000e+00,7.560529999999999973e+00,7.993620999082072508e-15
1.000000000000000000e+00,7.563049999999999606e+00,8.290723418021990568e-15
1.000000000000000000e+00,7.565579999999999750e+00,8.598687182566288195e-15
1.000000000000000000e+00,7.568100000000000271e+00,8.915331345936415967e-15
1.000000000000000000e+00,7.570619999999999905e+00,9.242110937428313884e-15
1.000000000000000000e+00,7.573150000000000048e+00,9.580646374454198035e-15
1.000000000000000000e+00,7.575669999999999682e+00,9.928528018726986752e-15
1.000000000000000000e+00,7.578199999999999825e+00,1.028878909038084771e-14
1.000000000000000000e+00,7.580720000000000347e+00,1.065885675881500904e-14
1.000000000000000000e+00,7.583249999999999602e+00,1.104194886094095535e-14
1.000000000000000000e+00,7.585779999999999745e+00,1.143690533327917799e-14
1.000000000000000000e+00,7.588309999999999889e+00,1.184401632028217179e-14
1.000000000000000000e+00,7.590840000000000032e+00,1.226357611526463788e-14
1.000000000000000000e+00,7.593370000000000175e+00,1.269588310834061389e-14
1.000000000000000000e+00,7.595900000000000318e+00,1.314123972920589847e-14
1.000000000000000000e+00,7.598429999999999573e+00,1.359995238468485638e-14
1.000000000000000000e+00,7.600959999999999717e+00,1.407233139097652163e-14
1.000000000000000000e+00,7.603500000000000369e+00,1.456064142892902628e-14
1.000000000000000000e+00,7.606029999999999625e+00,1.506135650316638956e-14
1.000000000000000000e+00,7.608570000000000277e+00,1.557875919577226178e-14
1.000000000000000000e+00,7.611110000000000042e+00,1.611122803940199300e-14
1.000000000000000000e+00,7.613640000000000185e+00,1.665690805049377789e-14
1.000000000000000000e+00,7.616179999999999950e+00,1.722044784595707326e-14
1.000000000000000000e+00,7.618719999999999715e+00,1.780006049065253694e-14
1.000000000000000000e+00,7.621260000000000367e+00,1.839608858240095789e-14
1.000000000000000000e+00,7.623800000000000132e+00,1.900887782790716242e-14
1.000000000000000000e+00,7.626339999999999897e+00,1.963877692235780877e-14
1.000000000000000000e+00,7.628890000000000171e+00,2.028872106380561437e-14
1.000000000000000000e+00,7.631429999999999936e+00,2.095396811680272813e-14
1.000000000000000000e+00,7.633969999999999700e+00,2.163738919113365750e-14
1.000000000000000000e+00,7.636519999999999975e+00,2.234214438379040546e-14
1.000000000000000000e+00,7.639059999999999739e+00,2.306306913586430010e-14
1.000000000000000000e+00,7.641610000000000014e+00,2.380620710129386094e-14
1.000000000000000000e+00,7.644160000000000288e+00,2.456912798189341339e-14
1.000000000000000000e+00,7.646709999999999674e+00,2.535220418754272322e-14
1.000000000000000000e+00,7.649259999999999948e+00,2.615581001828342221e-14
1.000000000000000000e+00,7.651810000000000223e+00,2.698032156138188343e-14
1.000000000000000000e+00,7.654359999999999609e+00,2.782611660298653435e-14
1.000000000000000000e+00,7.656909999999999883e+00,2.869357455843310976e-14
1.000000000000000000e+00,7.659460000000000157e+00,2.958307642587975596e-14
1.000000000000000000e+00,7.662020000000000053e+00,3.049862560874486150e-14
1.000000000000000000e+00,7.664570000000000327e+00,3.143345478428595500e-14
1.000000000000000000e+00,7.667130000000000223e+00,3.239528502672182026e-14
1.000000000000000000e+00,7.669679999999999609e+00,3.337699085280503425e-14
1.000000000000000000e+00,7.672240000000000393e+00,3.438666470489695512e-14
1.000000000000000000e+00,7.674800000000000288e+00,3.542089969633554645e-14
1.000000000000000000e+00,7.677360000000000184e+00,3.648009459393279019e-14
1.000000000000000000e+00,7.679909999999999570e+00,3.756036467779731454e-14
1.000000000000000000e+00,7.682479999999999976e+00,3.867497432780220177e-14
1.000000000000000000e+00,7.685039999999999871e+00,3.981147353772281670e-14
1.000000000000000000e+00,7.687599999999999767e+00,4.097456282391609174e-14
1.000000000000000000e+00,7.690159999999999663e+00,4.216466209337270097e-14
1.000000000000000000e+00,7.692730000000000068e+00,4.338700852292523587e-14
1.000000000000000000e+00,7.695289999999999964e+00,4.463252613305169837e-14
1.000000000000000000e+00,7.697860000000000369e+00,4.591139404641835378e-14
1.000000000000000000e+00,7.700420000000000265e+00,4.721411765219155987e-14
1.000000000000000000e+00,7.702989999999999782e+00,4.855134805520579479e-14
1.000000000000000000e+00,7.705560000000000187e+00,4.991854415110168097e-14
1.000000000000000000e+00,7.708129999999999704e+00,5.131621526079584619e-14
1.000000000000000000e+00,7.710700000000000109e+00,5.274489191940053583e-14
1.000000000000000000e+00,7.713269999999999627e+00,5.420512900521158421e-14
1.000000000000000000e+00,7.715840000000000032e+00,5.569750917449310939e-14
1.000000000000000000e+00,7.718410000000000437e+00,5.722264660265094310e-14
1.000000000000000000e+00,7.720979999999999954e+00,5.878119102636596232e-14
1.000000000000000000e+00,7.723559999999999981e+00,6.038009665725280348e-14
1.000000000000000000e+00,7.726130000000000386e+00,6.200770547170918114e-14
1.000000000000000000e+00,7.728710000000000413e+00,6.367747395764472026e-14
1.000000000000000000e+00,7.731290000000000440e+00,6.538398548836240848e-14
1.000000000000000000e+00,7.733859999999999957e+00,6.712131428541432995e-14
1.000000000000000000e+00,7.736439999999999984e+00,6.890395145034219082e-14
1.000000000000000000e+00,7.739020000000000010e+00,7.072625574823530473e-14
1.000000000000000000e+00,7.741600000000000037e+00,7.258934883728468425e-14
1.000000000000000000e+00,7.744180000000000064e+00,7.449443383803566373e-14
1.000000000000000000e+00,7.746760000000000090e+00,7.644280002275655571e-14
1.000000000000000000e+00,7.749349999999999739e+00,7.844364069852785526e-14
1.000000000000000000e+00,7.751929999999999765e+00,8.048298383772042609e-14
1.000000000000000000e+00,7.754509999999999792e+00,8.257003775525527436e-14
1.000000000000000000e+00,7.757100000000000328e+00,8.471485043154061252e-14
1.000000000000000000e+00,7.759689999999999976e+00,8.691121495893418062e-14
1.000000000000000000e+00,7.762270000000000003e+00,8.915222759805295911e-14
1.000000000000000000e+00,7.764859999999999651e+00,9.145723887227387192e-14
1.000000000000000000e+00,7.767450000000000188e+00,9.381974399842927695e-14
1.000000000000000000e+00,7.770039999999999836e+00,9.624190568026272182e-14
1.000000000000000000e+00,7.772630000000000372e+00,9.872596352033428173e-14
1.000000000000000000e+00,7.775220000000000020e+00,1.012742226262551059e-13
1.000000000000000000e+00,7.777809999999999668e+00,1.038890395488478818e-13
1.000000000000000000e+00,7.780409999999999826e+00,1.065833041750657131e-13
1.000000000000000000e+00,7.783000000000000362e+00,1.093387050461898166e-13
1.000000000000000000e+00,7.785590000000000011e+00,1.121678679030670144e-13
1.000000000000000000e+00,7.788190000000000168e+00,1.150845246149894425e-13
1.000000000000000000e+00,7.790790000000000326e+00,1.180802242704941165e-13
1.000000000000000000e+00,7.793379999999999974e+00,1.211452062083440832e-13
1.000000000000000000e+00,7.795980000000000132e+00,1.243052334371403121e-13
1.000000000000000000e+00,7.798580000000000290e+00,1.275505640091088531e-13
1.000000000000000000e+00,7.801179999999999559e+00,1.308829247200030643e-13
1.000000000000000000e+00,7.803779999999999717e+00,1.343037935710660884e-13
1.000000000000000000e+00,7.806379999999999875e+00,1.378143571913407367e-13
1.000000000000000000e+00,7.808989999999999654e+00,1.414294935218059104e-13
1.000000000000000000e+00,7.811589999999999812e+00,1.451219750825010634e-13
1.000000000000000000e+00,7.814189999999999969e+00,1.489055299867523906e-13
1.000000000000000000e+00,7.816799999999999748e+00,1.527948224927952490e-13
1.000000000000000000e+00,7.819410000000000416e+00,1.567745527000999279e-13
1.000000000000000000e+00,7.822009999999999685e+00,1.608274951139981609e-13
1.000000000000000000e+00,7.824620000000000353e+00,1.649827861441485765e-13
1.000000000000000000e+00,7.827230000000000132e+00,1.692223551234126779e-13
1.000000000000000000e+00,7.829839999999999911e+00,1.735429218664694537e-13
1.000000000000000000e+00,7.832449999999999690e+00,1.779405621715455757e-13
1.000000000000000000e+00,7.835060000000000358e+00,1.824106995596678921e-13
1.000000000000000000e+00,7.837670000000000137e+00,1.869481050214931732e-13
1.000000000000000000e+00,7.840279999999999916e+00,1.915469053508670516e-13
1.000000000000000000e+00,7.842900000000000205e+00,1.962185274021926570e-13
1.000000000000000000e+00,7.845509999999999984e+00,2.009201860323576814e-13
1.000000000000000000e+00,7.848130000000000273e+00,2.056801794711601255e-13
1.000000000000000000e+00,7.850749999999999673e+00,2.104723015972666795e-13
1.000000000000000000e+00,7.853360000000000340e+00,2.152693907277514954e-13
1.000000000000000000e+00,7.855979999999999741e+00,2.200990826372475618e-13
1.000000000000000000e+00,7.858600000000000030e+00,2.249335539264887262e-13
1.000000000000000000e+00,7.861220000000000319e+00,2.297630726498540966e-13
1.000000000000000000e+00,7.863839999999999719e+00,2.345777460025964863e-13
1.000000000000000000e+00,7.866460000000000008e+00,2.393676143600143136e-13
1.000000000000000000e+00,7.869080000000000297e+00,2.441227496810235210e-13
1.000000000000000000e+00,7.871710000000000207e+00,2.488512386351244473e-13
1.000000000000000000e+00,7.874329999999999607e+00,2.535075338314392304e-13
1.000000000000000000e+00,7.876960000000000406e+00,2.581178833182687958e-13
1.000000000000000000e+00,7.879579999999999806e+00,2.626384198091702166e-13
1.000000000000000000e+00,7.882209999999999717e+00,2.670953407747888876e-13
1.000000000000000000e+00,7.884839999999999627e+00,2.714635487243111601e-13
1.000000000000000000e+00,7.887470000000000425e+00,2.757360684313113993e-13
1.000000000000000000e+00,7.890100000000000335e+00,2.799067274113087243e-13
1.000000000000000000e+00,7.892730000000000246e+00,2.839702240881892074e-13
1.000000000000000000e+00,7.895360000000000156e+00,2.879221847993717733e-13
1.000000000000000000e+00,7.897990000000000066e+00,2.917592085956896470e-13
1.000000000000000000e+00,7.900619999999999976e+00,2.954788990117397363e-13
1.000000000000000000e+00,7.903260000000000396e+00,2.990933468688409822e-13
1.000000000000000000e+00,7.905890000000000306e+00,3.025748238604093155e-13
1.000000000000000000e+00,7.908529999999999838e+00,3.059504845501501944e-13
1.000000000000000000e+00,7.911170000000000258e+00,3.092085524272685337e-13
1.000000000000000000e+00,7.913800000000000168e+00,3.123399931549913819e-13
1.000000000000000000e+00,7.916439999999999699e+00,3.153721858207887716e-13
1.000000000000000000e+00,7.919080000000000119e+00,3.182974409947259076e-13
1.000000000000000000e+00,7.921719999999999651e+00,3.211209755461016781e-13
1.000000000000000000e+00,7.924360000000000070e+00,3.238487073108777035e-13
1.000000000000000000e+00,7.926999999999999602e+00,3.264871641376637111e-13
1.000000000000000000e+00,7.929649999999999643e+00,3.290529222846624271e-13
1.000000000000000000e+00,7.932290000000000063e+00,3.315340931486973937e-13
1.000000000000000000e+00,7.934929999999999595e+00,3.339482684583428672e-13
1.000000000000000000e+00,7.937579999999999636e+00,3.363122255623625864e-13
1.000000000000000000e+00,7.940229999999999677e+00,3.386248424325190292e-13
1.000000000000000000e+00,7.942870000000000097e+00,3.408857627179520464e-13
1.000000000000000000e+00,7.945520000000000138e+00,3.431201166461717552e-13
1.000000000000000000e+00,7.948170000000000179e+00,3.453270867635517592e-13
1.000000000000000000e+00,7.950820000000000221e+00,3.475142031141887468e-13
1.000000000000000000e+00,7.953470000000000262e+00,3.496886219510121220e-13
1.000000000000000000e+00,7.956120000000000303e+00,3.518570538151055087e-13
1.000000000000000000e+00,7.958779999999999966e+00,3.540338924587671087e-13
1.000000000000000000e+00,7.961430000000000007e+00,3.562084293281517252e-13
1.000000000000000000e+00,7.964080000000000048e+00,3.583938811205811909e-13
1.000000000000000000e+00,7.966739999999999711e+00,3.606029897659891988e-13
1.000000000000000000e+00,7.969389999999999752e+00,3.628229038558645307e-13
1.000000000000000000e+00,7.972050000000000303e+00,3.650734816117200826e-13
1.000000000000000000e+00,7.974709999999999965e+00,3.673488212758204054e-13
1.000000000000000000e+00,7.977369999999999628e+00,3.696506892072565456e-13
1.000000000000000000e+00,7.980030000000000179e+00,3.719801970894230052e-13
1.000000000000000000e+00,7.982689999999999841e+00,3.743378254577326955e-13
1.000000000000000000e+00,7.985350000000000392e+00,3.767234538678111773e-13
1.000000000000000000e+00,7.988010000000000055e+00,3.791363967264945018e-13
1.000000000000000000e+00,7.990669999999999717e+00,3.815754437812425986e-13
1.000000000000000000e+00,7.993339999999999890e+00,3.840482089017947210e-13
1.000000000000000000e+00,7.996000000000000441e+00,3.865340375969717586e-13
1.000000000000000000e+00,7.998669999999999725e+00,3.890490887712755986e-13
1.000000000000000000e+00,8.001340000000000785e+00,3.915811782435804172e-13
1.000000000000000000e+00,8.003999999999999559e+00,3.941175787839150984e-13
1.000000000000000000e+00,8.006669999999999732e+00,3.966739608539615532e-13
1.000000000000000000e+00,8.009339999999999904e+00,3.992372092302467026e-13
1.000000000000000000e+00,8.012010000000000076e+00,4.018035726058288704e-13
1.000000000000000000e+00,8.014680000000000248e+00,4.043691954959190336e-13
1.000000000000000000e+00,8.017350000000000421e+00,4.069301586060153653e-13
1.000000000000000000e+00,8.020030000000000214e+00,4.094920542125078200e-13
1.000000000000000000e+00,8.022700000000000387e+00,4.120318124309792383e-13
1.000000000000000000e+00,8.025380000000000180e+00,4.145645241816856181e-13
1.000000000000000000e+00,8.028050000000000352e+00,4.170674386662774017e-13
1.000000000000000000e+00,8.030730000000000146e+00,4.195555225361241766e-13
1.000000000000000000e+00,8.033409999999999940e+00,4.220156748248758886e-13
1.000000000000000000e+00,8.036080000000000112e+00,4.244353338300810790e-13
1.000000000000000000e+00,8.038759999999999906e+00,4.268292092472328645e-13
1.000000000000000000e+00,8.041439999999999699e+00,4.291848986797702612e-13
1.000000000000000000e+00,8.044119999999999493e+00,4.314992772351548686e-13
1.000000000000000000e+00,8.046810000000000684e+00,4.337777630553771779e-13
1.000000000000000000e+00,8.049490000000000478e+00,4.360006029208374006e-13
1.000000000000000000e+00,8.052170000000000272e+00,4.381737098127835324e-13
1.000000000000000000e+00,8.054859999999999687e+00,4.403024162018601112e-13
1.000000000000000000e+00,8.057539999999999480e+00,4.423685663308495061e-13
1.000000000000000000e+00,8.060230000000000672e+00,4.443853951470893283e-13
1.000000000000000000e+00,8.062910000000000466e+00,4.463358854479374080e-13
1.000000000000000000e+00,8.065599999999999881e+00,4.482327073419978577e-13
1.000000000000000000e+00,8.068289999999999296e+00,4.500667210748805685e-13
1.000000000000000000e+00,8.070980000000000487e+00,4.518363110825175874e-13
1.000000000000000000e+00,8.073669999999999902e+00,4.535399903981573278e-13
1.000000000000000000e+00,8.076359999999999317e+00,4.551763941459308519e-13
1.000000000000000000e+00,8.079060000000000130e+00,4.567499723400815234e-13
1.000000000000000000e+00,8.081749999999999545e+00,4.582479256094047226e-13
1.000000000000000000e+00,8.084440000000000737e+00,4.596751738669893062e-13
1.000000000000000000e+00,8.087139999999999773e+00,4.610356829555596392e-13
1.000000000000000000e+00,8.089840000000000586e+00,4.623231584014441631e-13
1.000000000000000000e+00,8.092530000000000001e+00,4.635324740525008176e-13
1.000000000000000000e+00,8.095230000000000814e+00,4.646719382217398088e-13
1.000000000000000000e+00,8.097929999999999851e+00,4.657363118389190967e-13
1.000000000000000000e+00,8.100630000000000663e+00,4.667250632305376530e-13
1.000000000000000000e+00,8.103329999999999700e+00,4.676377316720262132e-13
1.000000000000000000e+00,8.106030000000000513e+00,4.684739240028316168e-13
1.000000000000000000e+00,8.108729999999999549e+00,4.692333115733342627e-13
1.000000000000000000e+00,8.111439999999999984e+00,4.699180110679139233e-13
1.000000000000000000e+00,8.114140000000000796e+00,4.705227612470428869e-13
1.000000000000000000e+00,8.116849999999999454e+00,4.710518902779814540e-13
1.000000000000000000e+00,8.119550000000000267e+00,4.715013978428758951e-13
1.000000000000000000e+00,8.122260000000000701e+00,4.718745717613512216e-13
1.000000000000000000e+00,8.124969999999999359e+00,4.721696135413043466e-13
1.000000000000000000e+00,8.127679999999999794e+00,4.723865848229076155e-13
1.000000000000000000e+00,8.130390000000000228e+00,4.725255971036871562e-13
1.000000000000000000e+00,8.133100000000000662e+00,4.725868105661319886e-13
1.000000000000000000e+00,8.135809999999999320e+00,4.725704330061128429e-13
1.000000000000000000e+00,8.138519999999999754e+00,4.724767188443852724e-13
1.000000000000000000e+00,8.141230000000000189e+00,4.723059682051942606e-13
1.000000000000000000e+00,8.143950000000000244e+00,4.720574714253196629e-13
1.000000000000000000e+00,8.146660000000000679e+00,4.717334459301688194e-13
1.000000000000000000e+00,8.149380000000000734e+00,4.713319361839790509e-13
1.000000000000000000e+00,8.152100000000000790e+00,4.708544769185111517e-13
1.000000000000000000e+00,8.154809999999999448e+00,4.703037606547239107e-13
1.000000000000000000e+00,8.157529999999999504e+00,4.696762851412998870e-13
1.000000000000000000e+00,8.160249999999999559e+00,4.689745486628277756e-13
1.000000000000000000e+00,8.162969999999999615e+00,4.681991955951101682e-13
1.000000000000000000e+00,8.165689999999999671e+00,4.673509094493336110e-13
1.000000000000000000e+00,8.168419999999999348e+00,4.664268955748765384e-13
1.000000000000000000e+00,8.171139999999999404e+00,4.654346850336577543e-13
1.000000000000000000e+00,8.173859999999999459e+00,4.643718215616729413e-13
1.000000000000000000e+00,8.176589999999999137e+00,4.632348450169559566e-13
1.000000000000000000e+00,8.179320000000000590e+00,4.620284095863173753e-13
1.000000000000000000e+00,8.182040000000000646e+00,4.607582204305083208e-13
1.000000000000000000e+00,8.184770000000000323e+00,4.594158794654462017e-13
1.000000000000000000e+00,8.187500000000000000e+00,4.580069084569685790e-13
1.000000000000000000e+00,8.190229999999999677e+00,4.565323159244712879e-13
1.000000000000000000e+00,8.192959999999999354e+00,4.549931409582356051e-13
1.000000000000000000e+00,8.195690000000000808e+00,4.533904521864800478e-13
1.000000000000000000e+00,8.198420000000000485e+00,4.517253467226532378e-13
1.000000000000000000e+00,8.201159999999999783e+00,4.499925140302434108e-13
1.000000000000000000e+00,8.203889999999999461e+00,4.482057569371879068e-13
1.000000000000000000e+00,8.206619999999999138e+00,4.463600389540546736e-13
1.000000000000000000e+00,8.209360000000000213e+00,4.444494832043021385e-13
1.000000000000000000e+00,8.212099999999999511e+00,4.424819796460257887e-13
1.000000000000000000e+00,8.214840000000000586e+00,4.404587871493914700e-13
1.000000000000000000e+00,8.217579999999999885e+00,4.383811855303126937e-13
1.000000000000000000e+00,8.220309999999999562e+00,4.362583456494140916e-13
1.000000000000000000e+00,8.223050000000000637e+00,4.340760296525354980e-13
1.000000000000000000e+00,8.225799999999999557e+00,4.318350132051671852e-13
1.000000000000000000e+00,8.228540000000000632e+00,4.295529502978195121e-13
1.000000000000000000e+00,8.231279999999999930e+00,4.272231495574818205e-13
1.000000000000000000e+00,8.234030000000000626e+00,4.248382358833706383e-13
1.000000000000000000e+00,8.236769999999999925e+00,4.224169510462190260e-13
1.000000000000000000e+00,8.239520000000000621e+00,4.199430365343003728e-13
1.000000000000000000e+00,8.242259999999999920e+00,4.174359027662736134e-13
1.000000000000000000e+00,8.245010000000000616e+00,4.148786835999190868e-13
1.000000000000000000e+00,8.247759999999999536e+00,4.122818989881856696e-13
1.000000000000000000e+00,8.250510000000000232e+00,4.096470015331438348e-13
1.000000000000000000e+00,8.253259999999999152e+00,4.069754490749166725e-13
1.000000000000000000e+00,8.256009999999999849e+00,4.042687034751261679e-13
1.000000000000000000e+00,8.258770000000000167e+00,4.015182042890529587e-13
1.000000000000000000e+00,8.261520000000000863e+00,3.987453534131150103e-13
1.000000000000000000e+00,8.264269999999999783e+00,3.959417124295809555e-13
1.000000000000000000e+00,8.267030000000000101e+00,3.930983939117106723e-13
1.000000000000000000e+00,8.269780000000000797e+00,3.902374701467835883e-13
1.000000000000000000e+00,8.272539999999999338e+00,3.873396070035473192e-13
1.000000000000000000e+00,8.275299999999999656e+00,3.844166307263842879e-13
1.000000000000000000e+00,8.278059999999999974e+00,3.814700087966845251e-13
1.000000000000000000e+00,8.280820000000000292e+00,3.785012022445662939e-13
1.000000000000000000e+00,8.283580000000000609e+00,3.755116645647040324e-13
1.000000000000000000e+00,8.286339999999999151e+00,3.725028406538636274e-13
1.000000000000000000e+00,8.289099999999999469e+00,3.694761657711021032e-13
1.000000000000000000e+00,8.291869999999999408e+00,3.664220106461509913e-13
1.000000000000000000e+00,8.294629999999999725e+00,3.633638441469899224e-13
1.000000000000000000e+00,8.297399999999999665e+00,3.602809169667081875e-13
1.000000000000000000e+00,8.300159999999999982e+00,3.571968794160300149e-13
1.000000000000000000e+00,8.302929999999999922e+00,3.540907664169283968e-13
1.000000000000000000e+00,8.305699999999999861e+00,3.509751022761071943e-13
1.000000000000000000e+00,8.308469999999999800e+00,3.478512421742016350e-13
1.000000000000000000e+00,8.311239999999999739e+00,3.447205239931313322e-13
1.000000000000000000e+00,8.314009999999999678e+00,3.415842675023125355e-13
1.000000000000000000e+00,8.316779999999999617e+00,3.384437735753473742e-13
1.000000000000000000e+00,8.319549999999999557e+00,3.353003234376476545e-13
1.000000000000000000e+00,8.322329999999999117e+00,3.321438220647871316e-13
1.000000000000000000e+00,8.325100000000000833e+00,3.289982215909444864e-13
1.000000000000000000e+00,8.327880000000000393e+00,3.258420376521879221e-13
1.000000000000000000e+00,8.330650000000000333e+00,3.226991758254135203e-13
1.000000000000000000e+00,8.333429999999999893e+00,3.195481258022632250e-13
1.000000000000000000e+00,8.336209999999999454e+00,3.164013995192912321e-13
1.000000000000000000e+00,8.338990000000000791e+00,3.132601341912350383e-13
1.000000000000000000e+00,8.341770000000000351e+00,3.101254421553471469e-13
1.000000000000000000e+00,8.344549999999999912e+00,3.069984104021604569e-13
1.000000000000000000e+00,8.347329999999999472e+00,3.038801001398389324e-13
1.000000000000000000e+00,8.350110000000000809e+00,3.007715463920129805e-13
1.000000000000000000e+00,8.352899999999999991e+00,2.976626351265393500e-13
1.000000000000000000e+00,8.355679999999999552e+00,2.945766369227496776e-13
1.000000000000000000e+00,8.358470000000000510e+00,2.914923121023927225e-13
1.000000000000000000e+00,8.361250000000000071e+00,2.884327000809486474e-13
1.000000000000000000e+00,8.364039999999999253e+00,2.853766953158446212e-13
1.000000000000000000e+00,8.366830000000000211e+00,2.823362092728031272e-13
1.000000000000000000e+00,8.369619999999999393e+00,2.793120939764335188e-13
1.000000000000000000e+00,8.372410000000000352e+00,2.763051728227868182e-13
1.000000000000000000e+00,8.375199999999999534e+00,2.733162404670215705e-13
1.000000000000000000e+00,8.377990000000000492e+00,2.703460627422140769e-13
1.000000000000000000e+00,8.380789999999999296e+00,2.673848365884269552e-13
1.000000000000000000e+00,8.383580000000000254e+00,2.644544237530337880e-13
1.000000000000000000e+00,8.386380000000000834e+00,2.615345020593572844e-13
1.000000000000000000e+00,8.389170000000000016e+00,2.586465802173462481e-13
1.000000000000000000e+00,8.391970000000000596e+00,2.557705824682418208e-13
1.000000000000000000e+00,8.394769999999999399e+00,2.529174979073473202e-13
1.000000000000000000e+00,8.397560000000000358e+00,2.500979598571556707e-13
1.000000000000000000e+00,8.400359999999999161e+00,2.472922962299984580e-13
1.000000000000000000e+00,8.403169999999999362e+00,2.445012797828204485e-13
1.000000000000000000e+00,8.405969999999999942e+00,2.417452610129712397e-13
1.000000000000000000e+00,8.408770000000000522e+00,2.390147192647699908e-13
1.000000000000000000e+00,8.411569999999999325e+00,2.363100824669068553e-13
1.000000000000000000e+00,8.414379999999999526e+00,2.336222329763639993e-13
1.000000000000000000e+00,8.417180000000000106e+00,2.309706752852847283e-13
1.000000000000000000e+00,8.419990000000000308e+00,2.283368180241319940e-13
1.000000000000000000e+00,8.422800000000000509e+00,2.257305013472187989e-13
1.000000000000000000e+00,8.425599999999999312e+00,2.231611471727684970e-13
1.000000000000000000e+00,8.428409999999999513e+00,2.206106713419671560e-13
1.000000000000000000e+00,8.431219999999999715e+00,2.180885430423802571e-13
1.000000000000000000e+00,8.434029999999999916e+00,2.155949799277516808e-13
1.000000000000000000e+00,8.436849999999999739e+00,2.131214545234509714e-13
1.000000000000000000e+00,8.439659999999999940e+00,2.106856778429826940e-13
1.000000000000000000e+00,8.442470000000000141e+00,2.082789707562287898e-13
1.000000000000000000e+00,8.445289999999999964e+00,2.058930443588284672e-13
1.000000000000000000e+00,8.448100000000000165e+00,2.035449168714136541e-13
1.000000000000000000e+00,8.450919999999999987e+00,2.012179498895968366e-13
1.000000000000000000e+00,8.453739999999999810e+00,1.989206040353488363e-13
1.000000000000000000e+00,8.456550000000000011e+00,1.966608983024062505e-13
1.000000000000000000e+00,8.459369999999999834e+00,1.944227578313717947e-13
1.000000000000000000e+00,8.462189999999999657e+00,1.922142644486060729e-13
1.000000000000000000e+00,8.465020000000000877e+00,1.900277114798145492e-13
1.000000000000000000e+00,8.467840000000000700e+00,1.878784988070649457e-13
1.000000000000000000e+00,8.470660000000000522e+00,1.857587757087246105e-13
1.000000000000000000e+00,8.473480000000000345e+00,1.836684516219113778e-13
1.000000000000000000e+00,8.476309999999999789e+00,1.816001612483531471e-13
1.000000000000000000e+00,8.479139999999999233e+00,1.795612418259083041e-13
1.000000000000000000e+00,8.481960000000000832e+00,1.775585988184102112e-13
1.000000000000000000e+00,8.484790000000000276e+00,1.755778683868762956e-13
1.000000000000000000e+00,8.487619999999999720e+00,1.736260265616245201e-13
1.000000000000000000e+00,8.490449999999999164e+00,1.717028809115478368e-13
1.000000000000000000e+00,8.493280000000000385e+00,1.698082242638869501e-13
1.000000000000000000e+00,8.496109999999999829e+00,1.679418353050842617e-13
1.000000000000000000e+00,8.498939999999999273e+00,1.661034791800544901e-13
1.000000000000000000e+00,8.501780000000000115e+00,1.642865592706444638e-13
1.000000000000000000e+00,8.504609999999999559e+00,1.625036098498490565e-13
1.000000000000000000e+00,8.507450000000000401e+00,1.607417565314650244e-13
1.000000000000000000e+00,8.510279999999999845e+00,1.590131227587249816e-13
1.000000000000000000e+00,8.513120000000000687e+00,1.573051960376212635e-13
1.000000000000000000e+00,8.515959999999999752e+00,1.556238252538620117e-13
1.000000000000000000e+00,8.518800000000000594e+00,1.539686938299139346e-13
1.000000000000000000e+00,8.521639999999999660e+00,1.523394761909056301e-13
1.000000000000000000e+00,8.524480000000000501e+00,1.507358383322475403e-13
1.000000000000000000e+00,8.527319999999999567e+00,1.491574383798831879e-13
1.000000000000000000e+00,8.530160000000000409e+00,1.476039271426895424e-13
1.000000000000000000e+00,8.533010000000000872e+00,1.460696078474892788e-13
1.000000000000000000e+00,8.535849999999999937e+00,1.445648843718700366e-13
1.000000000000000000e+00,8.538700000000000401e+00,1.430787893264582003e-13
1.000000000000000000e+00,8.541539999999999466e+00,1.416213772205444354e-13
1.000000000000000000e+00,8.544389999999999930e+00,1.401820038752429046e-13
1.000000000000000000e+00,8.547240000000000393e+00,1.387654561266394723e-13
1.000000000000000000e+00,8.550090000000000856e+00,1.373713441592000164e-13
1.000000000000000000e+00,8.552939999999999543e+00,1.359992748926210479e-13
1.000000000000000000e+00,8.555790000000000006e+00,1.346488524555240987e-13
1.000000000000000000e+00,8.558640000000000470e+00,1.333196786478897967e-13
1.000000000000000000e+00,8.561500000000000554e+00,1.320067990100870313e-13
1.000000000000000000e+00,8.564349999999999241e+00,1.307189918256786552e-13
1.000000000000000000e+00,8.567209999999999326e+00,1.294468142541214046e-13
1.000000000000000000e+00,8.570059999999999789e+00,1.281987583383470446e-13
1.000000000000000000e+00,8.572919999999999874e+00,1.269656594038370254e-13
1.000000000000000000e+00,8.575779999999999959e+00,1.257515235638778549e-13
1.000000000000000000e+00,8.578640000000000043e+00,1.245559440403090753e-13
1.000000000000000000e+00,8.581500000000000128e+00,1.233785150188786369e-13
1.000000000000000000e+00,8.584360000000000213e+00,1.222188320097819929e-13
1.000000000000000000e+00,8.587220000000000297e+00,1.210764921955786371e-13
1.000000000000000000e+00,8.590080000000000382e+00,1.199510947664787895e-13
1.000000000000000000e+00,8.592950000000000088e+00,1.188383926922334346e-13
1.000000000000000000e+00,8.595810000000000173e+00,1.177457430060024549e-13
1.000000000000000000e+00,8.598679999999999879e+00,1.166651089270059179e-13
1.000000000000000000e+00,8.601539999999999964e+00,1.156036302096627672e-13
1.000000000000000000e+00,8.604409999999999670e+00,1.145534948362126192e-13
1.000000000000000000e+00,8.607279999999999376e+00,1.135180545786973685e-13
1.000000000000000000e+00,8.610150000000000858e+00,1.124969270819963274e-13
1.000000000000000000e+00,8.613020000000000564e+00,1.114897342936051154e-13
1.000000000000000000e+00,8.615890000000000271e+00,1.104961026912807840e-13
1.000000000000000000e+00,8.618759999999999977e+00,1.095156634985729930e-13
1.000000000000000000e+00,8.621639999999999304e+00,1.085447034298596753e-13
1.000000000000000000e+00,8.624510000000000787e+00,1.075896055443866131e-13
1.000000000000000000e+00,8.627390000000000114e+00,1.066433580879008665e-13
1.000000000000000000e+00,8.630259999999999820e+00,1.057121833667644978e-13
1.000000000000000000e+00,8.633139999999999148e+00,1.047892475811367933e-13
1.000000000000000000e+00,8.636020000000000252e+00,1.038774757003444276e-13
1.000000000000000000e+00,8.638899999999999579e+00,1.029765338259959513e-13
1.000000000000000000e+00,8.641780000000000683e+00,1.020860941997082854e-13
1.000000000000000000e+00,8.644660000000000011e+00,1.012058353191900014e-13
1.000000000000000000e+00,8.647539999999999338e+00,1.003354420438614285e-13
1.000000000000000000e+00,8.650420000000000442e+00,9.947460569025617176e-14
1.000000000000000000e+00,8.653309999999999391e+00,9.862008301433586627e-14
1.000000000000000000e+00,8.656190000000000495e+00,9.777749130099342964e-14
1.000000000000000000e+00,8.659079999999999444e+00,9.694068822579461308e-14
1.000000000000000000e+00,8.661970000000000169e+00,9.611232988159439239e-14
1.000000000000000000e+00,8.664849999999999497e+00,9.529496240906067316e-14
1.000000000000000000e+00,8.667740000000000222e+00,9.448263921259645189e-14
1.000000000000000000e+00,8.670629999999999171e+00,9.367794807428168139e-14
1.000000000000000000e+00,8.673519999999999897e+00,9.288063170052014413e-14
1.000000000000000000e+00,8.676420000000000243e+00,9.208771764635265531e-14
1.000000000000000000e+00,8.679309999999999192e+00,9.130443029186969700e-14
1.000000000000000000e+00,8.682199999999999918e+00,9.052778698702616112e-14
1.000000000000000000e+00,8.685100000000000264e+00,8.975490416634279189e-14
1.000000000000000000e+00,8.687989999999999213e+00,8.899088910885695367e-14
1.000000000000000000e+00,8.690889999999999560e+00,8.823023755229659789e-14
1.000000000000000000e+00,8.693789999999999907e+00,8.747539319134115297e-14
1.000000000000000000e+00,8.696680000000000632e+00,8.672872661714785023e-14
1.000000000000000000e+00,8.699579999999999202e+00,8.598487448393592017e-14
1.000000000000000000e+00,8.702479999999999549e+00,8.524624017317696661e-14
1.000000000000000000e+00,8.705389999999999517e+00,8.451011958886350702e-14
1.000000000000000000e+00,8.708289999999999864e+00,8.378139531587691300e-14
1.000000000000000000e+00,8.711190000000000211e+00,8.305735972370223506e-14
1.000000000000000000e+00,8.714100000000000179e+00,8.233537660875689742e-14
1.000000000000000000e+00,8.717000000000000526e+00,8.162025140508707594e-14
1.000000000000000000e+00,8.719910000000000494e+00,8.090690139842239361e-14
1.000000000000000000e+00,8.722810000000000841e+00,8.020008565276354735e-14
1.000000000000000000e+00,8.725720000000000809e+00,7.949479161322396510e-14
1.000000000000000000e+00,8.728630000000000777e+00,7.879333149624815948e-14
1.000000000000000000e+00,8.731540000000000745e+00,7.809557947690425472e-14
1.000000000000000000e+00,8.734450000000000713e+00,7.740141585664457476e-14
1.000000000000000000e+00,8.737360000000000682e+00,7.671072696148971388e-14
1.000000000000000000e+00,8.740280000000000271e+00,7.602104879233364898e-14
1.000000000000000000e+00,8.743190000000000239e+00,7.533700294833344843e-14
1.000000000000000000e+00,8.746109999999999829e+00,7.465379114561432774e-14
1.000000000000000000e+00,8.749019999999999797e+00,7.397600203720074075e-14
1.000000000000000000e+00,8.751939999999999387e+00,7.329889150803063073e-14
1.000000000000000000e+00,8.754860000000000753e+00,7.262471339393427899e-14
1.000000000000000000e+00,8.757770000000000721e+00,7.195568666623292940e-14
1.000000000000000000e+00,8.760690000000000310e+00,7.128714330780168127e-14
1.000000000000000000e+00,8.763609999999999900e+00,7.062132219652404054e-14
1.000000000000000000e+00,8.766540000000000887e+00,6.995589666114964453e-14
1.000000000000000000e+00,8.769460000000000477e+00,6.929535343853523909e-14
1.000000000000000000e+00,8.772380000000000067e+00,6.863736637027861696e-14
1.000000000000000000e+00,8.775309999999999278e+00,6.797964894880726709e-14
1.000000000000000000e+00,8.778230000000000643e+00,6.732664905546039830e-14
1.000000000000000000e+00,8.781159999999999854e+00,6.667385659390839212e-14
1.000000000000000000e+00,8.784090000000000842e+00,6.602347871932724441e-14
1.000000000000000000e+00,8.787020000000000053e+00,6.537548618111032166e-14
1.000000000000000000e+00,8.789939999999999642e+00,6.473205324842083949e-14
1.000000000000000000e+00,8.792880000000000251e+00,6.408655990360087771e-14
1.000000000000000000e+00,8.795809999999999462e+00,6.344558706706332773e-14
1.000000000000000000e+00,8.798740000000000450e+00,6.280692111441377773e-14
1.000000000000000000e+00,8.801669999999999661e+00,6.217055142530378975e-14
1.000000000000000000e+00,8.804610000000000269e+00,6.153431053643062618e-14
1.000000000000000000e+00,8.807539999999999480e+00,6.090252254602299855e-14
1.000000000000000000e+00,8.810480000000000089e+00,6.027087393483941909e-14
1.000000000000000000e+00,8.813420000000000698e+00,5.964152690960606496e-14
1.000000000000000000e+00,8.816349999999999909e+00,5.901661524483606541e-14
1.000000000000000000e+00,8.819290000000000518e+00,5.839188095973492377e-14
1.000000000000000000e+00,8.822229999999999350e+00,5.776947106001599825e-14
1.000000000000000000e+00,8.825179999999999580e+00,5.714729324327959413e-14
1.000000000000000000e+00,8.828120000000000189e+00,5.652958088252929600e-14
1.000000000000000000e+00,8.831060000000000798e+00,5.591423836521813096e-14
1.000000000000000000e+00,8.834009999999999252e+00,5.529920451694679248e-14
1.000000000000000000e+00,8.836949999999999861e+00,5.468867075687408928e-14
1.000000000000000000e+00,8.839900000000000091e+00,5.407850752887258886e-14
1.000000000000000000e+00,8.842840000000000700e+00,5.347287697676829032e-14
1.000000000000000000e+00,8.845789999999999154e+00,5.286768643725502876e-14
1.000000000000000000e+00,8.848739999999999384e+00,5.226502904866579458e-14
1.000000000000000000e+00,8.851689999999999614e+00,5.166493527056341767e-14
1.000000000000000000e+00,8.854639999999999844e+00,5.106743695822802074e-14
1.000000000000000000e+00,8.857590000000000074e+00,5.047256725826126236e-14
1.000000000000000000e+00,8.860549999999999926e+00,4.987835759447537697e-14
1.000000000000000000e+00,8.863500000000000156e+00,4.928885842334720414e-14
1.000000000000000000e+00,8.866460000000000008e+00,4.870010982682377864e-14
1.000000000000000000e+00,8.869410000000000238e+00,4.811612725590647539e-14
1.000000000000000000e+00,8.872370000000000090e+00,4.753298990388424552e-14
1.000000000000000000e+00,8.875329999999999941e+00,4.695272133193043612e-14
1.000000000000000000e+00,8.878289999999999793e+00,4.637536139135923024e-14
1.000000000000000000e+00,8.881249999999999645e+00,4.580095047332210665e-14
1.000000000000000000e+00,8.884209999999999496e+00,4.522952942273119389e-14
1.000000000000000000e+00,8.887169999999999348e+00,4.466113945450563655e-14
1.000000000000000000e+00,8.890129999999999200e+00,4.409582207214773292e-14
1.000000000000000000e+00,8.893100000000000449e+00,4.353172497966193245e-14
1.000000000000000000e+00,8.896060000000000301e+00,4.297268877442858857e-14
1.000000000000000000e+00,8.899029999999999774e+00,4.241497839633416248e-14
