# Full model fit
#  col1: ID - 0=aliphatic, 1=7.7 complex, col2: wavelength, col3: flux density
0.000000000000000000e+00,6.601740000000000386e+00,1.958826131327577397e-14
0.000000000000000000e+00,6.608349999999999724e+00,2.080471809653231864e-14
0.000000000000000000e+00,6.614959999999999951e+00,2.205162603053424231e-14
0.000000000000000000e+00,6.621579999999999799e+00,2.332751448571715844e-14
0.000000000000000000e+00,6.628199999999999648e+00,2.462671402733841943e-14
0.000000000000000000e+00,6.634839999999999627e+00,2.594906371120324853e-14
0.000000000000000000e+00,6.641469999999999985e+00,2.728409133489098981e-14
0.000000000000000000e+00,6.648119999999999585e+00,2.863297270445665846e-14
0.000000000000000000e+00,6.654770000000000074e+00,2.998647739966688314e-14
0.000000000000000000e+00,6.661430000000000184e+00,3.134113117314239775e-14
0.000000000000000000e+00,6.668090000000000295e+00,3.268912138256821666e-14
0.000000000000000000e+00,6.674760000000000026e+00,3.402644863277927529e-14
0.000000000000000000e+00,6.681440000000000268e+00,3.534685124200396647e-14
0.000000000000000000e+00,6.688130000000000130e+00,3.664388434438899505e-14
0.000000000000000000e+00,6.694819999999999993e+00,3.790910294598658978e-14
0.000000000000000000e+00,6.701520000000000366e+00,3.913782989386355870e-14
0.000000000000000000e+00,6.708219999999999850e+00,4.032166791310827279e-14
0.000000000000000000e+00,6.714929999999999843e+00,4.145586902792977799e-14
0.000000000000000000e+00,6.721650000000000347e+00,4.253390524384399949e-14
0.000000000000000000e+00,6.728379999999999583e+00,4.354939258565045936e-14
0.000000000000000000e+00,6.735109999999999708e+00,4.449480188847387600e-14
0.000000000000000000e+00,6.741850000000000342e+00,4.536580209863553738e-14
0.000000000000000000e+00,6.748590000000000089e+00,4.615571765667982343e-14
0.000000000000000000e+00,6.755340000000000344e+00,4.686073422749172893e-14
0.000000000000000000e+00,6.762100000000000222e+00,4.747612066666068505e-14
0.000000000000000000e+00,6.768869999999999720e+00,4.799763051935413868e-14
0.000000000000000000e+00,6.775640000000000107e+00,4.842099835687874287e-14
0.000000000000000000e+00,6.782420000000000115e+00,4.874393877525080178e-14
0.000000000000000000e+00,6.789209999999999745e+00,4.896393450216185322e-14
0.000000000000000000e+00,6.796000000000000263e+00,4.907901730637205966e-14
0.000000000000000000e+00,6.802800000000000402e+00,4.908838027879343752e-14
0.000000000000000000e+00,6.809599999999999653e+00,4.899171563657134707e-14
0.000000000000000000e+00,6.816419999999999924e+00,4.878890061277100363e-14
0.000000000000000000e+00,6.823240000000000194e+00,4.848138149380540925e-14
0.000000000000000000e+00,6.830059999999999576e+00,4.807115005120410166e-14
0.000000000000000000e+00,6.836899999999999977e+00,4.755920954265540210e-14
0.000000000000000000e+00,6.843740000000000379e+00,4.694991031003512961e-14
0.000000000000000000e+00,6.850579999999999892e+00,4.624714524798626508e-14
0.000000000000000000e+00,6.857440000000000424e+00,4.545292055614021967e-14
0.000000000000000000e+00,6.864300000000000068e+00,4.457415491025864327e-14
0.000000000000000000e+00,6.871170000000000222e+00,4.361485694615029670e-14
0.000000000000000000e+00,6.878040000000000376e+00,4.258213758693704419e-14
0.000000000000000000e+00,6.884920000000000151e+00,4.148058720297254023e-14
0.000000000000000000e+00,6.891810000000000436e+00,4.031647672087455853e-14
0.000000000000000000e+00,6.898710000000000342e+00,3.909635688317851454e-14
0.000000000000000000e+00,6.905610000000000248e+00,3.782886344012342607e-14
0.000000000000000000e+00,6.912519999999999776e+00,3.651915619205642220e-14
0.000000000000000000e+00,6.919430000000000192e+00,3.517617841438462133e-14
0.000000000000000000e+00,6.926359999999999850e+00,3.380303897974538461e-14
0.000000000000000000e+00,6.933290000000000397e+00,3.241064670657163220e-14
0.000000000000000000e+00,6.940220000000000056e+00,3.100591179189241839e-14
0.000000000000000000e+00,6.941349999999999909e+00,3.077614803989146706e-14
0.000000000000000000e+00,6.947169999999999845e+00,2.959146155328788425e-14
0.000000000000000000e+00,6.948290000000000077e+00,2.936343221850776345e-14
0.000000000000000000e+00,6.954119999999999635e+00,2.817783020641669769e-14
0.000000000000000000e+00,6.955239999999999867e+00,2.795052028311894262e-14
0.000000000000000000e+00,6.961079999999999934e+00,2.676918793657799733e-14
0.000000000000000000e+00,6.962200000000000166e+00,2.654356580828810546e-14
0.000000000000000000e+00,6.968040000000000234e+00,2.537343379130833401e-14
0.000000000000000000e+00,6.969170000000000087e+00,2.514841872789754483e-14
0.000000000000000000e+00,6.975010000000000154e+00,2.399408295977029381e-14
0.000000000000000000e+00,6.976140000000000008e+00,2.377254462277441936e-14
0.000000000000000000e+00,6.981989999999999696e+00,2.263631278049897967e-14
0.000000000000000000e+00,6.983120000000000438e+00,2.241904189889846262e-14
0.000000000000000000e+00,6.988979999999999748e+00,2.130490406371877432e-14
0.000000000000000000e+00,6.990109999999999602e+00,2.109262167601498045e-14
0.000000000000000000e+00,6.995969999999999800e+00,2.000605141955959383e-14
0.000000000000000000e+00,6.997099999999999653e+00,1.979939767589554986e-14
0.000000000000000000e+00,7.002970000000000361e+00,1.874173823339079735e-14
0.000000000000000000e+00,7.004100000000000215e+00,1.854128604664790549e-14
0.000000000000000000e+00,7.009970000000000034e+00,1.751714864681776796e-14
0.000000000000000000e+00,7.011110000000000397e+00,1.732167657370292739e-14
0.000000000000000000e+00,7.016989999999999839e+00,1.633179455960412144e-14
0.000000000000000000e+00,7.018119999999999692e+00,1.614515475833922139e-14
0.000000000000000000e+00,7.024009999999999643e+00,1.519160879170291894e-14
0.000000000000000000e+00,7.025150000000000006e+00,1.501085003365403265e-14
0.000000000000000000e+00,7.031039999999999957e+00,1.409697999812509590e-14
0.000000000000000000e+00,7.032169999999999810e+00,1.392553909966091173e-14
0.000000000000000000e+00,7.038070000000000270e+00,1.305103376036419844e-14
0.000000000000000000e+00,7.039209999999999745e+00,1.288608454122419272e-14
0.000000000000000000e+00,7.045110000000000205e+00,1.205342551585896138e-14
0.000000000000000000e+00,7.046249999999999680e+00,1.189662008567370655e-14
0.000000000000000000e+00,7.052159999999999762e+00,1.110499893795060306e-14
0.000000000000000000e+00,7.053300000000000125e+00,1.095641402626444399e-14
0.000000000000000000e+00,7.059219999999999828e+00,1.020621510307549070e-14
0.000000000000000000e+00,7.060360000000000191e+00,1.006586749548745615e-14
0.000000000000000000e+00,7.066279999999999895e+00,9.358340530309329354e-15
0.000000000000000000e+00,7.067420000000000258e+00,9.226179809580405282e-15
0.000000000000000000e+00,7.073349999999999582e+00,8.559835135027744988e-15
0.000000000000000000e+00,7.074489999999999945e+00,8.435771683313281181e-15
0.000000000000000000e+00,7.081570000000000142e+00,7.694060735055272426e-15
0.000000000000000000e+00,7.088659999999999961e+00,7.000192475672175173e-15
0.000000000000000000e+00,7.095749999999999780e+00,6.353948120243329844e-15
0.000000000000000000e+00,7.102850000000000108e+00,5.753010505205598337e-15
0.000000000000000000e+00,7.109950000000000436e+00,5.196645603566579532e-15
0.000000000000000000e+00,7.117070000000000007e+00,4.681647453574875761e-15
0.000000000000000000e+00,7.124189999999999579e+00,4.207701944622200868e-15
0.000000000000000000e+00,7.131319999999999659e+00,3.772199156235544908e-15
0.000000000000000000e+00,7.138449999999999740e+00,3.373743189731319980e-15
0.000000000000000000e+00,7.145590000000000330e+00,3.009726415437014302e-15
0.000000000000000000e+00,7.152739999999999654e+00,2.678152243412896201e-15
0.000000000000000000e+00,7.159900000000000375e+00,2.377017559936330804e-15
0.000000000000000000e+00,7.167060000000000208e+00,2.104692126063817881e-15
0.000000000000000000e+00,7.174229999999999663e+00,1.858779329660163775e-15
0.000000000000000000e+00,7.181409999999999627e+00,1.637366107336308336e-15
0.000000000000000000e+00,7.188600000000000101e+00,1.438593484777440187e-15
0.000000000000000000e+00,7.195789999999999687e+00,1.260900155200345633e-15
0.000000000000000000e+00,7.202989999999999782e+00,1.102279671316784468e-15
0.000000000000000000e+00,7.210189999999999877e+00,9.612808540535303624e-16
0.000000000000000000e+00,7.217410000000000103e+00,8.359622694497344785e-16
0.000000000000000000e+00,7.224630000000000329e+00,7.252113605566689238e-16
0.000000000000000000e+00,7.231860000000000177e+00,6.274749204738662013e-16
0.000000000000000000e+00,7.239090000000000025e+00,5.415851531325150595e-16
0.000000000000000000e+00,7.246340000000000003e+00,4.661165026310510046e-16
0.000000000000000000e+00,7.253589999999999982e+00,4.001795877273043059e-16
0.000000000000000000e+00,7.260839999999999961e+00,3.427268347343759173e-16
0.000000000000000000e+00,7.268110000000000070e+00,2.926738479553637239e-16
0.000000000000000000e+00,7.275380000000000180e+00,2.493139346564407554e-16
0.000000000000000000e+00,7.282659999999999911e+00,2.118058803443938797e-16
0.000000000000000000e+00,7.289939999999999642e+00,1.794954098452625629e-16
0.000000000000000000e+00,7.297240000000000393e+00,1.516668372035725822e-16
0.000000000000000000e+00,7.304540000000000255e+00,1.278338491519920746e-16
0.000000000000000000e+00,7.311849999999999739e+00,1.074521536980424233e-16
0.000000000000000000e+00,7.319160000000000110e+00,9.009472607810287016e-17
0.000000000000000000e+00,7.326489999999999725e+00,7.531557522323347821e-17
0.000000000000000000e+00,7.333820000000000228e+00,6.280283751954000996e-17
0.000000000000000000e+00,7.341149999999999842e+00,5.223754709822319727e-17
0.000000000000000000e+00,7.348499999999999588e+00,4.331841776434597865e-17
0.000000000000000000e+00,7.355850000000000222e+00,3.583154000293515545e-17
0.000000000000000000e+00,7.363209999999999589e+00,2.955609704608255099e-17
0.000000000000000000e+00,7.370580000000000354e+00,2.431156583440819571e-17
0.000000000000000000e+00,7.377950000000000230e+00,1.994692157642940284e-17
0.000000000000000000e+00,7.385329999999999728e+00,1.631988450175055435e-17
0.000000000000000000e+00,7.392719999999999736e+00,1.331471999676356715e-17
0.000000000000000000e+00,7.400120000000000253e+00,1.083218951220636811e-17
0.000000000000000000e+00,7.407519999999999882e+00,8.789993734145229894e-18
0.000000000000000000e+00,7.414930000000000021e+00,7.112530240966182893e-18
0.000000000000000000e+00,7.422349999999999781e+00,5.738764684569582076e-18
0.000000000000000000e+00,7.429780000000000051e+00,4.617074890532114638e-18
0.000000000000000000e+00,7.437210000000000321e+00,3.705053569592015608e-18
0.000000000000000000e+00,7.444650000000000212e+00,2.964628234516137311e-18
0.000000000000000000e+00,7.452099999999999724e+00,2.365318526217045178e-18
0.000000000000000000e+00,7.459559999999999746e+00,1.881690240250639397e-18
0.000000000000000000e+00,7.467019999999999769e+00,1.493057838242320585e-18
0.000000000000000000e+00,7.474490000000000300e+00,1.181240090664680206e-18
0.000000000000000000e+00,7.481969999999999565e+00,9.318118334911160981e-19
0.000000000000000000e+00,7.489449999999999719e+00,7.331320368445763914e-19
0.000000000000000000e+00,7.496950000000000003e+00,5.749327949454631426e-19
0.000000000000000000e+00,7.504450000000000287e+00,4.496864651922133521e-19
0.000000000000000000e+00,7.511960000000000193e+00,3.506839088453888737e-19
0.000000000000000000e+00,7.519470000000000098e+00,2.727574762834035973e-19
0.000000000000000000e+00,7.526989999999999625e+00,2.115167071868521661e-19
0.000000000000000000e+00,7.534530000000000172e+00,1.634805739998903338e-19
0.000000000000000000e+00,7.542060000000000208e+00,1.260619268320327128e-19
0.000000000000000000e+00,7.549610000000000376e+00,9.688265049708460723e-20
0.000000000000000000e+00,7.557159999999999656e+00,7.425926612087061506e-20
0.000000000000000000e+00,7.564720000000000333e+00,5.674695861950101904e-20
0.000000000000000000e+00,7.572289999999999743e+00,4.323318372760625754e-20
0.000000000000000000e+00,7.579869999999999663e+00,3.283748795089089173e-20
0.000000000000000000e+00,7.587449999999999584e+00,2.487459328863171355e-20
0.000000000000000000e+00,7.595040000000000013e+00,1.878512000881048336e-20
0.000000000000000000e+00,7.602640000000000065e+00,1.414292567521443840e-20
0.000000000000000000e+00,7.610249999999999737e+00,1.061517637412307553e-20
0.000000000000000000e+00,7.617860000000000298e+00,7.945830037311398847e-21
0.000000000000000000e+00,7.625479999999999592e+00,5.929359974170534409e-21
0.000000000000000000e+00,7.633110000000000284e+00,4.410910150121932701e-21
0.000000000000000000e+00,7.640749999999999709e+00,3.271114945332206126e-21
0.000000000000000000e+00,7.648399999999999643e+00,2.418276443140819070e-21
1.000000000000000000e+00,7.102850000000000108e+00,3.579651864137671352e-16
1.000000000000000000e+00,7.109950000000000436e+00,4.073984111420417361e-16
1.000000000000000000e+00,7.117070000000000007e+00,4.633794317105649535e-16
1.000000000000000000e+00,7.124189999999999579e+00,5.265341842221157338e-16
1.000000000000000000e+00,7.131319999999999659e+00,5.978031194103453087e-16
1.000000000000000000e+00,7.138449999999999740e+00,6.780250089023953115e-16
1.000000000000000000e+00,7.145590000000000330e+00,7.683469476562111326e-16
1.000000000000000000e+00,7.152739999999999654e+00,8.699288140142866792e-16
1.000000000000000000e+00,7.159900000000000375e+00,9.840458642579889927e-16
1.000000000000000000e+00,7.167060000000000208e+00,1.111908658550390188e-15
1.000000000000000000e+00,7.174229999999999663e+00,1.255193950985559890e-15
1.000000000000000000e+00,7.181409999999999627e+00,1.415569808039700056e-15
1.000000000000000000e+00,7.188600000000000101e+00,1.594855427877488363e-15
1.000000000000000000e+00,7.195789999999999687e+00,1.794737330476267809e-15
1.000000000000000000e+00,7.202989999999999782e+00,2.017592505742389165e-15
1.000000000000000000e+00,7.210189999999999877e+00,2.265377880133961332e-15
1.000000000000000000e+00,7.217410000000000103e+00,2.541285816569130610e-15
1.000000000000000000e+00,7.224630000000000329e+00,2.847247158676664520e-15
1.000000000000000000e+00,7.231860000000000177e+00,3.186520076053308325e-15
1.000000000000000000e+00,7.239090000000000025e+00,3.561665887713171221e-15
1.000000000000000000e+00,7.246340000000000003e+00,3.977042498150337302e-15
1.000000000000000000e+00,7.253589999999999982e+00,4.435040728512706347e-15
1.000000000000000000e+00,7.260839999999999961e+00,4.939236011101184444e-15
1.000000000000000000e+00,7.268110000000000070e+00,5.495003429621271552e-15
1.000000000000000000e+00,7.275380000000000180e+00,6.105021206382276523e-15
1.000000000000000000e+00,7.282659999999999911e+00,6.774450095412298396e-15
1.000000000000000000e+00,7.289939999999999642e+00,7.506896673544189120e-15
1.000000000000000000e+00,7.297240000000000393e+00,8.309247159037376304e-15
1.000000000000000000e+00,7.304540000000000255e+00,9.184381909210053633e-15
1.000000000000000000e+00,7.311849999999999739e+00,1.013862794839593419e-14
1.000000000000000000e+00,7.319160000000000110e+00,1.117597133709111860e-14
1.000000000000000000e+00,7.326489999999999725e+00,1.230488063037747188e-14
1.000000000000000000e+00,7.333820000000000228e+00,1.352804778188061265e-14
1.000000000000000000e+00,7.341149999999999842e+00,1.485096922641288395e-14
1.000000000000000000e+00,7.348499999999999588e+00,1.628324149767523444e-14
1.000000000000000000e+00,7.355850000000000222e+00,1.782701214765736528e-14
1.000000000000000000e+00,7.363209999999999589e+00,1.949022774810488078e-14
1.000000000000000000e+00,7.370580000000000354e+00,2.127895263252280193e-14
1.000000000000000000e+00,7.377950000000000230e+00,2.319650891123131457e-14
1.000000000000000000e+00,7.385329999999999728e+00,2.525113212587178614e-14
1.000000000000000000e+00,7.392719999999999736e+00,2.744856671722002738e-14
1.000000000000000000e+00,7.400120000000000253e+00,2.979435304378049017e-14
1.000000000000000000e+00,7.407519999999999882e+00,3.229029210782295844e-14
1.000000000000000000e+00,7.414930000000000021e+00,3.494438904719652482e-14
1.000000000000000000e+00,7.422349999999999781e+00,3.776119051439039282e-14
1.000000000000000000e+00,7.429780000000000051e+00,4.074478828942798067e-14
1.000000000000000000e+00,7.437210000000000321e+00,4.389439816198499474e-14
1.000000000000000000e+00,7.444650000000000212e+00,4.721688902027800222e-14
1.000000000000000000e+00,7.452099999999999724e+00,5.071456243893129366e-14
1.000000000000000000e+00,7.459559999999999746e+00,5.438898712174436869e-14
1.000000000000000000e+00,7.467019999999999769e+00,5.823565707875692469e-14
1.000000000000000000e+00,7.474490000000000300e+00,6.225927966321535750e-14
1.000000000000000000e+00,7.481969999999999565e+00,6.645881969459451947e-14
1.000000000000000000e+00,7.489449999999999719e+00,7.082629767203694494e-14
1.000000000000000000e+00,7.496950000000000003e+00,7.537031372311235163e-14
1.000000000000000000e+00,7.504450000000000287e+00,8.007457816133345494e-14
1.000000000000000000e+00,7.511960000000000193e+00,8.493972762654169911e-14
1.000000000000000000e+00,7.519470000000000098e+00,8.995249552408654229e-14
1.000000000000000000e+00,7.526989999999999625e+00,9.511158038583082510e-14
1.000000000000000000e+00,7.534530000000000172e+00,1.004151905995593779e-13
1.000000000000000000e+00,7.542060000000000208e+00,1.058318290808083560e-13
1.000000000000000000e+00,7.549610000000000376e+00,1.113714536166835623e-13
1.000000000000000000e+00,7.557159999999999656e+00,1.170068046491654459e-13
1.000000000000000000e+00,7.564720000000000333e+00,1.227313755177622632e-13
1.000000000000000000e+00,7.572289999999999743e+00,1.285302227625684934e-13
1.000000000000000000e+00,7.579869999999999663e+00,1.343872811008328062e-13
1.000000000000000000e+00,7.587449999999999584e+00,1.402776380429933411e-13
1.000000000000000000e+00,7.595040000000000013e+00,1.461909459421904300e-13
1.000000000000000000e+00,7.602640000000000065e+00,1.521082591094819653e-13
1.000000000000000000e+00,7.610249999999999737e+00,1.580098276576758735e-13
1.000000000000000000e+00,7.617860000000000298e+00,1.638675461294938653e-13
1.000000000000000000e+00,7.625479999999999592e+00,1.696682487323347783e-13
1.000000000000000000e+00,7.633110000000000284e+00,1.753905486772347144e-13
1.000000000000000000e+00,7.640749999999999709e+00,1.810127503002636597e-13
1.000000000000000000e+00,7.648399999999999643e+00,1.865129941165013096e-13
1.000000000000000000e+00,7.656049999999999578e+00,1.918625233242499622e-13
1.000000000000000000e+00,7.663710000000000022e+00,1.970469723355957860e-13
1.000000000000000000e+00,7.671380000000000088e+00,2.020449983282969353e-13
1.000000000000000000e+00,7.679050000000000153e+00,2.068296303792725766e-13
1.000000000000000000e+00,7.686729999999999841e+00,2.113873332936722559e-13
1.000000000000000000e+00,7.694420000000000037e+00,2.156987016524332860e-13
1.000000000000000000e+00,7.702119999999999855e+00,2.197452601869921371e-13
1.000000000000000000e+00,7.709830000000000183e+00,2.235096120122566700e-13
1.000000000000000000e+00,7.717539999999999623e+00,2.269712922806207561e-13
1.000000000000000000e+00,7.725259999999999572e+00,2.301206001974220476e-13
1.000000000000000000e+00,7.732990000000000030e+00,2.329442272904535543e-13
1.000000000000000000e+00,7.740730000000000111e+00,2.354304379687358867e-13
1.000000000000000000e+00,7.748470000000000191e+00,2.375666341550429537e-13
1.000000000000000000e+00,7.756230000000000402e+00,2.393500231212168081e-13
1.000000000000000000e+00,7.763989999999999725e+00,2.407695149665051282e-13
1.000000000000000000e+00,7.771749999999999936e+00,2.418218866872425947e-13
1.000000000000000000e+00,7.779530000000000278e+00,2.425070990391743197e-13
1.000000000000000000e+00,7.787309999999999732e+00,2.428225316430694885e-13
1.000000000000000000e+00,7.795099999999999696e+00,2.427703282744112370e-13
1.000000000000000000e+00,7.802900000000000169e+00,2.423533763953257104e-13
1.000000000000000000e+00,7.810710000000000264e+00,2.415763881209665167e-13
1.000000000000000000e+00,7.818520000000000358e+00,2.404475135095729059e-13
1.000000000000000000e+00,7.826349999999999696e+00,2.389720356326921277e-13
1.000000000000000000e+00,7.834179999999999922e+00,2.371634940881460409e-13
1.000000000000000000e+00,7.842019999999999769e+00,2.350314957403484828e-13
1.000000000000000000e+00,7.849859999999999616e+00,2.325920213607119424e-13
1.000000000000000000e+00,7.857719999999999594e+00,2.298527972658172667e-13
1.000000000000000000e+00,7.865579999999999572e+00,2.268358734473888439e-13
1.000000000000000000e+00,7.873450000000000060e+00,2.235540322889284453e-13
1.000000000000000000e+00,7.881319999999999659e+00,2.200288651966397427e-13
1.000000000000000000e+00,7.889210000000000278e+00,2.162690979355709856e-13
1.000000000000000000e+00,7.897100000000000009e+00,2.123025070265855701e-13
1.000000000000000000e+00,7.905000000000000249e+00,2.081431412098679679e-13
1.000000000000000000e+00,7.912910000000000110e+00,2.038099820287911336e-13
1.000000000000000000e+00,7.920829999999999593e+00,1.993221789312789773e-13
1.000000000000000000e+00,7.928749999999999964e+00,1.947048188782304869e-13
1.000000000000000000e+00,7.936689999999999579e+00,1.899653107931210026e-13
1.000000000000000000e+00,7.944630000000000081e+00,1.851344152762106808e-13
1.000000000000000000e+00,7.952580000000000204e+00,1.802247051512883940e-13
1.000000000000000000e+00,7.960530000000000328e+00,1.752604994635739668e-13
1.000000000000000000e+00,7.968499999999999694e+00,1.702468177572565301e-13
1.000000000000000000e+00,7.976469999999999949e+00,1.652131175580348757e-13
1.000000000000000000e+00,7.984449999999999825e+00,1.601693123454784510e-13
1.000000000000000000e+00,7.992440000000000211e+00,1.551308519819217965e-13
1.000000000000000000e+00,8.000429999999999708e+00,1.501186516990671956e-13
1.000000000000000000e+00,8.008440000000000225e+00,1.451339902177232214e-13
1.000000000000000000e+00,8.016450000000000742e+00,1.402022628326777564e-13
1.000000000000000000e+00,8.024470000000000880e+00,1.353292822696124176e-13
1.000000000000000000e+00,8.032500000000000639e+00,1.305262290535985333e-13
1.000000000000000000e+00,8.040540000000000020e+00,1.258033977329247522e-13
1.000000000000000000e+00,8.048579999999999401e+00,1.211758943258667918e-13
1.000000000000000000e+00,8.056630000000000180e+00,1.166463022334794369e-13
1.000000000000000000e+00,8.064690000000000580e+00,1.122222865884065836e-13
1.000000000000000000e+00,8.072760000000000602e+00,1.079106869266985907e-13
1.000000000000000000e+00,8.080840000000000245e+00,1.037175437705679460e-13
1.000000000000000000e+00,8.088929999999999509e+00,9.964812854232963504e-14
1.000000000000000000e+00,8.097020000000000550e+00,9.571175792946475533e-14
1.000000000000000000e+00,8.105119999999999436e+00,9.190714086226915228e-14
1.000000000000000000e+00,8.113229999999999720e+00,8.823743282437681765e-14
1.000000000000000000e+00,8.121349999999999625e+00,8.470516030164039205e-14
1.000000000000000000e+00,8.129469999999999530e+00,8.131634024350204097e-14
1.000000000000000000e+00,8.137600000000000833e+00,7.806790375320674723e-14
1.000000000000000000e+00,8.145749999999999602e+00,7.495696723101135299e-14
1.000000000000000000e+00,8.153900000000000148e+00,7.199151532068070772e-14
1.000000000000000000e+00,8.162050000000000693e+00,6.917089979924027562e-14
1.000000000000000000e+00,8.170220000000000482e+00,6.648764885550377028e-14
1.000000000000000000e+00,8.178390000000000271e+00,6.394737195907551306e-14
1.000000000000000000e+00,8.186579999999999302e+00,6.154250103381577212e-14
1.000000000000000000e+00,8.194770000000000110e+00,5.927719537343851782e-14
1.000000000000000000e+00,8.202970000000000539e+00,5.714637382627359093e-14
1.000000000000000000e+00,8.211169999999999192e+00,5.515000136918029321e-14
1.000000000000000000e+00,8.219390000000000640e+00,5.328050874398271367e-14
1.000000000000000000e+00,8.227610000000000312e+00,5.153945023737870208e-14
1.000000000000000000e+00,8.235839999999999606e+00,4.992119520806188984e-14
1.000000000000000000e+00,8.244080000000000297e+00,4.842219354595307551e-14
1.000000000000000000e+00,8.252330000000000609e+00,4.703863384265562194e-14
1.000000000000000000e+00,8.260590000000000543e+00,4.576645520386275944e-14
1.000000000000000000e+00,8.268850000000000477e+00,4.460270435656234571e-14
1.000000000000000000e+00,8.277129999999999654e+00,4.354004486262975115e-14
1.000000000000000000e+00,8.285410000000000608e+00,4.257632119952915708e-14
1.000000000000000000e+00,8.293699999999999406e+00,4.170527354259225561e-14
1.000000000000000000e+00,8.301999999999999602e+00,4.092180501793988417e-14
1.000000000000000000e+00,8.310299999999999798e+00,4.022144879523807176e-14
1.000000000000000000e+00,8.318619999999999237e+00,3.959711193053632195e-14
1.000000000000000000e+00,8.326940000000000452e+00,3.904477017383125245e-14
1.000000000000000000e+00,8.335269999999999513e+00,3.855800015369377863e-14
1.000000000000000000e+00,8.343609999999999971e+00,3.813108851317920923e-14
1.000000000000000000e+00,8.351960000000000051e+00,3.775825950761088192e-14
1.000000000000000000e+00,8.360310000000000130e+00,3.743406149662917412e-14
1.000000000000000000e+00,8.368679999999999453e+00,3.715189973623834530e-14
1.000000000000000000e+00,8.377050000000000551e+00,3.690665650621784258e-14
1.000000000000000000e+00,8.385429999999999495e+00,3.669223057964667723e-14
1.000000000000000000e+00,8.393819999999999837e+00,3.650296069578503030e-14
1.000000000000000000e+00,8.402219999999999800e+00,3.633330052527041802e-14
1.000000000000000000e+00,8.410629999999999384e+00,3.617786294120155506e-14
1.000000000000000000e+00,8.419040000000000745e+00,3.603164897748632495e-14
1.000000000000000000e+00,8.427459999999999951e+00,3.588961647183250520e-14
1.000000000000000000e+00,8.435900000000000176e+00,3.574717517523268605e-14
1.000000000000000000e+00,8.444340000000000401e+00,3.560087447730736666e-14
1.000000000000000000e+00,8.452780000000000626e+00,3.544791092198654149e-14
1.000000000000000000e+00,8.461240000000000094e+00,3.528657797168740774e-14
1.000000000000000000e+00,8.469709999999999184e+00,3.511796923430781234e-14
1.000000000000000000e+00,8.478180000000000049e+00,3.494662355071244476e-14
1.000000000000000000e+00,8.486660000000000537e+00,3.478169564626982421e-14
1.000000000000000000e+00,8.495150000000000645e+00,3.463971413987411261e-14
1.000000000000000000e+00,8.503650000000000375e+00,3.454706340102442140e-14
1.000000000000000000e+00,8.512159999999999727e+00,3.454303525608229881e-14
1.000000000000000000e+00,8.520680000000000476e+00,3.468289633771558766e-14
1.000000000000000000e+00,8.529199999999999449e+00,3.503976496482928609e-14
1.000000000000000000e+00,8.537739999999999441e+00,3.570744738154407425e-14
1.000000000000000000e+00,8.546279999999999433e+00,3.679481128094274419e-14
1.000000000000000000e+00,8.554830000000000823e+00,3.842482530253486972e-14
1.000000000000000000e+00,8.563390000000000057e+00,4.072162725548410215e-14
1.000000000000000000e+00,8.571960000000000690e+00,4.379564869402387165e-14
1.000000000000000000e+00,8.580529999999999546e+00,4.771853568076456017e-14
1.000000000000000000e+00,8.589119999999999422e+00,5.251987142674816955e-14
1.000000000000000000e+00,8.597709999999999297e+00,5.813078911435073102e-14
1.000000000000000000e+00,8.606310000000000571e+00,6.440370137810624929e-14
1.000000000000000000e+00,8.614919999999999689e+00,7.108346249042426667e-14
1.000000000000000000e+00,8.623540000000000205e+00,7.781851775949539902e-14
1.000000000000000000e+00,8.632170000000000343e+00,8.418273014883907118e-14
1.000000000000000000e+00,8.640810000000000102e+00,8.971244608022872401e-14
1.000000000000000000e+00,8.649449999999999861e+00,9.395105686566009161e-14
1.000000000000000000e+00,8.658099999999999241e+00,9.651861810441978693e-14
1.000000000000000000e+00,8.666769999999999641e+00,9.714123182538487719e-14
1.000000000000000000e+00,8.675440000000000040e+00,9.569454833553642818e-14
1.000000000000000000e+00,8.684120000000000061e+00,9.222612206464343358e-14
1.000000000000000000e+00,8.692809999999999704e+00,8.694510736715271715e-14
1.000000000000000000e+00,8.701499999999999346e+00,8.020570374973622245e-14
1.000000000000000000e+00,8.710210000000000008e+00,7.243034416083093078e-14
1.000000000000000000e+00,8.718920000000000670e+00,6.411345395611479754e-14
1.000000000000000000e+00,8.727650000000000574e+00,5.569920946713393325e-14
1.000000000000000000e+00,8.736380000000000479e+00,4.761015263646061727e-14
1.000000000000000000e+00,8.745120000000000005e+00,4.014887093716771421e-14
1.000000000000000000e+00,8.753869999999999152e+00,3.352220471887450318e-14
1.000000000000000000e+00,8.762629999999999697e+00,2.783252442039596053e-14
1.000000000000000000e+00,8.771399999999999864e+00,2.309122837359399094e-14
1.000000000000000000e+00,8.780170000000000030e+00,1.924397915252409627e-14
1.000000000000000000e+00,8.788959999999999440e+00,1.617841394853797274e-14
1.000000000000000000e+00,8.797750000000000625e+00,1.377555675272491720e-14
1.000000000000000000e+00,8.806549999999999656e+00,1.190181654165455334e-14
1.000000000000000000e+00,8.815360000000000085e+00,1.043686380972109098e-14
1.000000000000000000e+00,8.824180000000000135e+00,9.277413431214345250e-15
1.000000000000000000e+00,8.833009999999999806e+00,8.340272022096013450e-15
1.000000000000000000e+00,8.841850000000000875e+00,7.562007080021783329e-15
1.000000000000000000e+00,8.850690000000000168e+00,6.897263655700856880e-15
1.000000000000000000e+00,8.859550000000000480e+00,6.312570880595798816e-15
1.000000000000000000e+00,8.868410000000000792e+00,5.787939893929412365e-15
1.000000000000000000e+00,8.877290000000000347e+00,5.308422715459385150e-15
1.000000000000000000e+00,8.886169999999999902e+00,4.866468624105384227e-15
1.000000000000000000e+00,8.895060000000000855e+00,4.456169336173609778e-15
