hd179218_SWS_CWsubFitting and integrated flux data

Section 1: Aliphatic features
Gaussian fitting parameters for 6.9 and 7.2 micron features
[4.90973778e-14 6.80000000e+00 1.46248645e-01 1.00000000e-14
 7.19024429e+00 0.00000000e+00]
Errors on aliphatic fitting parameters
[4.22083145e-15 0.00000000e+00 1.61816785e-02 0.00000000e+00
 0.00000000e+00 0.00000000e+00]
Fit model - aliphatic features
[6.60174 6.60835 6.61496 6.62158 6.6282  6.63484 6.64147 6.64812 6.65477
 6.66143 6.66809 6.67476 6.68144 6.68813 6.69482 6.70152 6.70822 6.71493
 6.72165 6.72838 6.73511 6.74185 6.74859 6.75534 6.7621  6.76887 6.77564
 6.78242 6.78921 6.796   6.8028  6.8096  6.81642 6.82324 6.83006 6.8369
 6.84374 6.85058 6.85744 6.8643  6.87117 6.87804 6.88492 6.89181 6.89871
 6.90561 6.91252 6.91943 6.92636 6.93329 6.94022 6.94135 6.94717 6.94829
 6.95412 6.95524 6.96108 6.9622  6.96804 6.96917 6.97501 6.97614 6.98199
 6.98312 6.98898 6.99011 6.99597 6.9971  7.00297 7.0041  7.00997 7.01111
 7.01699 7.01812 7.02401 7.02515 7.03104 7.03217 7.03807 7.03921 7.04511
 7.04625 7.05216 7.0533  7.05922 7.06036 7.06628 7.06742 7.07335 7.07449
 7.08157 7.08866 7.09575 7.10285 7.10995 7.11707 7.12419 7.13132 7.13845
 7.14559 7.15274 7.1599  7.16706 7.17423 7.18141 7.1886  7.19579 7.20299
 7.21019 7.21741 7.22463 7.23186 7.23909 7.24634 7.25359 7.26084 7.26811
 7.27538 7.28266 7.28994 7.29724 7.30454 7.31185 7.31916 7.32649 7.33382
 7.34115 7.3485  7.35585 7.36321 7.37058 7.37795 7.38533 7.39272 7.40012
 7.40752 7.41493 7.42235 7.42978 7.43721 7.44465 7.4521  7.45956 7.46702
 7.47449 7.48197 7.48945 7.49695 7.50445 7.51196 7.51947 7.52699 7.53453
 7.54206 7.54961 7.55716 7.56472 7.57229 7.57987 7.58745 7.59504 7.60264
 7.61025 7.61786 7.62548 7.63311 7.64075 7.6484 ]
[1.95882613e-14 2.08047181e-14 2.20516260e-14 2.33275145e-14
 2.46267140e-14 2.59490637e-14 2.72840913e-14 2.86329727e-14
 2.99864774e-14 3.13411312e-14 3.26891214e-14 3.40264486e-14
 3.53468512e-14 3.66438843e-14 3.79091029e-14 3.91378299e-14
 4.03216679e-14 4.14558690e-14 4.25339052e-14 4.35493926e-14
 4.44948019e-14 4.53658021e-14 4.61557177e-14 4.68607342e-14
 4.74761207e-14 4.79976305e-14 4.84209984e-14 4.87439388e-14
 4.89639345e-14 4.90790173e-14 4.90883803e-14 4.89917156e-14
 4.87889006e-14 4.84813815e-14 4.80711501e-14 4.75592095e-14
 4.69499103e-14 4.62471452e-14 4.54529206e-14 4.45741549e-14
 4.36148569e-14 4.25821376e-14 4.14805872e-14 4.03164767e-14
 3.90963569e-14 3.78288634e-14 3.65191562e-14 3.51761784e-14
 3.38030390e-14 3.24106467e-14 3.10059118e-14 3.07761480e-14
 2.95914616e-14 2.93634322e-14 2.81778302e-14 2.79505203e-14
 2.67691879e-14 2.65435658e-14 2.53734338e-14 2.51484187e-14
 2.39940830e-14 2.37725446e-14 2.26363128e-14 2.24190419e-14
 2.13049041e-14 2.10926217e-14 2.00060514e-14 1.97993977e-14
 1.87417382e-14 1.85412860e-14 1.75171486e-14 1.73216766e-14
 1.63317946e-14 1.61451548e-14 1.51916088e-14 1.50108500e-14
 1.40969800e-14 1.39255391e-14 1.30510338e-14 1.28860845e-14
 1.20534255e-14 1.18966201e-14 1.11049989e-14 1.09564140e-14
 1.02062151e-14 1.00658675e-14 9.35834053e-15 9.22617981e-15
 8.55983514e-15 8.43577168e-15 7.69406074e-15 7.00019248e-15
 6.35394812e-15 5.75301051e-15 5.19664560e-15 4.68164745e-15
 4.20770194e-15 3.77219916e-15 3.37374319e-15 3.00972642e-15
 2.67815224e-15 2.37701756e-15 2.10469213e-15 1.85877933e-15
 1.63736611e-15 1.43859348e-15 1.26090016e-15 1.10227967e-15
 9.61280854e-16 8.35962269e-16 7.25211361e-16 6.27474920e-16
 5.41585153e-16 4.66116503e-16 4.00179588e-16 3.42726835e-16
 2.92673848e-16 2.49313935e-16 2.11805880e-16 1.79495410e-16
 1.51666837e-16 1.27833849e-16 1.07452154e-16 9.00947261e-17
 7.53155752e-17 6.28028375e-17 5.22375471e-17 4.33184178e-17
 3.58315400e-17 2.95560970e-17 2.43115658e-17 1.99469216e-17
 1.63198845e-17 1.33147200e-17 1.08321895e-17 8.78999373e-18
 7.11253024e-18 5.73876468e-18 4.61707489e-18 3.70505357e-18
 2.96462823e-18 2.36531853e-18 1.88169024e-18 1.49305784e-18
 1.18124009e-18 9.31811833e-19 7.33132037e-19 5.74932795e-19
 4.49686465e-19 3.50683909e-19 2.72757476e-19 2.11516707e-19
 1.63480574e-19 1.26061927e-19 9.68826505e-20 7.42592661e-20
 5.67469586e-20 4.32331837e-20 3.28374880e-20 2.48745933e-20
 1.87851200e-20 1.41429257e-20 1.06151764e-20 7.94583004e-21
 5.92935997e-21 4.41091015e-21 3.27111495e-21 2.41827644e-21]

Integrated fluxes of aliphatic features
6.9 micron feature 1.6421848981505386e-14
7.2 micron feature 0.0
S/N of 6.9: 0.7070017623945584
S/N of 7.2: nan

Section 2: 7.7 micron complex
Gaussian fitting parameters for 7.7 micron complex
[1.02417861e-13 7.90000000e+00 2.24749842e-01 1.55949973e-13
 7.75000000e+00 1.75055232e-01 3.12695612e-14 8.50000000e+00
 2.00000000e-01 7.47948556e-14 8.66857166e+00 5.19958802e-02]
Errors on fitting parameters
[5.64555167e-15 0.00000000e+00 1.09817862e-02 5.52490848e-15
 0.00000000e+00 6.51242256e-03 3.50836571e-15 0.00000000e+00
 0.00000000e+00 4.99090518e-15 3.14371897e-03 3.88756432e-03]
Fit model - 7.7 micron complex
[7.10285 7.10995 7.11707 7.12419 7.13132 7.13845 7.14559 7.15274 7.1599
 7.16706 7.17423 7.18141 7.1886  7.19579 7.20299 7.21019 7.21741 7.22463
 7.23186 7.23909 7.24634 7.25359 7.26084 7.26811 7.27538 7.28266 7.28994
 7.29724 7.30454 7.31185 7.31916 7.32649 7.33382 7.34115 7.3485  7.35585
 7.36321 7.37058 7.37795 7.38533 7.39272 7.40012 7.40752 7.41493 7.42235
 7.42978 7.43721 7.44465 7.4521  7.45956 7.46702 7.47449 7.48197 7.48945
 7.49695 7.50445 7.51196 7.51947 7.52699 7.53453 7.54206 7.54961 7.55716
 7.56472 7.57229 7.57987 7.58745 7.59504 7.60264 7.61025 7.61786 7.62548
 7.63311 7.64075 7.6484  7.65605 7.66371 7.67138 7.67905 7.68673 7.69442
 7.70212 7.70983 7.71754 7.72526 7.73299 7.74073 7.74847 7.75623 7.76399
 7.77175 7.77953 7.78731 7.7951  7.8029  7.81071 7.81852 7.82635 7.83418
 7.84202 7.84986 7.85772 7.86558 7.87345 7.88132 7.88921 7.8971  7.905
 7.91291 7.92083 7.92875 7.93669 7.94463 7.95258 7.96053 7.9685  7.97647
 7.98445 7.99244 8.00043 8.00844 8.01645 8.02447 8.0325  8.04054 8.04858
 8.05663 8.06469 8.07276 8.08084 8.08893 8.09702 8.10512 8.11323 8.12135
 8.12947 8.1376  8.14575 8.1539  8.16205 8.17022 8.17839 8.18658 8.19477
 8.20297 8.21117 8.21939 8.22761 8.23584 8.24408 8.25233 8.26059 8.26885
 8.27713 8.28541 8.2937  8.302   8.3103  8.31862 8.32694 8.33527 8.34361
 8.35196 8.36031 8.36868 8.37705 8.38543 8.39382 8.40222 8.41063 8.41904
 8.42746 8.4359  8.44434 8.45278 8.46124 8.46971 8.47818 8.48666 8.49515
 8.50365 8.51216 8.52068 8.5292  8.53774 8.54628 8.55483 8.56339 8.57196
 8.58053 8.58912 8.59771 8.60631 8.61492 8.62354 8.63217 8.64081 8.64945
 8.6581  8.66677 8.67544 8.68412 8.69281 8.7015  8.71021 8.71892 8.72765
 8.73638 8.74512 8.75387 8.76263 8.7714  8.78017 8.78896 8.79775 8.80655
 8.81536 8.82418 8.83301 8.84185 8.85069 8.85955 8.86841 8.87729 8.88617
 8.89506]
[3.57965186e-16 4.07398411e-16 4.63379432e-16 5.26534184e-16
 5.97803119e-16 6.78025009e-16 7.68346948e-16 8.69928814e-16
 9.84045864e-16 1.11190866e-15 1.25519395e-15 1.41556981e-15
 1.59485543e-15 1.79473733e-15 2.01759251e-15 2.26537788e-15
 2.54128582e-15 2.84724716e-15 3.18652008e-15 3.56166589e-15
 3.97704250e-15 4.43504073e-15 4.93923601e-15 5.49500343e-15
 6.10502121e-15 6.77445010e-15 7.50689667e-15 8.30924716e-15
 9.18438191e-15 1.01386279e-14 1.11759713e-14 1.23048806e-14
 1.35280478e-14 1.48509692e-14 1.62832415e-14 1.78270121e-14
 1.94902277e-14 2.12789526e-14 2.31965089e-14 2.52511321e-14
 2.74485667e-14 2.97943530e-14 3.22902921e-14 3.49443890e-14
 3.77611905e-14 4.07447883e-14 4.38943982e-14 4.72168890e-14
 5.07145624e-14 5.43889871e-14 5.82356571e-14 6.22592797e-14
 6.64588197e-14 7.08262977e-14 7.53703137e-14 8.00745782e-14
 8.49397276e-14 8.99524955e-14 9.51115804e-14 1.00415191e-13
 1.05831829e-13 1.11371454e-13 1.17006805e-13 1.22731376e-13
 1.28530223e-13 1.34387281e-13 1.40277638e-13 1.46190946e-13
 1.52108259e-13 1.58009828e-13 1.63867546e-13 1.69668249e-13
 1.75390549e-13 1.81012750e-13 1.86512994e-13 1.91862523e-13
 1.97046972e-13 2.02044998e-13 2.06829630e-13 2.11387333e-13
 2.15698702e-13 2.19745260e-13 2.23509612e-13 2.26971292e-13
 2.30120600e-13 2.32944227e-13 2.35430438e-13 2.37566634e-13
 2.39350023e-13 2.40769515e-13 2.41821887e-13 2.42507099e-13
 2.42822532e-13 2.42770328e-13 2.42353376e-13 2.41576388e-13
 2.40447514e-13 2.38972036e-13 2.37163494e-13 2.35031496e-13
 2.32592021e-13 2.29852797e-13 2.26835873e-13 2.23554032e-13
 2.20028865e-13 2.16269098e-13 2.12302507e-13 2.08143141e-13
 2.03809982e-13 1.99322179e-13 1.94704819e-13 1.89965311e-13
 1.85134415e-13 1.80224705e-13 1.75260499e-13 1.70246818e-13
 1.65213118e-13 1.60169312e-13 1.55130852e-13 1.50118652e-13
 1.45133990e-13 1.40202263e-13 1.35329282e-13 1.30526229e-13
 1.25803398e-13 1.21175894e-13 1.16646302e-13 1.12222287e-13
 1.07910687e-13 1.03717544e-13 9.96481285e-14 9.57117579e-14
 9.19071409e-14 8.82374328e-14 8.47051603e-14 8.13163402e-14
 7.80679038e-14 7.49569672e-14 7.19915153e-14 6.91708998e-14
 6.64876489e-14 6.39473720e-14 6.15425010e-14 5.92771954e-14
 5.71463738e-14 5.51500014e-14 5.32805087e-14 5.15394502e-14
 4.99211952e-14 4.84221935e-14 4.70386338e-14 4.57664552e-14
 4.46027044e-14 4.35400449e-14 4.25763212e-14 4.17052735e-14
 4.09218050e-14 4.02214488e-14 3.95971119e-14 3.90447702e-14
 3.85580002e-14 3.81310885e-14 3.77582595e-14 3.74340615e-14
 3.71518997e-14 3.69066565e-14 3.66922306e-14 3.65029607e-14
 3.63333005e-14 3.61778629e-14 3.60316490e-14 3.58896165e-14
 3.57471752e-14 3.56008745e-14 3.54479109e-14 3.52865780e-14
 3.51179692e-14 3.49466236e-14 3.47816956e-14 3.46397141e-14
 3.45470634e-14 3.45430353e-14 3.46828963e-14 3.50397650e-14
 3.57074474e-14 3.67948113e-14 3.84248253e-14 4.07216273e-14
 4.37956487e-14 4.77185357e-14 5.25198714e-14 5.81307891e-14
 6.44037014e-14 7.10834625e-14 7.78185178e-14 8.41827301e-14
 8.97124461e-14 9.39510569e-14 9.65186181e-14 9.71412318e-14
 9.56945483e-14 9.22261221e-14 8.69451074e-14 8.02057037e-14
 7.24303442e-14 6.41134540e-14 5.56992095e-14 4.76101526e-14
 4.01488709e-14 3.35222047e-14 2.78325244e-14 2.30912284e-14
 1.92439792e-14 1.61784139e-14 1.37755568e-14 1.19018165e-14
 1.04368638e-14 9.27741343e-15 8.34027202e-15 7.56200708e-15
 6.89726366e-15 6.31257088e-15 5.78793989e-15 5.30842272e-15
 4.86646862e-15 4.45616934e-15]
Integrated fluxes
Total integrated flux of complex: 1.4140829684298444e-13
Section 3: 11.2 micron feature
Integrated flux of 11.2 micron feature:
4.003513395914671e-14
