hd44179_SWS_CWsubFitting and integrated flux data

Section 1: Aliphatic features
Gaussian fitting parameters for 6.9 and 7.2 micron features
[2.35121823e-14 6.80000000e+00 6.23699690e-02 6.42338144e-16
 7.20617792e+00 0.00000000e+00]
Errors on aliphatic fitting parameters
[6.99938621e-15 0.00000000e+00 2.20331755e-02 0.00000000e+00
 0.00000000e+00 0.00000000e+00]
Fit model - aliphatic features
[6.60032 6.60196 6.60361 6.60529 6.60691 6.60856 6.61022 6.61187 6.61352
 6.6152  6.61649 6.61834 6.62032 6.62177 6.62343 6.62511 6.62674 6.62838
 6.63005 6.63169 6.63336 6.63503 6.63666 6.63829 6.63998 6.64161 6.64329
 6.64495 6.6466  6.64822 6.64992 6.65153 6.65323 6.65488 6.65654 6.65841
 6.65986 6.66175 6.6632  6.66507 6.66673 6.66838 6.67008 6.6717  6.6734
 6.67503 6.67667 6.67835 6.68002 6.68167 6.68334 6.68499 6.68661 6.68832
 6.68996 6.69168 6.6933  6.69498 6.69659 6.69828 6.7001  6.70162 6.70351
 6.70522 6.70682 6.70831 6.71018 6.71183 6.71353 6.71518 6.71681 6.71853
 6.72017 6.7218  6.72353 6.72514 6.72662 6.72893 6.73046 6.73204 6.73382
 6.73541 6.73685 6.73875 6.74043 6.74208 6.7438  6.74542 6.74707 6.74877
 6.75041 6.75211 6.75402 6.75544 6.75735 6.75907 6.7607  6.76241 6.76406
 6.76568 6.76739 6.76906 6.77073 6.77241 6.77408 6.77568 6.77745 6.77935
 6.78078 6.78272 6.78438 6.78601 6.78775 6.78939 6.79126 6.79278 6.79466
 6.7961  6.79802 6.79972 6.80136 6.8031  6.80472 6.80637 6.80808 6.80972
 6.81144 6.81336 6.81478 6.81671 6.81842 6.82007 6.82177 6.82343 6.82504
 6.8268  6.82872 6.83015 6.8321  6.83378 6.8354  6.83716 6.8388  6.84067
 6.84221 6.84409 6.84554 6.84746 6.84915 6.85082 6.85256 6.85419 6.85607
 6.85756 6.85949 6.86098 6.86286 6.86449 6.86623 6.8679  6.8696  6.87152
 6.87297 6.87486 6.87641 6.87827 6.88014 6.88169 6.88358 6.88503 6.88696
 6.88867 6.89033 6.89208 6.89371 6.89559 6.89709 6.89902 6.90052 6.90241
 6.90403 6.9058  6.90773 6.90916 6.91113 6.91282 6.91444 6.91621 6.91786
 6.91974 6.9213  6.92319 6.92465 6.92658 6.92825 6.92997 6.93191 6.93334
 6.93529 6.93699 6.93868 6.94061 6.94207 6.94363 6.94396 6.94549 6.94553
 6.9474  6.94773 6.94809 6.94927 6.9508  6.95084 6.95266 6.95274 6.95336
 6.9542  6.95613 6.9562  6.9573  6.95783 6.95921 6.95953 6.9613  6.96148
 6.96289 6.96291 6.96439 6.96486 6.96626 6.96659 6.96783 6.96826 6.96961
 6.9702  6.97159 6.97166 6.97307 6.97355 6.97481 6.97513 6.97642 6.97701
 6.97842 6.97887 6.9799  6.98046 6.98181 6.98236 6.98348 6.98382 6.98522
 6.98575 6.98715 6.98745 6.9886  6.98916 6.9906  6.99112 6.99222 6.99255
 6.99391 6.9945  6.9959  6.99622 6.99734 6.99791 6.9993  6.99985 7.00127
 7.00131 7.0027  7.00321 7.00465 7.0048  7.0064  7.00667 7.00807 7.00854
 7.01    7.01014 7.01148 7.01204 7.01337 7.0135  7.01498 7.01544 7.01684
 7.01712 7.0187  7.01886 7.02031 7.02081 7.02221 7.02225 7.02368 7.02422
 7.02561 7.02619 7.02731 7.02763 7.02904 7.02962 7.031   7.0313  7.03243
 7.03295 7.0344  7.03495 7.03609 7.0364  7.03782 7.03835 7.03975 7.04015
 7.04122 7.04178 7.04313 7.04367 7.04495 7.04519 7.0466  7.04716 7.04854
 7.04889 7.05037 7.05057 7.05198 7.05247 7.05386 7.05408 7.05539 7.05595
 7.05737 7.05782 7.05891 7.05942 7.06078 7.06133 7.06237 7.0628  7.06423
 7.06474 7.06617 7.06644 7.06783 7.06818 7.06918 7.06965 7.06965 7.07156
 7.07303 7.07497 7.07667 7.0784  7.08037 7.08181 7.08379 7.08577 7.08722
 7.08923 7.09089 7.09255 7.09457 7.09602 7.09799 7.09998 7.10142 7.10339
 7.10513 7.10683 7.10877 7.11025 7.11216 7.11399 7.11565 7.11761 7.11946
 7.12107 7.12295 7.12449 7.12648 7.12823 7.12991 7.13181 7.13346 7.13532
 7.13718 7.13884 7.14074 7.14243 7.14416 7.14616 7.14789 7.14959 7.15149
 7.15315 7.15501 7.15686 7.15852 7.16043 7.16212 7.16386 7.16586 7.16742
 7.16929 7.17119 7.17278 7.17472 7.17658 7.17824 7.18015 7.18184 7.18359
 7.18559 7.18732 7.18903 7.19093 7.1926  7.19446 7.19632 7.19799 7.1999
 7.2016  7.20334 7.20535 7.20709 7.20878 7.21069 7.21237 7.21423 7.21618
 7.21777 7.21967 7.22155 7.22311 7.22513 7.22689 7.22856 7.23049 7.23235
 7.23401 7.23599 7.23802 7.23947 7.24146 7.24321 7.24494 7.24692 7.24837
 7.25032 7.25236 7.25383 7.25583 7.25784 7.25929 7.26131 7.26331 7.26495
 7.26683 7.26877 7.27043 7.27221 7.27424 7.2758  7.27769 7.27929 7.2812
 7.28316 7.28485 7.28671 7.28863 7.29034 7.29208 7.29411 7.29588 7.29755
 7.29949 7.30137 7.30303 7.30502 7.30705 7.30851 7.31052 7.31254 7.31418
 7.31607 7.31802 7.31968 7.32146 7.32351 7.32508 7.32696 7.32887 7.33049
 7.33245 7.33441 7.33602 7.33794 7.33982 7.34139 7.34344 7.34523 7.34688
 7.34885 7.35075 7.35238 7.35441 7.35642 7.35788 7.35993 7.36192 7.3636
 7.36549 7.36742 7.36913 7.37087 7.37293 7.37471 7.37638 7.37834 7.38024
 7.38188 7.38391 7.38593 7.38739 7.38945 7.39144 7.39312 7.39502 7.39695
 7.39866 7.40041 7.40247 7.40426 7.40593 7.40789 7.4098  7.41144 7.41348
 7.4155  7.41696 7.41903 7.42102 7.42272 7.42461 7.42654 7.42838 7.43
 7.43207 7.43414 7.43582 7.43766 7.43957 7.44165 7.44338 7.44511 7.44704
 7.44895 7.45064 7.45264 7.45471 7.45617 7.45821 7.46024 7.4619  7.46382
 7.46577 7.46747 7.46924 7.47132 7.4731  7.47478 7.47675 7.47867 7.48031
 7.48237 7.48439 7.48586 7.48809 7.48993 7.49178 7.494   7.49548 7.4975
 7.49956 7.5012  7.50313 7.5051  7.50679 7.50856 7.51066 7.51244 7.51412
 7.5161  7.51803 7.51967 7.52174 7.52376 7.52555 7.52748 7.52931 7.53131
 7.53339 7.53487 7.53691 7.53896 7.54062 7.54256 7.54451 7.54623 7.54798
 7.55009 7.55202 7.55386 7.5557  7.55763 7.55973 7.56149 7.56321 7.56517
 7.56711 7.56877 7.57083 7.57287 7.57466 7.57658 7.57844 7.58044 7.58253
 7.58401 7.58606 7.58811 7.58979 7.59173 7.59368 7.59541 7.59746 7.59942
 7.60124 7.60337 7.60505 7.60682 7.60895 7.61073 7.61242 7.61442 7.61637
 7.61832 7.62024 7.62211 7.62407 7.62602 7.6277  7.62975 7.6318  7.6336
 7.63553 7.63739 7.63934 7.6415  7.64299 7.64506 7.6471  7.64879]
[1.39818093e-16 1.52045544e-16 1.65311477e-16 1.79879039e-16
 1.95006809e-16 2.11576407e-16 2.29505255e-16 2.48656808e-16
 2.69218020e-16 2.91690946e-16 3.10059443e-16 3.38186400e-16
 3.70760937e-16 3.96336203e-16 4.27504759e-16 4.61212478e-16
 4.96111178e-16 5.33521542e-16 5.74108391e-16 6.16539343e-16
 6.62499567e-16 7.11375723e-16 7.62029482e-16 8.15732720e-16
 8.74781275e-16 9.35128767e-16 1.00097136e-15 1.06981973e-15
 1.14214344e-15 1.21707808e-15 1.30006190e-15 1.38291539e-15
 1.47507118e-15 1.56927030e-15 1.66893242e-15 1.78728643e-15
 1.88363958e-15 2.01543504e-15 2.12144495e-15 2.26462733e-15
 2.39800037e-15 2.53657183e-15 2.68575572e-15 2.83411620e-15
 2.99644893e-15 3.15861786e-15 3.32834521e-15 3.50915628e-15
 3.69596637e-15 3.88756582e-15 4.08868882e-15 4.29459506e-15
 4.50377521e-15 4.73217500e-15 4.95859613e-15 5.20384337e-15
 5.44212775e-15 5.69670774e-15 5.94779737e-15 6.21881826e-15
 6.51915877e-15 6.77665572e-15 7.10517541e-15 7.41024404e-15
 7.70229438e-15 7.97988365e-15 8.33573263e-15 8.65640757e-15
 8.99312224e-15 9.32582598e-15 9.65994021e-15 1.00180686e-14
 1.03645543e-14 1.07134584e-14 1.10883370e-14 1.14410766e-14
 1.17683049e-14 1.22840190e-14 1.26284367e-14 1.29860437e-14
 1.33907644e-14 1.37534630e-14 1.40825150e-14 1.45169121e-14
 1.49006360e-14 1.52765865e-14 1.56669107e-14 1.60325032e-14
 1.64022579e-14 1.67798510e-14 1.71402808e-14 1.75092880e-14
 1.79174771e-14 1.82160277e-14 1.86102396e-14 1.89573122e-14
 1.92786599e-14 1.96072366e-14 1.99153953e-14 2.02088978e-14
 2.05083840e-14 2.07900588e-14 2.10604977e-14 2.13206770e-14
 2.15669789e-14 2.17909662e-14 2.20245707e-14 2.22581620e-14
 2.24218749e-14 2.26268794e-14 2.27862737e-14 2.29280704e-14
 2.30630209e-14 2.31744252e-14 2.32824593e-14 2.33551705e-14
 2.34261624e-14 2.34662607e-14 2.35003373e-14 2.35119453e-14
 2.35065932e-14 2.34831576e-14 2.34449505e-14 2.33898732e-14
 2.33157044e-14 2.32283838e-14 2.31199744e-14 2.29789057e-14
 2.28611868e-14 2.26832964e-14 2.25088252e-14 2.23258332e-14
 2.21226520e-14 2.19103226e-14 2.16916520e-14 2.14387541e-14
 2.11470132e-14 2.09194246e-14 2.05955633e-14 2.03046457e-14
 2.00142530e-14 1.96884097e-14 1.93756678e-14 1.90090790e-14
 1.86997697e-14 1.83138443e-14 1.80104569e-14 1.76018050e-14
 1.72362641e-14 1.68703351e-14 1.64847525e-14 1.61201586e-14
 1.56963290e-14 1.53584358e-14 1.49188895e-14 1.45786222e-14
 1.41488164e-14 1.37763006e-14 1.33793742e-14 1.29996571e-14
 1.26148929e-14 1.21831236e-14 1.18594190e-14 1.14410766e-14
 1.11014181e-14 1.06983864e-14 1.02986997e-14 9.97195403e-15
 9.57952062e-15 9.28316842e-15 8.89542551e-15 8.55858442e-15
 8.23787260e-15 7.90670981e-15 7.60485393e-15 7.26481932e-15
 6.99989011e-15 6.66750161e-15 6.41586369e-15 6.10724569e-15
 5.85028166e-15 5.57756496e-15 5.28980647e-15 5.08307508e-15
 4.80730302e-15 4.57903900e-15 4.36739979e-15 4.14413316e-15
 3.94343317e-15 3.72339911e-15 3.54772029e-15 3.34314280e-15
 3.19121480e-15 2.99839979e-15 2.83879287e-15 2.68127361e-15
 2.51177690e-15 2.39225495e-15 2.23648738e-15 2.10730751e-15
 1.98482198e-15 1.85196166e-15 1.75627958e-15 1.65849572e-15
 1.63838744e-15 1.54773101e-15 1.54541696e-15 1.44034888e-15
 1.42243052e-15 1.40309254e-15 1.34121784e-15 1.26436123e-15
 1.26240192e-15 1.17588107e-15 1.17219419e-15 1.14394621e-15
 1.10658312e-15 1.02459056e-15 1.02171534e-15 9.77416779e-16
 9.56657558e-16 9.04343983e-16 8.92565335e-16 8.29737241e-16
 8.23563932e-16 7.76544948e-16 7.75894842e-16 7.29058869e-16
 7.14700893e-16 6.73359759e-16 6.63919879e-16 6.29459040e-16
 6.17874385e-16 5.82691301e-16 5.67867422e-16 5.34228086e-16
 5.32580744e-16 5.00325033e-16 4.89739065e-16 4.62873926e-16
 4.56259327e-16 4.30424150e-16 4.19040962e-16 3.92899131e-16
 3.84862878e-16 3.67010127e-16 3.57612865e-16 3.35824758e-16
 3.27289431e-16 3.10498526e-16 3.05554310e-16 2.85922139e-16
 2.78786953e-16 2.60693472e-16 2.56954904e-16 2.43061619e-16
 2.36541609e-16 2.20486087e-16 2.14931906e-16 2.03592755e-16
 2.00296982e-16 1.87212702e-16 1.81778744e-16 1.69446723e-16
 1.66735760e-16 1.57551758e-16 1.53054829e-16 1.42569504e-16
 1.38602785e-16 1.28817966e-16 1.28551612e-16 1.19599539e-16
 1.16459151e-16 1.07991231e-16 1.07142077e-16 9.84541058e-17
 9.70528061e-17 9.00732832e-17 8.78346197e-17 8.11997762e-17
 8.05881935e-17 7.49434662e-17 7.26933143e-17 6.75944128e-17
 6.71139932e-17 6.18605404e-17 6.03061200e-17 5.57928473e-17
 5.49282414e-17 5.02755812e-17 4.98251991e-17 4.59094367e-17
 4.46262017e-17 4.12066896e-17 4.11126343e-17 3.78772912e-17
 3.67178747e-17 3.38824056e-17 3.27601958e-17 3.06897618e-17
 3.01208308e-17 2.77282892e-17 2.67962007e-17 2.46939082e-17
 2.42576047e-17 2.26775691e-17 2.19830413e-17 2.01492908e-17
 1.94917038e-17 1.81917442e-17 1.78524583e-17 1.63722399e-17
 1.58496752e-17 1.45430887e-17 1.41886512e-17 1.32797300e-17
 1.28259808e-17 1.17909309e-17 1.13991935e-17 1.05186824e-17
 1.03608368e-17 9.47734548e-18 9.14643164e-18 8.37656472e-18
 8.19119675e-18 7.44904189e-18 7.35373117e-18 6.71355770e-18
 6.50361290e-18 5.94110771e-18 5.85638374e-18 5.37494208e-18
 5.18070919e-18 4.71737016e-18 4.57887194e-18 4.25909874e-18
 4.11681480e-18 3.75897141e-18 3.62275720e-18 3.37781637e-18
 3.28118110e-18 2.97824208e-18 2.87674062e-18 2.60928057e-18
 2.56149406e-18 2.32829588e-18 2.27282406e-18 2.12114059e-18
 2.05320634e-18 2.05320634e-18 1.79774902e-18 1.62196369e-18
 1.41480288e-18 1.25414280e-18 1.10851864e-18 9.62267314e-19
 8.67173223e-19 7.50916726e-19 6.49591017e-19 5.83796301e-19
 5.03017028e-19 4.44453581e-19 3.92430259e-19 3.36944912e-19
 3.01825314e-19 2.59676766e-19 2.22847341e-19 1.99372360e-19
 1.71062462e-19 1.49296385e-19 1.30609920e-19 1.12023796e-19
 9.95793380e-20 8.54689157e-20 7.37640271e-20 6.44910751e-20
 5.49812072e-20 4.72524063e-20 4.13863943e-20 3.54218314e-20
 3.11611542e-20 2.63815544e-20 2.27689528e-20 1.97525131e-20
 1.68050377e-20 1.45936603e-20 1.24372931e-20 1.05901293e-20
 9.16766008e-21 7.76571375e-21 6.69471351e-21 5.74681097e-21
 4.81234998e-21 4.12412382e-21 3.54113906e-21 2.98390877e-21
 2.56738343e-21 2.16752246e-21 1.82998974e-21 1.57093652e-21
 1.31675371e-21 1.12548603e-21 9.56810242e-22 7.93153703e-22
 6.84702551e-22 5.73586966e-22 4.78699549e-22 4.11178892e-22
 3.41256503e-22 2.85150838e-22 2.42733637e-22 2.01498029e-22
 1.70759803e-22 1.43751473e-22 1.17960986e-22 9.93338455e-23
 8.37511236e-23 6.92256571e-23 5.85092636e-23 4.84736189e-23
 4.01236112e-23 3.38339438e-23 2.78151876e-23 2.33465171e-23
 1.95001718e-23 1.58234824e-23 1.31944087e-23 1.10515147e-23
 9.03754193e-24 7.56594792e-24 6.20924482e-24 5.04250910e-24
 4.25234186e-24 3.46583764e-24 2.82830676e-24 2.38765690e-24
 1.91568666e-24 1.57985313e-24 1.31483033e-24 1.06247608e-24
 8.64434035e-25 7.18540776e-25 5.75828179e-25 4.58407546e-25
 3.89248009e-25 3.10719196e-25 2.54651608e-25 2.09014478e-25
 1.66571902e-25 1.40972898e-25 1.12541084e-25 8.88213187e-26
 7.48440250e-26 5.92378862e-26 4.67825892e-26 3.94321424e-26
 3.10487144e-26 2.44802503e-26 2.01296327e-26 1.60712754e-26
 1.27271259e-26 1.04159827e-26 8.39531548e-27 6.55823692e-27
 5.42070559e-27 4.29991337e-27 3.53172814e-27 2.78984648e-27
 2.18810983e-27 1.77316151e-27 1.40563566e-27 1.10493837e-27
 8.91025894e-28 7.15266796e-28 5.52986952e-28 4.41468237e-28
 3.56688946e-28 2.78173691e-28 2.18414243e-28 1.76282487e-28
 1.36216494e-28 1.04602929e-28 8.64521883e-29 6.64414534e-29
 5.09423523e-29 4.10284596e-29 3.19441019e-29 2.46506026e-29
 1.97546819e-29 1.55675256e-29 1.18205839e-29 9.56622049e-30
 7.41880938e-30 5.72482413e-30 4.59158848e-30 3.51290232e-30
 2.68497533e-30 2.15148126e-30 1.65056636e-30 1.27211869e-30
 1.02275184e-30 7.68472360e-31 5.98201334e-31 4.74523429e-31
 3.59551866e-31 2.74875837e-31 2.18154117e-31 1.63434625e-31
 1.22661166e-31 9.95157802e-32 7.41269074e-32 5.56358736e-32
 4.36317954e-32 3.31650481e-32 2.50394923e-32 1.95045514e-32
 1.51149944e-32 1.11655283e-32 8.58710357e-33 6.70717232e-33
 5.01419104e-33 3.77850847e-33 2.95754300e-33 2.18185536e-33
 1.61033018e-33 1.29208082e-33 9.46153513e-34 6.99491053e-34
 5.41618556e-34 4.05207885e-34 3.01480960e-34 2.31810315e-34
 1.77010074e-34 1.28728734e-34 9.75209588e-35 7.52109872e-35
 5.53957614e-35 4.10815708e-35 3.17574347e-35 2.30332929e-35
 1.67408069e-35 1.32840726e-35 9.56117781e-36 6.96241891e-36
 5.30558208e-36 3.91864484e-36 2.87304279e-36 2.13524042e-36
 1.64304695e-36 1.17440139e-36 8.38503271e-37 6.37392983e-37
 4.71634571e-37 3.44689467e-37 2.44718384e-37 1.83894700e-37
 1.38082197e-37 1.00213610e-37 7.29035884e-38 5.49727234e-38
 3.93228127e-38 2.77702003e-38 2.17141413e-38 1.53838806e-38
 1.09059034e-38 8.22520594e-39 5.93006075e-39 4.24942458e-39
 3.17548260e-39 2.34280874e-39 1.63713879e-39 1.20365032e-39
 8.99695353e-40 6.38953635e-40 4.57297186e-40 3.43389594e-40
 2.39380518e-40 1.67870004e-40 1.29578579e-40 8.73978104e-41
 6.30901262e-41 4.54225946e-41 3.05872348e-41 2.34826293e-41
 1.63559004e-41 1.12985491e-41 8.40981456e-42 5.93594161e-42
 4.15554756e-42 3.05796399e-42 2.21610065e-42 1.51084716e-42
 1.09098182e-42 8.01740835e-43 5.57129370e-43 3.90345092e-43
 2.88290741e-43 1.96460103e-43 1.34983272e-43 9.67082687e-44
 6.74403894e-44 4.78744167e-44 3.28878011e-44 2.22315482e-44
 1.68138711e-44 1.14305419e-44 7.74776287e-45 5.65031192e-45
 3.90348674e-45 2.68894316e-45 1.93397410e-45 1.38192425e-45
 9.20525444e-46 6.34168372e-46 4.44153071e-46 3.10801266e-46
 2.13522066e-46 1.41765087e-46 1.00488219e-46 7.17337551e-47
 4.88093046e-47 3.33093120e-47 2.40018534e-47 1.59662135e-47
 1.06515070e-47 7.46071557e-48 5.08770740e-48 3.50805887e-48
 2.34978501e-48 1.54411795e-48 1.14619619e-48 7.57859549e-49
 5.00552126e-49 3.56018905e-49 2.39995832e-49 1.61297662e-49
 1.13283623e-49 7.44539577e-50 4.97934499e-50 3.42414619e-50
 2.20680382e-50 1.55928426e-50 1.08060099e-50 6.94304309e-51
 4.79307394e-51 3.36890093e-51 2.21749274e-51 1.47348887e-51
 9.78153438e-52 6.52814619e-52 4.39896488e-52 2.90563449e-52
 1.92143095e-52 1.34442969e-52 8.68697497e-53 5.60699106e-53
 3.81409898e-53 2.52096424e-53 1.68993524e-53 1.11007938e-53
 6.96124428e-54 5.04174037e-54 3.21754521e-54 2.06456093e-54
 1.42836637e-54]

Integrated fluxes of aliphatic features
6.9 micron feature nan
7.2 micron feature nan
S/N of 6.9: nan
S/N of 7.2: nan

Section 2: 7.7 micron complex
Gaussian fitting parameters for 7.7 micron complex
[2.30000000e-12 7.79645148e+00 2.18315906e-01 1.50000000e-12
 7.79578854e+00 2.13890447e-01 2.00000000e-19 8.50000000e+00
 3.00000000e-02 3.95096419e-12 8.50000000e+00 9.90149209e-01]
Errors on fitting parameters
[0.00000000e+00 5.27440042e-02 2.32316314e-02 0.00000000e+00
 7.92615303e-02 3.46562948e-02 1.30412294e-14 0.00000000e+00
 0.00000000e+00 4.98781850e-15 0.00000000e+00 4.90457828e-03]
Fit model - 7.7 micron complex
[7.10142 7.10339 7.10513 7.10683 7.10877 7.11025 7.11216 7.11399 7.11565
 7.11761 7.11946 7.12107 7.12295 7.12449 7.12648 7.12823 7.12991 7.13181
 7.13346 7.13532 7.13718 7.13884 7.14074 7.14243 7.14416 7.14616 7.14789
 7.14959 7.15149 7.15315 7.15501 7.15686 7.15852 7.16043 7.16212 7.16386
 7.16586 7.16742 7.16929 7.17119 7.17278 7.17472 7.17658 7.17824 7.18015
 7.18184 7.18359 7.18559 7.18732 7.18903 7.19093 7.1926  7.19446 7.19632
 7.19799 7.1999  7.2016  7.20334 7.20535 7.20709 7.20878 7.21069 7.21237
 7.21423 7.21618 7.21777 7.21967 7.22155 7.22311 7.22513 7.22689 7.22856
 7.23049 7.23235 7.23401 7.23599 7.23802 7.23947 7.24146 7.24321 7.24494
 7.24692 7.24837 7.25032 7.25236 7.25383 7.25583 7.25784 7.25929 7.26131
 7.26331 7.26495 7.26683 7.26877 7.27043 7.27221 7.27424 7.2758  7.27769
 7.27929 7.2812  7.28316 7.28485 7.28671 7.28863 7.29034 7.29208 7.29411
 7.29588 7.29755 7.29949 7.30137 7.30303 7.30502 7.30705 7.30851 7.31052
 7.31254 7.31418 7.31607 7.31802 7.31968 7.32146 7.32351 7.32508 7.32696
 7.32887 7.33049 7.33245 7.33441 7.33602 7.33794 7.33982 7.34139 7.34344
 7.34523 7.34688 7.34885 7.35075 7.35238 7.35441 7.35642 7.35788 7.35993
 7.36192 7.3636  7.36549 7.36742 7.36913 7.37087 7.37293 7.37471 7.37638
 7.37834 7.38024 7.38188 7.38391 7.38593 7.38739 7.38945 7.39144 7.39312
 7.39502 7.39695 7.39866 7.40041 7.40247 7.40426 7.40593 7.40789 7.4098
 7.41144 7.41348 7.4155  7.41696 7.41903 7.42102 7.42272 7.42461 7.42654
 7.42838 7.43    7.43207 7.43414 7.43582 7.43766 7.43957 7.44165 7.44338
 7.44511 7.44704 7.44895 7.45064 7.45264 7.45471 7.45617 7.45821 7.46024
 7.4619  7.46382 7.46577 7.46747 7.46924 7.47132 7.4731  7.47478 7.47675
 7.47867 7.48031 7.48237 7.48439 7.48586 7.48809 7.48993 7.49178 7.494
 7.49548 7.4975  7.49956 7.5012  7.50313 7.5051  7.50679 7.50856 7.51066
 7.51244 7.51412 7.5161  7.51803 7.51967 7.52174 7.52376 7.52555 7.52748
 7.52931 7.53131 7.53339 7.53487 7.53691 7.53896 7.54062 7.54256 7.54451
 7.54623 7.54798 7.55009 7.55202 7.55386 7.5557  7.55763 7.55973 7.56149
 7.56321 7.56517 7.56711 7.56877 7.57083 7.57287 7.57466 7.57658 7.57844
 7.58044 7.58253 7.58401 7.58606 7.58811 7.58979 7.59173 7.59368 7.59541
 7.59746 7.59942 7.60124 7.60337 7.60505 7.60682 7.60895 7.61073 7.61242
 7.61442 7.61637 7.61832 7.62024 7.62211 7.62407 7.62602 7.6277  7.62975
 7.6318  7.6336  7.63553 7.63739 7.63934 7.6415  7.64299 7.64506 7.6471
 7.64879 7.65086 7.65269 7.6546  7.65681 7.65846 7.66042 7.6624  7.66412
 7.66618 7.66814 7.66998 7.67212 7.6738  7.67559 7.67773 7.67952 7.6815
 7.68334 7.68518 7.68745 7.68921 7.69093 7.69291 7.69488 7.69684 7.69876
 7.70065 7.70262 7.70459 7.70626 7.70834 7.71039 7.71221 7.71415 7.716
 7.71805 7.72013 7.72162 7.72385 7.72575 7.72765 7.72987 7.73137 7.73345
 7.73549 7.73736 7.7393  7.74112 7.74318 7.74525 7.74694 7.74903 7.75087
 7.7528  7.75501 7.75668 7.75866 7.76063 7.76254 7.76446 7.76643 7.76841
 7.7704  7.77228 7.77421 7.77619 7.77816 7.78017 7.78188 7.78396 7.78595
 7.78781 7.78994 7.79165 7.79373 7.79572 7.79758 7.79972 7.80142 7.8032
 7.80549 7.80735 7.8092  7.8112  7.81298 7.81528 7.81713 7.81898 7.82099
 7.82277 7.82507 7.82692 7.82877 7.83078 7.83257 7.83486 7.83671 7.83857
 7.84058 7.84237 7.84466 7.84652 7.84837 7.85038 7.85217 7.85447 7.85633
 7.85818 7.86019 7.86198 7.86428 7.86614 7.868   7.87001 7.87179 7.8741
 7.87597 7.87782 7.87983 7.88192 7.88392 7.8858  7.88795 7.88966 7.89175
 7.89375 7.89564 7.89778 7.89949 7.90159 7.90359 7.90549 7.90761 7.90951
 7.91144 7.91343 7.91544 7.91744 7.91937 7.92129 7.92328 7.92539 7.92728
 7.92924 7.93145 7.93314 7.93525 7.93712 7.93911 7.94129 7.94318 7.94512
 7.94697 7.94918 7.95114 7.95307 7.95531 7.95683 7.95907 7.96099 7.96296
 7.96519 7.96703 7.96895 7.97085 7.97304 7.97502 7.97692 7.97903 7.98103
 7.98295 7.98489 7.987   7.98892 7.99093 7.99304 7.99476 7.99691 7.99881
 8.00084 8.00293 8.00497 8.00683 8.0087  8.01113 8.01303 8.01488 8.01691
 8.01902 8.02104 8.02296 8.02508 8.02702 8.02894 8.03095 8.03307 8.03497
 8.03697 8.03915 8.04107 8.04301 8.04486 8.0471  8.04904 8.05111 8.05322
 8.05511 8.05724 8.05925 8.06117 8.06312 8.06524 8.06717 8.0692  8.07131
 8.07335 8.07521 8.0771  8.07955 8.08145 8.08331 8.08534 8.08746 8.08949
 8.09151 8.09354 8.09551 8.09774 8.09963 8.10158 8.10346 8.10568 8.10765
 8.10971 8.11184 8.11374 8.11587 8.11789 8.11981 8.12177 8.1239  8.12584
 8.12796 8.12997 8.13204 8.13409 8.13612 8.13825 8.14018 8.14233 8.14428
 8.1462  8.14822 8.15036 8.15227 8.1544  8.15646 8.15853 8.16066 8.16257
 8.16471 8.16673 8.16865 8.17061 8.17276 8.17469 8.17684 8.17906 8.18092
 8.18293 8.18512 8.18727 8.18918 8.19122 8.19322 8.19543 8.19737 8.19931
 8.2015  8.20344 8.20538 8.20759 8.20959 8.21164 8.21367 8.2158  8.21784
 8.21991 8.22197 8.22402 8.22614 8.22818 8.23023 8.23224 8.23445 8.2364
 8.23833 8.24054 8.24248 8.24473 8.24665 8.24863 8.25077 8.25273 8.25488
 8.25712 8.25899 8.26104 8.26318 8.26523 8.2673  8.26931 8.27144 8.27353
 8.27561 8.27774 8.27975 8.28182 8.28387 8.28601 8.28807 8.28994 8.29219
 8.29434 8.29638 8.29845 8.30045 8.30267 8.30463 8.30657 8.3088  8.31074
 8.313   8.31492 8.31721 8.31906 8.32101 8.3235  8.32545 8.32731 8.3296
 8.33152 8.33379 8.33573 8.33797 8.3399  8.34218 8.34409 8.34639 8.34825
 8.35021 8.35274 8.35466 8.35651 8.35881 8.36073 8.36301 8.36495 8.36718
 8.36913 8.37141 8.37333 8.37563 8.37749 8.37976 8.38194 8.38397 8.38607
 8.38814 8.3903  8.39228 8.39453 8.39647 8.39841 8.40069 8.40261 8.40491
 8.40678 8.40907 8.41122 8.41328 8.41534 8.41747 8.41957 8.42168 8.42381
 8.42587 8.42793 8.43009 8.43238 8.43425 8.43656 8.43848 8.44077 8.44271
 8.44498 8.44691 8.44921 8.45113 8.45345 8.45531 8.45761 8.45978 8.46184
 8.46392 8.46603 8.46816 8.47026 8.4724  8.47446 8.47653 8.47869 8.481
 8.48287 8.48519 8.48711 8.48942 8.49135 8.49363 8.49556 8.49787 8.49979
 8.50212 8.50399 8.5063  8.50844 8.51055 8.51258 8.51476 8.51714 8.519
 8.52139 8.52326 8.52556 8.52772 8.52981 8.53191 8.53403 8.53615 8.53827
 8.5404  8.54249 8.54455 8.54674 8.54911 8.55092 8.55332 8.55549 8.55757
 8.55974 8.5618  8.56389 8.56605 8.56838 8.57025 8.57259 8.57451 8.57689
 8.57877 8.58113 8.58324 8.58539 8.58772 8.58959 8.59194 8.59386 8.5962
 8.59812 8.60048 8.60237 8.60475 8.60709 8.60896 8.61131 8.61323 8.61557
 8.6175  8.61986 8.62174 8.62413 8.62648 8.62835 8.6307  8.63262 8.63501
 8.6369  8.63926 8.64139 8.64354 8.64588 8.64776 8.65012 8.65203 8.65444
 8.65631 8.65869 8.6608  8.66297 8.66531 8.66719 8.6696  8.67147 8.67388
 8.67605 8.67813 8.68023 8.68242 8.68481 8.68664 8.68907 8.69122 8.69335
 8.69548 8.6976  8.7     8.70189 8.70429 8.70639 8.70855 8.71098 8.71284
 8.71527 8.71714 8.7195  8.72166 8.72379 8.72618 8.72806 8.73052 8.73239
 8.73476 8.73714 8.73901 8.74147 8.74335 8.74574 8.74787 8.75004 8.75241
 8.75428 8.75672 8.75858 8.76101 8.76316 8.76528 8.7677  8.76958 8.772
 8.7741  8.77628 8.77872 8.78057 8.78299 8.78488 8.78726 8.78969 8.79157
 8.79401 8.7959  8.79832 8.8007  8.80258 8.80502 8.80688 8.80933 8.81147
 8.81361 8.81603 8.81792 8.82034 8.82276 8.82464 8.82711 8.82898 8.83138
 8.83378 8.83565 8.83812 8.84    8.84242 8.84453 8.84673 8.84916 8.85099
 8.85346 8.85591 8.85777 8.86022 8.86211 8.86449 8.86692 8.86882 8.87127
 8.87341 8.87559 8.87803 8.87986 8.88233 8.88448 8.88665 8.88911 8.89095
 8.89338 8.89583 8.89771]
[1.47921764e-12 1.48397061e-12 1.48818790e-12 1.49232592e-12
 1.49706981e-12 1.50070463e-12 1.50541596e-12 1.50995192e-12
 1.51408537e-12 1.51898929e-12 1.52364165e-12 1.52770946e-12
 1.53248216e-12 1.53641019e-12 1.54151107e-12 1.54602045e-12
 1.55037062e-12 1.55531582e-12 1.55963251e-12 1.56452368e-12
 1.56944185e-12 1.57385433e-12 1.57893197e-12 1.58347316e-12
 1.58814635e-12 1.59358028e-12 1.59830819e-12 1.60297942e-12
 1.60823032e-12 1.61284436e-12 1.61804402e-12 1.62324733e-12
 1.62794349e-12 1.63337927e-12 1.63821825e-12 1.64322956e-12
 1.64902681e-12 1.65357663e-12 1.65906337e-12 1.66467528e-12
 1.66940078e-12 1.67520308e-12 1.68080442e-12 1.68583563e-12
 1.69166264e-12 1.69685294e-12 1.70226212e-12 1.70848777e-12
 1.71391116e-12 1.71930718e-12 1.72534455e-12 1.73068790e-12
 1.73668034e-12 1.74271676e-12 1.74817457e-12 1.75446145e-12
 1.76009780e-12 1.76590702e-12 1.77266908e-12 1.77856792e-12
 1.78433792e-12 1.79090792e-12 1.79673024e-12 1.80322447e-12
 1.81008799e-12 1.81572665e-12 1.82251515e-12 1.82928701e-12
 1.83494815e-12 1.84233589e-12 1.84882612e-12 1.85503105e-12
 1.86225925e-12 1.86928413e-12 1.87560307e-12 1.88320186e-12
 1.89106322e-12 1.89672286e-12 1.90455121e-12 1.91149445e-12
 1.91841331e-12 1.92639991e-12 1.93229521e-12 1.94028615e-12
 1.94872391e-12 1.95485413e-12 1.96326272e-12 1.97179348e-12
 1.97799797e-12 1.98671282e-12 1.99542419e-12 2.00262975e-12
 2.01095958e-12 2.01963431e-12 2.02712150e-12 2.03521675e-12
 2.04453431e-12 2.05175707e-12 2.06058127e-12 2.06811510e-12
 2.07718582e-12 2.08658227e-12 2.09475688e-12 2.10383231e-12
 2.11328769e-12 2.12178425e-12 2.13050348e-12 2.14077071e-12
 2.14980709e-12 2.15840554e-12 2.16848352e-12 2.17834235e-12
 2.18712392e-12 2.19774663e-12 2.20869109e-12 2.21663067e-12
 2.22765542e-12 2.23884598e-12 2.24801398e-12 2.25867214e-12
 2.26977350e-12 2.27930853e-12 2.28962004e-12 2.30160841e-12
 2.31087202e-12 2.32205942e-12 2.33353183e-12 2.34334713e-12
 2.35532726e-12 2.36742306e-12 2.37744609e-12 2.38950258e-12
 2.40141785e-12 2.41145232e-12 2.42467047e-12 2.43632019e-12
 2.44714854e-12 2.46019049e-12 2.47288686e-12 2.48387181e-12
 2.49767304e-12 2.51147091e-12 2.52157648e-12 2.53588470e-12
 2.54990775e-12 2.56184934e-12 2.57539701e-12 2.58935593e-12
 2.60182934e-12 2.61462399e-12 2.62990584e-12 2.64322824e-12
 2.65582701e-12 2.67073716e-12 2.68531879e-12 2.69800671e-12
 2.71384283e-12 2.72974530e-12 2.74132913e-12 2.75780226e-12
 2.77385925e-12 2.78752513e-12 2.80310253e-12 2.81905876e-12
 2.83330830e-12 2.84800052e-12 2.86543738e-12 2.88071379e-12
 2.89507104e-12 2.91205088e-12 2.92873220e-12 2.94316160e-12
 2.96124740e-12 2.97930571e-12 2.99245062e-12 3.01122119e-12
 3.02941407e-12 3.04507043e-12 3.06260064e-12 3.08063656e-12
 3.09795806e-12 3.11331075e-12 3.13306721e-12 3.15297956e-12
 3.16925469e-12 3.18719721e-12 3.20595184e-12 3.22652542e-12
 3.24375565e-12 3.26109323e-12 3.28056142e-12 3.29995853e-12
 3.31722938e-12 3.33779869e-12 3.35923615e-12 3.37444655e-12
 3.39582385e-12 3.41723957e-12 3.43485749e-12 3.45535259e-12
 3.47629640e-12 3.49466003e-12 3.51388298e-12 3.53660619e-12
 3.55616569e-12 3.57472174e-12 3.59659796e-12 3.61803945e-12
 3.63644738e-12 3.65969018e-12 3.68261078e-12 3.69937014e-12
 3.72492065e-12 3.74611614e-12 3.76752891e-12 3.79335756e-12
 3.81065641e-12 3.83436852e-12 3.85866915e-12 3.87809985e-12
 3.90106101e-12 3.92460176e-12 3.94487871e-12 3.96619540e-12
 3.99159048e-12 4.01320259e-12 4.03367209e-12 4.05788429e-12
 4.08157413e-12 4.10177190e-12 4.12735194e-12 4.15240481e-12
 4.17467796e-12 4.19876771e-12 4.22167872e-12 4.24679302e-12
 4.27299218e-12 4.29168211e-12 4.31750734e-12 4.34353056e-12
 4.36465339e-12 4.38939388e-12 4.41431886e-12 4.43634921e-12
 4.45880527e-12 4.48593363e-12 4.51079534e-12 4.53453743e-12
 4.55831581e-12 4.58329355e-12 4.61051024e-12 4.63334894e-12
 4.65569138e-12 4.68117612e-12 4.70642378e-12 4.72804320e-12
 4.75488922e-12 4.78148973e-12 4.80483980e-12 4.82989245e-12
 4.85416593e-12 4.88026717e-12 4.90753985e-12 4.92684838e-12
 4.95358441e-12 4.98030642e-12 5.00219214e-12 5.02744685e-12
 5.05280883e-12 5.07528733e-12 5.10189319e-12 5.12729635e-12
 5.15085136e-12 5.17837327e-12 5.20004329e-12 5.22283567e-12
 5.25020749e-12 5.27303109e-12 5.29465535e-12 5.32018571e-12
 5.34501098e-12 5.36976644e-12 5.39406912e-12 5.41766681e-12
 5.44232012e-12 5.46676249e-12 5.48774947e-12 5.51326570e-12
 5.53867563e-12 5.56089559e-12 5.58462195e-12 5.60738804e-12
 5.63114687e-12 5.65732969e-12 5.67530584e-12 5.70016041e-12
 5.72451527e-12 5.74458355e-12 5.76902693e-12 5.79050696e-12
 5.81279296e-12 5.83840518e-12 5.85740243e-12 5.87982647e-12
 5.90231865e-12 5.92172320e-12 5.94479564e-12 5.96657441e-12
 5.98686227e-12 6.01026187e-12 6.02848093e-12 6.04774418e-12
 6.07056879e-12 6.08948552e-12 6.11022106e-12 6.12930926e-12
 6.14821989e-12 6.17130087e-12 6.18900374e-12 6.20613918e-12
 6.22565976e-12 6.24486061e-12 6.26374170e-12 6.28201929e-12
 6.29979739e-12 6.31809898e-12 6.33616362e-12 6.35128936e-12
 6.36988437e-12 6.38794278e-12 6.40374904e-12 6.42036057e-12
 6.43597121e-12 6.45300398e-12 6.46999755e-12 6.48199040e-12
 6.49965514e-12 6.51443434e-12 6.52896125e-12 6.54561212e-12
 6.55666414e-12 6.57172229e-12 6.58618670e-12 6.59917891e-12
 6.61238558e-12 6.62452177e-12 6.63796001e-12 6.65114208e-12
 6.66166375e-12 6.67437478e-12 6.68528820e-12 6.69645488e-12
 6.70888674e-12 6.71802827e-12 6.72858344e-12 6.73877881e-12
 6.74837038e-12 6.75771988e-12 6.76700698e-12 6.77602780e-12
 6.78477639e-12 6.79274772e-12 6.80063330e-12 6.80840877e-12
 6.81582807e-12 6.82307143e-12 6.82897342e-12 6.83582927e-12
 6.84205586e-12 6.84758116e-12 6.85355851e-12 6.85808653e-12
 6.86326906e-12 6.86789299e-12 6.87191916e-12 6.87619791e-12
 6.87932739e-12 6.88234845e-12 6.88585066e-12 6.88837714e-12
 6.89060749e-12 6.89270213e-12 6.89429017e-12 6.89595767e-12
 6.89698503e-12 6.89773321e-12 6.89823043e-12 6.89839703e-12
 6.89823274e-12 6.89779110e-12 6.89707452e-12 6.89598549e-12
 6.89474451e-12 6.89278611e-12 6.89090145e-12 6.88873535e-12
 6.88609030e-12 6.88347005e-12 6.87975641e-12 6.87644319e-12
 6.87288545e-12 6.86872530e-12 6.86476374e-12 6.85932096e-12
 6.85463155e-12 6.84971395e-12 6.84408675e-12 6.83882814e-12
 6.83173217e-12 6.82571717e-12 6.81945715e-12 6.81241928e-12
 6.80595212e-12 6.79723409e-12 6.78991027e-12 6.78243276e-12
 6.77404969e-12 6.76505024e-12 6.75617162e-12 6.74759068e-12
 6.73750162e-12 6.72926977e-12 6.71896210e-12 6.70884766e-12
 6.69906730e-12 6.68773626e-12 6.67848854e-12 6.66689999e-12
 6.65562932e-12 6.64471405e-12 6.63229937e-12 6.62096533e-12
 6.60925471e-12 6.59697497e-12 6.58436418e-12 6.57161278e-12
 6.55911892e-12 6.54650929e-12 6.53325356e-12 6.51899549e-12
 6.50605032e-12 6.49245597e-12 6.47692495e-12 6.46490652e-12
 6.44973278e-12 6.43613209e-12 6.42150469e-12 6.40530313e-12
 6.39111049e-12 6.37640480e-12 6.36225488e-12 6.34519419e-12
 6.32992438e-12 6.31476443e-12 6.29702025e-12 6.28489102e-12
 6.26689022e-12 6.25134518e-12 6.23528825e-12 6.21698614e-12
 6.20178796e-12 6.18583926e-12 6.16996996e-12 6.15157603e-12
 6.13485566e-12 6.11873407e-12 6.10074672e-12 6.08361973e-12
 6.06711075e-12 6.05036673e-12 6.03208768e-12 6.01539705e-12
 5.99786918e-12 5.97941318e-12 5.96432908e-12 5.94542820e-12
 5.92868633e-12 5.91076262e-12 5.89227402e-12 5.87419741e-12
 5.85769308e-12 5.84108127e-12 5.81947165e-12 5.80256086e-12
 5.78608620e-12 5.76800189e-12 5.74920130e-12 5.73120295e-12
 5.71409920e-12 5.69522158e-12 5.67795725e-12 5.66088384e-12
 5.64302712e-12 5.62421561e-12 5.60737892e-12 5.58968236e-12
 5.57042745e-12 5.55350176e-12 5.53643380e-12 5.52019205e-12
 5.50057472e-12 5.48363048e-12 5.46560078e-12 5.44727896e-12
 5.43091836e-12 5.41254087e-12 5.39526047e-12 5.37881232e-12
 5.36216805e-12 5.34414511e-12 5.32780541e-12 5.31069150e-12
 5.29298448e-12 5.27594625e-12 5.26048319e-12 5.24484279e-12
 5.22467931e-12 5.20913099e-12 5.19398691e-12 5.17754748e-12
 5.16048031e-12 5.14423658e-12 5.12817088e-12 5.11212605e-12
 5.09665343e-12 5.07925730e-12 5.06461371e-12 5.04960314e-12
 5.03522690e-12 5.01837315e-12 5.00352991e-12 4.98812330e-12
 4.97231809e-12 4.95832800e-12 4.94276733e-12 4.92813164e-12
 4.91433112e-12 4.90035534e-12 4.88529714e-12 4.87170076e-12
 4.85697324e-12 4.84313657e-12 4.82901671e-12 4.81516402e-12
 4.80157549e-12 4.78745643e-12 4.77478659e-12 4.76081144e-12
 4.74826353e-12 4.73602740e-12 4.72328164e-12 4.70992201e-12
 4.69812316e-12 4.68510465e-12 4.67265414e-12 4.66028231e-12
 4.64769774e-12 4.63653899e-12 4.62417822e-12 4.61264808e-12
 4.60181260e-12 4.59087593e-12 4.57902379e-12 4.56851335e-12
 4.55694837e-12 4.54516546e-12 4.53541720e-12 4.52500962e-12
 4.51381974e-12 4.50298582e-12 4.49348694e-12 4.48347180e-12
 4.47378330e-12 4.46322705e-12 4.45408944e-12 4.44507199e-12
 4.43503633e-12 4.42627320e-12 4.41762879e-12 4.40792530e-12
 4.39927544e-12 4.39053842e-12 4.38201475e-12 4.37320748e-12
 4.36490245e-12 4.35660461e-12 4.34847539e-12 4.34051211e-12
 4.33240872e-12 4.32473678e-12 4.31715050e-12 4.30983135e-12
 4.30191902e-12 4.29505414e-12 4.28836645e-12 4.28083794e-12
 4.27434214e-12 4.26693943e-12 4.26073279e-12 4.25443766e-12
 4.24775317e-12 4.24173869e-12 4.23525850e-12 4.22863630e-12
 4.22320793e-12 4.21736052e-12 4.21137066e-12 4.20574100e-12
 4.20016273e-12 4.19484727e-12 4.18932195e-12 4.18400666e-12
 4.17882004e-12 4.17361420e-12 4.16879829e-12 4.16393550e-12
 4.15921537e-12 4.15438827e-12 4.14983710e-12 4.14578573e-12
 4.14101070e-12 4.13654815e-12 4.13240319e-12 4.12828486e-12
 4.12438844e-12 4.12015710e-12 4.11650206e-12 4.11295779e-12
 4.10897263e-12 4.10558192e-12 4.10171988e-12 4.09851207e-12
 4.09477256e-12 4.09181917e-12 4.08877048e-12 4.08497192e-12
 4.08206976e-12 4.07935996e-12 4.07610068e-12 4.07343235e-12
 4.07035191e-12 4.06778194e-12 4.06488501e-12 4.06244844e-12
 4.05963953e-12 4.05734330e-12 4.05464562e-12 4.05251684e-12
 4.05032371e-12 4.04756725e-12 4.04553020e-12 4.04361122e-12
 4.04128418e-12 4.03939040e-12 4.03719791e-12 4.03537951e-12
 4.03334160e-12 4.03160441e-12 4.02962502e-12 4.02800047e-12
 4.02610406e-12 4.02460911e-12 4.02283030e-12 4.02116809e-12
 4.01965980e-12 4.01813858e-12 4.01667700e-12 4.01519093e-12
 4.01386280e-12 4.01239206e-12 4.01115595e-12 4.00994863e-12
 4.00856551e-12 4.00742991e-12 4.00610355e-12 4.00505168e-12
 4.00379492e-12 4.00264543e-12 4.00157081e-12 4.00052151e-12
 3.99946231e-12 3.99844279e-12 3.99744232e-12 3.99645580e-12
 3.99552328e-12 3.99461121e-12 3.99367601e-12 3.99270719e-12
 3.99193269e-12 3.99099573e-12 3.99023291e-12 3.98934118e-12
 3.98860049e-12 3.98775016e-12 3.98704044e-12 3.98620975e-12
 3.98552827e-12 3.98471855e-12 3.98407966e-12 3.98330158e-12
 3.98257887e-12 3.98190238e-12 3.98122819e-12 3.98055278e-12
 3.97987903e-12 3.97922212e-12 3.97855960e-12 3.97792786e-12
 3.97729848e-12 3.97664697e-12 3.97595546e-12 3.97539918e-12
 3.97471282e-12 3.97414751e-12 3.97347006e-12 3.97290587e-12
 3.97224095e-12 3.97167903e-12 3.97100707e-12 3.97044865e-12
 3.96977058e-12 3.96922568e-12 3.96855126e-12 3.96792471e-12
 3.96730488e-12 3.96670622e-12 3.96606040e-12 3.96535137e-12
 3.96479405e-12 3.96407336e-12 3.96350557e-12 3.96280215e-12
 3.96213609e-12 3.96148622e-12 3.96082759e-12 3.96015661e-12
 3.95947923e-12 3.95879512e-12 3.95810072e-12 3.95741218e-12
 3.95672631e-12 3.95598900e-12 3.95518128e-12 3.95455732e-12
 3.95372021e-12 3.95295346e-12 3.95220946e-12 3.95142358e-12
 3.95066816e-12 3.94989219e-12 3.94907990e-12 3.94819164e-12
 3.94746953e-12 3.94655414e-12 3.94579308e-12 3.94483699e-12
 3.94407166e-12 3.94309809e-12 3.94221538e-12 3.94130383e-12
 3.94030197e-12 3.93948723e-12 3.93844970e-12 3.93759059e-12
 3.93652948e-12 3.93564717e-12 3.93454810e-12 3.93365620e-12
 3.93251811e-12 3.93138273e-12 3.93046357e-12 3.92929347e-12
 3.92832495e-12 3.92712921e-12 3.92613020e-12 3.92489279e-12
 3.92389450e-12 3.92260921e-12 3.92132766e-12 3.92029518e-12
 3.91898166e-12 3.91789515e-12 3.91652582e-12 3.91542967e-12
 3.91404436e-12 3.91277817e-12 3.91148475e-12 3.91005941e-12
 3.90890091e-12 3.90742970e-12 3.90622519e-12 3.90468763e-12
 3.90348091e-12 3.90192773e-12 3.90053446e-12 3.89908554e-12
 3.89750484e-12 3.89622111e-12 3.89455749e-12 3.89325266e-12
 3.89155301e-12 3.89000521e-12 3.88850607e-12 3.88697708e-12
 3.88536599e-12 3.88358846e-12 3.88221376e-12 3.88037000e-12
 3.87872123e-12 3.87707161e-12 3.87540585e-12 3.87373189e-12
 3.87181750e-12 3.87029547e-12 3.86834436e-12 3.86662026e-12
 3.86483046e-12 3.86279700e-12 3.86122625e-12 3.85915549e-12
 3.85754756e-12 3.85550042e-12 3.85360929e-12 3.85172807e-12
 3.84959788e-12 3.84790787e-12 3.84567738e-12 3.84396735e-12
 3.84178211e-12 3.83956744e-12 3.83781313e-12 3.83548630e-12
 3.83369350e-12 3.83139613e-12 3.82933152e-12 3.82721150e-12
 3.82487692e-12 3.82302076e-12 3.82058012e-12 3.81870542e-12
 3.81623772e-12 3.81403689e-12 3.81185075e-12 3.80933580e-12
 3.80736775e-12 3.80481604e-12 3.80258501e-12 3.80025256e-12
 3.79762210e-12 3.79561376e-12 3.79296851e-12 3.79088832e-12
 3.78825105e-12 3.78553797e-12 3.78342484e-12 3.78066391e-12
 3.77851110e-12 3.77573650e-12 3.77298797e-12 3.77080301e-12
 3.76794903e-12 3.76575967e-12 3.76285767e-12 3.76030601e-12
 3.75773865e-12 3.75481650e-12 3.75252043e-12 3.74956272e-12
 3.74658509e-12 3.74425818e-12 3.74118283e-12 3.73884082e-12
 3.73581776e-12 3.73277531e-12 3.73039134e-12 3.72722451e-12
 3.72480047e-12 3.72166280e-12 3.71891117e-12 3.71602644e-12
 3.71282150e-12 3.71039503e-12 3.70710245e-12 3.70381673e-12
 3.70130912e-12 3.69798882e-12 3.69541407e-12 3.69215525e-12
 3.68880900e-12 3.68617928e-12 3.68277112e-12 3.67977838e-12
 3.67671458e-12 3.67326732e-12 3.67066940e-12 3.66714601e-12
 3.66406331e-12 3.66093709e-12 3.65737509e-12 3.65469838e-12
 3.65114708e-12 3.64754784e-12 3.64477326e-12]
Integrated fluxes
Total integrated flux of complex: 2.0614747026799755e-12
Section 3: 11.2 micron feature
Integrated flux of 11.2 micron feature:
1.0864794522139676e-12
