he2_113_SWS_CWsubFitting and integrated flux data

Section 1: Aliphatic features
Gaussian fitting parameters for 6.9 and 7.2 micron features
[5.00e-14 7.00e+00 2.00e-01 1.00e-14 7.25e+00 2.00e-01]
Errors on aliphatic fitting parameters
[0. 0. 0. 0. 0. 0.]
Fit model - aliphatic features
[6.60439 6.61099 6.61761 6.62423 6.63086 6.63749 6.64413 6.65078 6.65743
 6.66409 6.67076 6.67744 6.68412 6.6908  6.6975  6.7042  6.71091 6.71762
 6.72434 6.73107 6.7378  6.74455 6.75129 6.75805 6.76481 6.77158 6.77835
 6.78513 6.79192 6.79872 6.80552 6.81233 6.81915 6.82597 6.8328  6.83963
 6.84648 6.85333 6.86018 6.86705 6.87392 6.88079 6.88768 6.89457 6.90147
 6.90837 6.91528 6.9222  6.92913 6.93606 6.93749 6.943   6.94443 6.94995
 6.95138 6.9569  6.95834 6.96386 6.9653  6.97083 6.97227 6.9778  6.97924
 6.98478 6.98623 6.99177 6.99322 6.99877 7.00021 7.00577 7.00722 7.01278
 7.01423 7.0198  7.02124 7.02682 7.02827 7.03385 7.0353  7.04089 7.04234
 7.04793 7.04939 7.05498 7.05644 7.06204 7.0635  7.06911 7.07057 7.07618
 7.07764 7.08472 7.09181 7.0989  7.10601 7.11312 7.12023 7.12736 7.13449
 7.14163 7.14877 7.15592 7.16308 7.17025 7.17742 7.1846  7.19179 7.19899
 7.20619 7.2134  7.22062 7.22784 7.23507 7.24231 7.24956 7.25681 7.26407
 7.27134 7.27861 7.2859  7.29319 7.30048 7.30779 7.3151  7.32242 7.32974
 7.33708 7.34442 7.35177 7.35912 7.36648 7.37385 7.38123 7.38862 7.39601
 7.40341 7.41082 7.41823 7.42565 7.43308 7.44052 7.44796 7.45541 7.46287
 7.47034 7.47781 7.4853  7.49278 7.50028 7.50779 7.5153  7.52282 7.53034
 7.53788 7.54542 7.55297 7.56052 7.56809 7.57566 7.58324 7.59083 7.59842
 7.60602 7.61363 7.62125 7.62888 7.63651 7.64415]
[7.12334736e-15 7.60215445e-15 8.10598232e-15 8.63385865e-15
 9.18702956e-15 9.76505544e-15 1.03691442e-14 1.09996249e-14
 1.16557517e-14 1.23386384e-14 1.30483897e-14 1.37850245e-14
 1.45473102e-14 1.53349639e-14 1.61500750e-14 1.69898359e-14
 1.78549608e-14 1.87435098e-14 1.96560419e-14 2.05917236e-14
 2.15481623e-14 2.25271199e-14 2.35230005e-14 2.45388671e-14
 2.55702622e-14 2.66171002e-14 2.76761088e-14 2.87470105e-14
 2.98278732e-14 3.09166504e-14 3.20095768e-14 3.31059994e-14
 3.42035711e-14 3.52982531e-14 3.63891481e-14 3.74720974e-14
 3.85476324e-14 3.96099255e-14 4.06563151e-14 4.16871040e-14
 4.26965262e-14 4.36819138e-14 4.46433787e-14 4.55753988e-14
 4.64766953e-14 4.73433911e-14 4.81742402e-14 4.89667398e-14
 4.97184738e-14 5.04261371e-14 5.05664920e-14 5.10886495e-14
 5.12192470e-14 5.17039388e-14 5.18243972e-14 5.22692908e-14
 5.23800361e-14 5.27838411e-14 5.28837189e-14 5.32459601e-14
 5.33346854e-14 5.36536370e-14 5.37309773e-14 5.40062848e-14
 5.40724775e-14 5.43027942e-14 5.43571369e-14 5.45422411e-14
 5.45843165e-14 5.47236743e-14 5.47539736e-14 5.48469395e-14
 5.48651268e-14 5.49116956e-14 5.49177263e-14 5.49178328e-14
 5.49118205e-14 5.48655402e-14 5.48475217e-14 5.47550701e-14
 5.47251558e-14 5.45871492e-14 5.45452097e-14 5.43622984e-14
 5.43087372e-14 5.40813417e-14 5.40163848e-14 5.37452855e-14
 5.36691948e-14 5.33558998e-14 5.32689866e-14 5.28166843e-14
 5.23138227e-14 5.17628956e-14 5.11641687e-14 5.05212706e-14
 4.98364410e-14 4.91099142e-14 4.83459770e-14 4.75459642e-14
 4.67134576e-14 4.58497997e-14 4.49574720e-14 4.40389865e-14
 4.30981996e-14 4.21363723e-14 4.11560248e-14 4.01596607e-14
 3.91511647e-14 3.81315918e-14 3.71033254e-14 3.60701272e-14
 3.50328334e-14 3.39936301e-14 3.29546271e-14 3.19192763e-14
 3.08880752e-14 2.98628649e-14 2.88467825e-14 2.78386798e-14
 2.68428675e-14 2.58607352e-14 2.48909285e-14 2.39373377e-14
 2.29997607e-14 2.20804758e-14 2.11779082e-14 2.02953562e-14
 1.94323220e-14 1.85905900e-14 1.77695359e-14 1.69696397e-14
 1.61913001e-14 1.54348385e-14 1.47014790e-14 1.39903592e-14
 1.33015899e-14 1.26361022e-14 1.19929411e-14 1.13720424e-14
 1.07732913e-14 1.01972845e-14 9.64299701e-15 9.11018392e-15
 8.59856340e-15 8.10846180e-15 7.63822123e-15 7.18931122e-15
 6.75949307e-15 6.34896144e-15 5.95778557e-15 5.58495144e-15
 5.23044924e-15 4.89285458e-15 4.57257151e-15 4.26864084e-15
 3.98092632e-15 3.70815421e-15 3.45053079e-15 3.20716951e-15
 2.97755362e-15 2.76144301e-15 2.55801390e-15 2.36675724e-15
 2.18716820e-15 2.01874727e-15 1.86120080e-15 1.71381679e-15]

Integrated fluxes of aliphatic features
6.9 micron feature 2.4449639411118216e-14
7.2 micron feature 4.887930106066709e-15
S/N of 6.9: 2.211047408993934
S/N of 7.2: 0.44202881746581796

Section 2: 7.7 micron complex
Gaussian fitting parameters for 7.7 micron complex
[1.02463327e-12 7.90000000e+00 2.38157617e-01 4.93537046e-13
 7.75000000e+00 2.22415815e-01 4.87052466e-13 8.10000000e+00
 1.93177982e-01 7.68975281e-13 8.58854373e+00 1.79837382e-01]
Errors on fitting parameters
[6.47761034e-14 0.00000000e+00 0.00000000e+00 3.34139663e-14
 0.00000000e+00 5.83742344e-03 4.29065156e-14 0.00000000e+00
 1.47626866e-02 1.13749458e-14 6.30873689e-03 4.93066124e-03]
Fit model - 7.7 micron complex
[7.10601 7.11312 7.12023 7.12736 7.13449 7.14163 7.14877 7.15592 7.16308
 7.17025 7.17742 7.1846  7.19179 7.19899 7.20619 7.2134  7.22062 7.22784
 7.23507 7.24231 7.24956 7.25681 7.26407 7.27134 7.27861 7.2859  7.29319
 7.30048 7.30779 7.3151  7.32242 7.32974 7.33708 7.34442 7.35177 7.35912
 7.36648 7.37385 7.38123 7.38862 7.39601 7.40341 7.41082 7.41823 7.42565
 7.43308 7.44052 7.44796 7.45541 7.46287 7.47034 7.47781 7.4853  7.49278
 7.50028 7.50779 7.5153  7.52282 7.53034 7.53788 7.54542 7.55297 7.56052
 7.56809 7.57566 7.58324 7.59083 7.59842 7.60602 7.61363 7.62125 7.62888
 7.63651 7.64415 7.6518  7.65945 7.66712 7.67479 7.68247 7.69015 7.69785
 7.70555 7.71326 7.72097 7.7287  7.73643 7.74417 7.75192 7.75968 7.76744
 7.77521 7.78299 7.79078 7.79857 7.80637 7.81418 7.822   7.82983 7.83766
 7.8455  7.85335 7.86121 7.86907 7.87695 7.88483 7.89272 7.90061 7.90852
 7.91643 7.92435 7.93228 7.94022 7.94816 7.95611 7.96407 7.97204 7.98002
 7.988   7.99599 8.00399 8.012   8.02002 8.02804 8.03607 8.04411 8.05216
 8.06022 8.06828 8.07635 8.08443 8.09252 8.10062 8.10872 8.11684 8.12496
 8.13309 8.14122 8.14937 8.15752 8.16568 8.17385 8.18203 8.19022 8.19841
 8.20661 8.21483 8.22304 8.23127 8.23951 8.24775 8.256   8.26426 8.27253
 8.28081 8.28909 8.29739 8.30569 8.314   8.32232 8.33064 8.33898 8.34732
 8.35567 8.36403 8.3724  8.38078 8.38916 8.39755 8.40596 8.41437 8.42278
 8.43121 8.43965 8.44809 8.45654 8.465   8.47347 8.48195 8.49044 8.49893
 8.50744 8.51595 8.52447 8.533   8.54153 8.55008 8.55863 8.5672  8.57577
 8.58435 8.59294 8.60153 8.61014 8.61875 8.62738 8.63601 8.64465 8.6533
 8.66196 8.67062 8.6793  8.68798 8.69667 8.70537 8.71408 8.7228  8.73153
 8.74026 8.74901 8.75776 8.76653 8.7753  8.78408 8.79286 8.80166 8.81047
 8.81928 8.82811 8.83694 8.84578 8.85463 8.86349 8.87236 8.88123 8.89012
 8.89901]
[1.14168171e-14 1.25483048e-14 1.37786380e-14 1.51189469e-14
 1.65735785e-14 1.81528968e-14 1.98634455e-14 2.17168319e-14
 2.37230320e-14 2.58925227e-14 2.82328993e-14 3.07585223e-14
 3.34813508e-14 3.64138539e-14 3.95644740e-14 4.29505615e-14
 4.65860283e-14 5.04796853e-14 5.46511866e-14 5.91157627e-14
 6.38890599e-14 6.89798651e-14 7.44108774e-14 8.01987427e-14
 8.63516637e-14 9.29037057e-14 9.98541854e-14 1.07218832e-13
 1.15035301e-13 1.23299631e-13 1.32039561e-13 1.41259363e-13
 1.51001200e-13 1.61255175e-13 1.72050463e-13 1.83387042e-13
 1.95294391e-13 2.07787003e-13 2.20878616e-13 2.34582106e-13
 2.48889613e-13 2.63830085e-13 2.79413165e-13 2.95624916e-13
 3.12492918e-13 3.30022670e-13 3.48218098e-13 3.67055705e-13
 3.86560008e-13 4.06729654e-13 4.27561357e-13 4.49020676e-13
 4.71157696e-13 4.93873044e-13 5.17244938e-13 5.41229497e-13
 5.65777471e-13 5.90901988e-13 6.16547870e-13 6.42760290e-13
 6.69444421e-13 6.96607145e-13 7.24181861e-13 7.52209612e-13
 7.80582245e-13 8.09300381e-13 8.38325840e-13 8.67579839e-13
 8.97058676e-13 9.26718859e-13 9.56515300e-13 9.86401433e-13
 1.01629020e-12 1.04617186e-12 1.07599645e-12 1.10567445e-12
 1.13523196e-12 1.16453989e-12 1.19358457e-12 1.22227630e-12
 1.25063716e-12 1.27854103e-12 1.30597284e-12 1.33284630e-12
 1.35917990e-12 1.38485507e-12 1.40985664e-12 1.43413595e-12
 1.45764538e-12 1.48030982e-12 1.50211507e-12 1.52301748e-12
 1.54297484e-12 1.56192282e-12 1.57984875e-12 1.59671538e-12
 1.61248718e-12 1.62713042e-12 1.64059679e-12 1.65287582e-12
 1.66393956e-12 1.67376204e-12 1.68230927e-12 1.68958115e-12
 1.69553955e-12 1.70017706e-12 1.70347514e-12 1.70542927e-12
 1.70602402e-12 1.70525473e-12 1.70311598e-12 1.69960500e-12
 1.69472881e-12 1.68848672e-12 1.68088463e-12 1.67193156e-12
 1.66163977e-12 1.65004032e-12 1.63714026e-12 1.62296241e-12
 1.60753339e-12 1.59088372e-12 1.57307094e-12 1.55411365e-12
 1.53405469e-12 1.51294127e-12 1.49082498e-12 1.46779096e-12
 1.44387260e-12 1.41913455e-12 1.39364581e-12 1.36747966e-12
 1.34074687e-12 1.31346278e-12 1.28577959e-12 1.25775241e-12
 1.22950776e-12 1.20107064e-12 1.17260766e-12 1.14418282e-12
 1.11589655e-12 1.08785040e-12 1.06014644e-12 1.03291962e-12
 1.00623684e-12 9.80166504e-13 9.54900026e-13 9.30438515e-13
 9.06904678e-13 8.84412395e-13 8.63014537e-13 8.42787486e-13
 8.23801257e-13 8.06118793e-13 7.89814125e-13 7.74894629e-13
 7.61433982e-13 7.49441536e-13 7.38935509e-13 7.29933649e-13
 7.22411436e-13 7.16373098e-13 7.11783833e-13 7.08607614e-13
 7.06797305e-13 7.06294811e-13 7.07029754e-13 7.08921931e-13
 7.11886824e-13 7.15819412e-13 7.20610045e-13 7.26156113e-13
 7.32331467e-13 7.39001191e-13 7.46041197e-13 7.53316824e-13
 7.60691016e-13 7.68025569e-13 7.75182417e-13 7.82017130e-13
 7.88412063e-13 7.94222682e-13 7.99332705e-13 8.03624545e-13
 8.06984918e-13 8.09320601e-13 8.10534872e-13 8.10549767e-13
 8.09295903e-13 8.06716687e-13 8.02767246e-13 7.97422557e-13
 7.90651130e-13 7.82462705e-13 7.72845223e-13 7.61840609e-13
 7.49470444e-13 7.35778400e-13 7.20819256e-13 7.04677419e-13
 6.87390101e-13 6.69079959e-13 6.49817847e-13 6.29700201e-13
 6.08828594e-13 5.87308551e-13 5.65248364e-13 5.42783816e-13
 5.19973607e-13 4.96979155e-13 4.73855552e-13 4.50760219e-13
 4.27767671e-13 4.04999958e-13 3.82496093e-13 3.60367137e-13
 3.38715824e-13 3.17564433e-13 2.97024913e-13 2.77129476e-13
 2.57926992e-13 2.39458693e-13 2.21758240e-13 2.04870452e-13
 1.88776303e-13 1.73524171e-13]
Integrated fluxes
Total integrated flux of complex: 1.1218794211709203e-12
Section 3: 11.2 micron feature
Integrated flux of 11.2 micron feature:
2.0554678611363757e-13
