# Full model fit
#  col1: ID - 0=aliphatic, 1=7.7 complex, col2: wavelength, col3: flux density
0.000000000000000000e+00,6.604390000000000427e+00,7.123347355299443472e-15
0.000000000000000000e+00,6.610990000000000144e+00,7.602154445703742688e-15
0.000000000000000000e+00,6.617609999999999992e+00,8.105982320543787465e-15
0.000000000000000000e+00,6.624229999999999841e+00,8.633858647911214343e-15
0.000000000000000000e+00,6.630860000000000198e+00,9.187029559771372129e-15
0.000000000000000000e+00,6.637489999999999668e+00,9.765055440246854489e-15
0.000000000000000000e+00,6.644129999999999647e+00,1.036914421638360951e-14
0.000000000000000000e+00,6.650780000000000136e+00,1.099962494657046522e-14
0.000000000000000000e+00,6.657429999999999737e+00,1.165575174115749778e-14
0.000000000000000000e+00,6.664089999999999847e+00,1.233863839999871096e-14
0.000000000000000000e+00,6.670759999999999579e+00,1.304838968737021213e-14
0.000000000000000000e+00,6.677439999999999820e+00,1.378502452379387041e-14
0.000000000000000000e+00,6.684120000000000061e+00,1.454731015715135078e-14
0.000000000000000000e+00,6.690800000000000303e+00,1.533496392891718456e-14
0.000000000000000000e+00,6.697499999999999787e+00,1.615007499814359734e-14
0.000000000000000000e+00,6.704200000000000159e+00,1.698983594551815454e-14
0.000000000000000000e+00,6.710910000000000153e+00,1.785496076007575667e-14
0.000000000000000000e+00,6.717620000000000147e+00,1.874350983005611796e-14
0.000000000000000000e+00,6.724339999999999762e+00,1.965604189993344327e-14
0.000000000000000000e+00,6.731069999999999887e+00,2.059172361739794802e-14
0.000000000000000000e+00,6.737800000000000011e+00,2.154816232853648143e-14
0.000000000000000000e+00,6.744550000000000267e+00,2.252711985571384175e-14
0.000000000000000000e+00,6.751290000000000013e+00,2.352300047366311165e-14
0.000000000000000000e+00,6.758049999999999891e+00,2.453886709809453571e-14
0.000000000000000000e+00,6.764809999999999768e+00,2.557026215455882431e-14
0.000000000000000000e+00,6.771580000000000155e+00,2.661710022982174674e-14
0.000000000000000000e+00,6.778349999999999653e+00,2.767610881080916954e-14
0.000000000000000000e+00,6.785129999999999661e+00,2.874701049012917519e-14
0.000000000000000000e+00,6.791920000000000179e+00,2.982787316659109881e-14
0.000000000000000000e+00,6.798720000000000319e+00,3.091665037027447736e-14
0.000000000000000000e+00,6.805519999999999570e+00,3.200957680756004647e-14
0.000000000000000000e+00,6.812330000000000219e+00,3.310599942538216569e-14
0.000000000000000000e+00,6.819149999999999601e+00,3.420357109156438173e-14
0.000000000000000000e+00,6.825969999999999871e+00,3.529825309604480353e-14
0.000000000000000000e+00,6.832799999999999763e+00,3.638914807471409434e-14
0.000000000000000000e+00,6.839629999999999654e+00,3.747209740445078923e-14
0.000000000000000000e+00,6.846479999999999677e+00,3.854763239404707964e-14
0.000000000000000000e+00,6.853329999999999700e+00,3.960992553958517781e-14
0.000000000000000000e+00,6.860179999999999723e+00,4.065631511175822860e-14
0.000000000000000000e+00,6.867049999999999876e+00,4.168710396924074916e-14
0.000000000000000000e+00,6.873920000000000030e+00,4.269652624644493472e-14
0.000000000000000000e+00,6.880790000000000184e+00,4.368191382068413406e-14
0.000000000000000000e+00,6.887679999999999580e+00,4.464337868389755064e-14
0.000000000000000000e+00,6.894569999999999865e+00,4.557539877865001761e-14
0.000000000000000000e+00,6.901469999999999771e+00,4.647669530029300160e-14
0.000000000000000000e+00,6.908369999999999678e+00,4.734339113742243342e-14
0.000000000000000000e+00,6.915280000000000094e+00,4.817424022242625372e-14
0.000000000000000000e+00,6.922200000000000131e+00,4.896673982125388674e-14
0.000000000000000000e+00,6.929129999999999789e+00,4.971847377564643009e-14
0.000000000000000000e+00,6.936060000000000336e+00,5.042613709196041315e-14
0.000000000000000000e+00,6.937490000000000379e+00,5.056649200228588524e-14
0.000000000000000000e+00,6.942999999999999616e+00,5.108864953964713312e-14
0.000000000000000000e+00,6.944429999999999659e+00,5.121924695791492539e-14
0.000000000000000000e+00,6.949950000000000294e+00,5.170393880393473169e-14
0.000000000000000000e+00,6.951380000000000337e+00,5.182439723251682509e-14
0.000000000000000000e+00,6.956900000000000084e+00,5.226929076954055562e-14
0.000000000000000000e+00,6.958339999999999748e+00,5.238003610546545216e-14
0.000000000000000000e+00,6.963860000000000383e+00,5.278384112786354184e-14
0.000000000000000000e+00,6.965300000000000047e+00,5.288371894913067408e-14
0.000000000000000000e+00,6.970830000000000304e+00,5.324596013300479674e-14
0.000000000000000000e+00,6.972269999999999968e+00,5.333468542648974778e-14
0.000000000000000000e+00,6.977800000000000225e+00,5.365363696141749355e-14
0.000000000000000000e+00,6.979239999999999888e+00,5.373097731844660919e-14
0.000000000000000000e+00,6.984779999999999767e+00,5.400628478729597094e-14
0.000000000000000000e+00,6.986229999999999940e+00,5.407247746727649940e-14
0.000000000000000000e+00,6.991769999999999818e+00,5.430279423150289029e-14
0.000000000000000000e+00,6.993219999999999992e+00,5.435713694242105448e-14
0.000000000000000000e+00,6.998770000000000380e+00,5.454224114471107492e-14
0.000000000000000000e+00,7.000210000000000043e+00,5.458431653614995024e-14
0.000000000000000000e+00,7.005770000000000053e+00,5.472367434385227645e-14
0.000000000000000000e+00,7.007220000000000226e+00,5.475397359710796443e-14
0.000000000000000000e+00,7.012780000000000236e+00,5.484693951318367681e-14
0.000000000000000000e+00,7.014230000000000409e+00,5.486512675947858578e-14
0.000000000000000000e+00,7.019800000000000040e+00,5.491169560124334622e-14
0.000000000000000000e+00,7.021239999999999704e+00,5.491772633192053409e-14
0.000000000000000000e+00,7.026819999999999844e+00,5.491783280750901541e-14
0.000000000000000000e+00,7.028270000000000017e+00,5.491182045078828195e-14
0.000000000000000000e+00,7.033850000000000158e+00,5.486554022019069813e-14
0.000000000000000000e+00,7.035300000000000331e+00,5.484752172889715742e-14
0.000000000000000000e+00,7.040890000000000093e+00,5.475507012285424636e-14
0.000000000000000000e+00,7.042340000000000266e+00,5.472515579438286737e-14
0.000000000000000000e+00,7.047930000000000028e+00,5.458714922984886814e-14
0.000000000000000000e+00,7.049389999999999823e+00,5.454520972302558089e-14
0.000000000000000000e+00,7.054979999999999585e+00,5.436229840801961453e-14
0.000000000000000000e+00,7.056440000000000268e+00,5.430873719449910678e-14
0.000000000000000000e+00,7.062039999999999651e+00,5.408134172894633880e-14
0.000000000000000000e+00,7.063500000000000334e+00,5.401638481962221516e-14
0.000000000000000000e+00,7.069110000000000227e+00,5.374528549483868320e-14
0.000000000000000000e+00,7.070570000000000022e+00,5.366919478710161916e-14
0.000000000000000000e+00,7.076179999999999914e+00,5.335589983100818389e-14
0.000000000000000000e+00,7.077639999999999709e+00,5.326898657290598772e-14
0.000000000000000000e+00,7.084719999999999906e+00,5.281668426336366800e-14
0.000000000000000000e+00,7.091809999999999725e+00,5.231382271291696273e-14
0.000000000000000000e+00,7.098900000000000432e+00,5.176289555217214059e-14
0.000000000000000000e+00,7.106010000000000382e+00,5.116416872445488086e-14
0.000000000000000000e+00,7.113120000000000331e+00,5.052127057882282125e-14
0.000000000000000000e+00,7.120230000000000281e+00,4.983644103051224595e-14
0.000000000000000000e+00,7.127360000000000362e+00,4.910991423333198727e-14
0.000000000000000000e+00,7.134490000000000443e+00,4.834597701252392623e-14
0.000000000000000000e+00,7.141630000000000145e+00,4.754596417966623063e-14
0.000000000000000000e+00,7.148769999999999847e+00,4.671345759184319049e-14
0.000000000000000000e+00,7.155920000000000059e+00,4.584979966081332480e-14
0.000000000000000000e+00,7.163079999999999892e+00,4.495747199259197059e-14
0.000000000000000000e+00,7.170250000000000234e+00,4.403898647403650223e-14
0.000000000000000000e+00,7.177419999999999689e+00,4.309819955926415347e-14
0.000000000000000000e+00,7.184599999999999653e+00,4.213637233073873271e-14
0.000000000000000000e+00,7.191790000000000127e+00,4.115602483562689678e-14
0.000000000000000000e+00,7.198990000000000222e+00,4.015966073730673158e-14
0.000000000000000000e+00,7.206190000000000317e+00,3.915116468424938632e-14
0.000000000000000000e+00,7.213400000000000034e+00,3.813159182961512709e-14
0.000000000000000000e+00,7.220620000000000260e+00,3.710332542121674399e-14
0.000000000000000000e+00,7.227839999999999598e+00,3.607012717548915171e-14
0.000000000000000000e+00,7.235070000000000334e+00,3.503283337019303380e-14
0.000000000000000000e+00,7.242309999999999803e+00,3.399363011249283844e-14
0.000000000000000000e+00,7.249559999999999782e+00,3.295462706405074804e-14
0.000000000000000000e+00,7.256809999999999761e+00,3.191927627285381846e-14
0.000000000000000000e+00,7.264070000000000249e+00,3.088807520239762051e-14
0.000000000000000000e+00,7.271340000000000359e+00,2.986286492690998625e-14
0.000000000000000000e+00,7.278609999999999580e+00,2.884678247791504386e-14
0.000000000000000000e+00,7.285899999999999821e+00,2.783867975890733518e-14
0.000000000000000000e+00,7.293190000000000062e+00,2.684286751667141436e-14
0.000000000000000000e+00,7.300480000000000302e+00,2.586073519568393048e-14
0.000000000000000000e+00,7.307789999999999786e+00,2.489092852855896907e-14
0.000000000000000000e+00,7.315100000000000158e+00,2.393733774625200014e-14
0.000000000000000000e+00,7.322420000000000151e+00,2.299976065979753916e-14
0.000000000000000000e+00,7.329740000000000144e+00,2.208047581789991203e-14
0.000000000000000000e+00,7.337080000000000268e+00,2.117790815645889388e-14
0.000000000000000000e+00,7.344420000000000393e+00,2.029535622834197609e-14
0.000000000000000000e+00,7.351770000000000138e+00,1.943232198311969306e-14
0.000000000000000000e+00,7.359119999999999884e+00,1.859058997996250132e-14
0.000000000000000000e+00,7.366480000000000139e+00,1.776953594998834335e-14
0.000000000000000000e+00,7.373850000000000016e+00,1.696963972424065534e-14
0.000000000000000000e+00,7.381230000000000402e+00,1.619130013567222172e-14
0.000000000000000000e+00,7.388620000000000410e+00,1.543483851137856760e-14
0.000000000000000000e+00,7.396010000000000417e+00,1.470147896459382913e-14
0.000000000000000000e+00,7.403410000000000046e+00,1.399035917098884874e-14
0.000000000000000000e+00,7.410820000000000185e+00,1.330158993771518279e-14
0.000000000000000000e+00,7.418230000000000324e+00,1.263610219875698553e-14
0.000000000000000000e+00,7.425650000000000084e+00,1.199294107401397060e-14
0.000000000000000000e+00,7.433080000000000354e+00,1.137204242494112776e-14
0.000000000000000000e+00,7.440520000000000245e+00,1.077329128552205803e-14
0.000000000000000000e+00,7.447960000000000136e+00,1.019728447796886766e-14
0.000000000000000000e+00,7.455409999999999648e+00,9.642997008692417740e-15
0.000000000000000000e+00,7.462869999999999671e+00,9.110183918033975748e-15
0.000000000000000000e+00,7.470340000000000202e+00,8.598563396254975166e-15
0.000000000000000000e+00,7.477809999999999846e+00,8.108461798797585562e-15
0.000000000000000000e+00,7.485299999999999621e+00,7.638221234057210512e-15
0.000000000000000000e+00,7.492779999999999774e+00,7.189311221035780524e-15
0.000000000000000000e+00,7.500280000000000058e+00,6.759493073851942279e-15
0.000000000000000000e+00,7.507789999999999964e+00,6.348961442533419169e-15
0.000000000000000000e+00,7.515299999999999869e+00,5.957785570433169175e-15
0.000000000000000000e+00,7.522820000000000285e+00,5.584951443094192418e-15
0.000000000000000000e+00,7.530339999999999812e+00,5.230449239451380136e-15
0.000000000000000000e+00,7.537880000000000358e+00,4.892854577785749266e-15
0.000000000000000000e+00,7.545420000000000016e+00,4.572571507478679647e-15
0.000000000000000000e+00,7.552970000000000184e+00,4.268640838626543983e-15
0.000000000000000000e+00,7.560520000000000351e+00,3.980926323158986844e-15
0.000000000000000000e+00,7.568089999999999762e+00,3.708154206197746591e-15
0.000000000000000000e+00,7.575660000000000061e+00,3.450530789606420273e-15
0.000000000000000000e+00,7.583239999999999981e+00,3.207169513539859186e-15
0.000000000000000000e+00,7.590830000000000410e+00,2.977553619167217465e-15
0.000000000000000000e+00,7.598419999999999952e+00,2.761443008463883514e-15
0.000000000000000000e+00,7.606020000000000003e+00,2.558013897622078212e-15
0.000000000000000000e+00,7.613629999999999676e+00,2.366757237796144231e-15
0.000000000000000000e+00,7.621249999999999858e+00,2.187168202458798118e-15
0.000000000000000000e+00,7.628879999999999661e+00,2.018747267052797924e-15
0.000000000000000000e+00,7.636510000000000353e+00,1.861200802391061665e-15
0.000000000000000000e+00,7.644149999999999778e+00,1.713816790739312646e-15
1.000000000000000000e+00,7.106010000000000382e+00,1.141650589468818592e-14
1.000000000000000000e+00,7.113120000000000331e+00,1.254797313077735111e-14
1.000000000000000000e+00,7.120230000000000281e+00,1.377828488559357151e-14
1.000000000000000000e+00,7.127360000000000362e+00,1.511857155669136390e-14
1.000000000000000000e+00,7.134490000000000443e+00,1.657318006184016718e-14
1.000000000000000000e+00,7.141630000000000145e+00,1.815247436605702521e-14
1.000000000000000000e+00,7.148769999999999847e+00,1.986299833684994886e-14
1.000000000000000000e+00,7.155920000000000059e+00,2.171635919833288158e-14
1.000000000000000000e+00,7.163079999999999892e+00,2.372253300505929669e-14
1.000000000000000000e+00,7.170250000000000234e+00,2.589199667722334301e-14
1.000000000000000000e+00,7.177419999999999689e+00,2.823234575998307469e-14
1.000000000000000000e+00,7.184599999999999653e+00,3.075794060870841668e-14
1.000000000000000000e+00,7.191790000000000127e+00,3.348074044049675411e-14
1.000000000000000000e+00,7.198990000000000222e+00,3.641321440638534457e-14
1.000000000000000000e+00,7.206190000000000317e+00,3.956380519416657588e-14
1.000000000000000000e+00,7.213400000000000034e+00,4.294986305002313608e-14
1.000000000000000000e+00,7.220620000000000260e+00,4.658530019926605708e-14
1.000000000000000000e+00,7.227839999999999598e+00,5.047892756541917826e-14
1.000000000000000000e+00,7.235070000000000334e+00,5.465039936093703112e-14
1.000000000000000000e+00,7.242309999999999803e+00,5.911494622165664198e-14
1.000000000000000000e+00,7.249559999999999782e+00,6.388821467177112605e-14
1.000000000000000000e+00,7.256809999999999761e+00,6.897899169008499188e-14
1.000000000000000000e+00,7.264070000000000249e+00,7.440997654964956399e-14
1.000000000000000000e+00,7.271340000000000359e+00,8.019781548934189008e-14
1.000000000000000000e+00,7.278609999999999580e+00,8.635071110255899606e-14
1.000000000000000000e+00,7.285899999999999821e+00,9.290272910040373723e-14
1.000000000000000000e+00,7.293190000000000062e+00,9.985318632190262447e-14
1.000000000000000000e+00,7.300480000000000302e+00,1.072178120237832593e-13
1.000000000000000000e+00,7.307789999999999786e+00,1.150342618229350511e-13
1.000000000000000000e+00,7.315100000000000158e+00,1.232985757813026333e-13
1.000000000000000000e+00,7.322420000000000151e+00,1.320384905992195186e-13
1.000000000000000000e+00,7.329740000000000144e+00,1.412582808521536795e-13
1.000000000000000000e+00,7.337080000000000268e+00,1.510001088573290775e-13
1.000000000000000000e+00,7.344420000000000393e+00,1.612540769587960267e-13
1.000000000000000000e+00,7.351770000000000138e+00,1.720493624834802878e-13
1.000000000000000000e+00,7.359119999999999884e+00,1.833859415380515611e-13
1.000000000000000000e+00,7.366480000000000139e+00,1.952932934291448768e-13
1.000000000000000000e+00,7.373850000000000016e+00,2.077859128268074322e-13
1.000000000000000000e+00,7.381230000000000402e+00,2.208775363703874649e-13
1.000000000000000000e+00,7.388620000000000410e+00,2.345810410260276431e-13
1.000000000000000000e+00,7.396010000000000417e+00,2.488885667228855580e-13
1.000000000000000000e+00,7.403410000000000046e+00,2.638290618760096221e-13
1.000000000000000000e+00,7.410820000000000185e+00,2.794121682561761104e-13
1.000000000000000000e+00,7.418230000000000324e+00,2.956239498910736467e-13
1.000000000000000000e+00,7.425650000000000084e+00,3.124919870150280565e-13
1.000000000000000000e+00,7.433080000000000354e+00,3.300217785635222568e-13
1.000000000000000000e+00,7.440520000000000245e+00,3.482172498905732869e-13
1.000000000000000000e+00,7.447960000000000136e+00,3.670549036706609085e-13
1.000000000000000000e+00,7.455409999999999648e+00,3.865592579624166879e-13
1.000000000000000000e+00,7.462869999999999671e+00,4.067289587587466871e-13
1.000000000000000000e+00,7.470340000000000202e+00,4.275607199878307104e-13
1.000000000000000000e+00,7.477809999999999846e+00,4.490201004993881273e-13
1.000000000000000000e+00,7.485299999999999621e+00,4.711571854887526244e-13
1.000000000000000000e+00,7.492779999999999774e+00,4.938726007391291764e-13
1.000000000000000000e+00,7.500280000000000058e+00,5.172445647925503877e-13
1.000000000000000000e+00,7.507789999999999964e+00,5.412291961922271772e-13
1.000000000000000000e+00,7.515299999999999869e+00,5.657772436478614330e-13
1.000000000000000000e+00,7.522820000000000285e+00,5.909018357850170857e-13
1.000000000000000000e+00,7.530339999999999812e+00,6.165477926888476070e-13
1.000000000000000000e+00,7.537880000000000358e+00,6.427602885913578300e-13
1.000000000000000000e+00,7.545420000000000016e+00,6.694444957942801426e-13
1.000000000000000000e+00,7.552970000000000184e+00,6.966072948025752633e-13
1.000000000000000000e+00,7.560520000000000351e+00,7.241820842260928905e-13
1.000000000000000000e+00,7.568089999999999762e+00,7.522099074268925515e-13
1.000000000000000000e+00,7.575660000000000061e+00,7.805826098416045700e-13
1.000000000000000000e+00,7.583239999999999981e+00,8.093008118454317050e-13
1.000000000000000000e+00,7.590830000000000410e+00,8.383263343070467165e-13
1.000000000000000000e+00,7.598419999999999952e+00,8.675803919355380784e-13
1.000000000000000000e+00,7.606020000000000003e+00,8.970592830911399661e-13
1.000000000000000000e+00,7.613629999999999676e+00,9.267195161026399920e-13
1.000000000000000000e+00,7.621249999999999858e+00,9.565159999824092457e-13
1.000000000000000000e+00,7.628879999999999661e+00,9.864021709764874382e-13
1.000000000000000000e+00,7.636510000000000353e+00,1.016290974216490588e-12
1.000000000000000000e+00,7.644149999999999778e+00,1.046172651702392721e-12
1.000000000000000000e+00,7.651799999999999713e+00,1.075997256033847054e-12
1.000000000000000000e+00,7.659449999999999648e+00,1.105675273125832379e-12
1.000000000000000000e+00,7.667119999999999713e+00,1.135232778375455071e-12
1.000000000000000000e+00,7.674789999999999779e+00,1.164540701903178611e-12
1.000000000000000000e+00,7.682470000000000354e+00,1.193585369847235411e-12
1.000000000000000000e+00,7.690150000000000041e+00,1.222277077271746586e-12
1.000000000000000000e+00,7.697849999999999859e+00,1.250637913681459703e-12
1.000000000000000000e+00,7.705549999999999677e+00,1.278541747980556597e-12
1.000000000000000000e+00,7.713260000000000005e+00,1.305973504751382326e-12
1.000000000000000000e+00,7.720970000000000333e+00,1.332846911647224201e-12
1.000000000000000000e+00,7.728699999999999903e+00,1.359180460848669147e-12
1.000000000000000000e+00,7.736430000000000362e+00,1.384855554815710497e-12
1.000000000000000000e+00,7.744170000000000442e+00,1.409857057103948801e-12
1.000000000000000000e+00,7.751920000000000144e+00,1.434136291391027575e-12
1.000000000000000000e+00,7.759680000000000355e+00,1.457645634335095763e-12
1.000000000000000000e+00,7.767439999999999678e+00,1.480309985958842534e-12
1.000000000000000000e+00,7.775210000000000399e+00,1.502115147831967988e-12
1.000000000000000000e+00,7.782989999999999853e+00,1.523017463242315897e-12
1.000000000000000000e+00,7.790779999999999816e+00,1.542974727779028317e-12
1.000000000000000000e+00,7.798569999999999780e+00,1.561922612099950703e-12
1.000000000000000000e+00,7.806370000000000253e+00,1.579848445333806201e-12
1.000000000000000000e+00,7.814180000000000348e+00,1.596714975122814322e-12
1.000000000000000000e+00,7.822000000000000064e+00,1.612486680900700601e-12
1.000000000000000000e+00,7.829830000000000290e+00,1.627129831781148159e-12
1.000000000000000000e+00,7.837659999999999627e+00,1.640596105807261342e-12
1.000000000000000000e+00,7.845500000000000362e+00,1.652875052994103306e-12
1.000000000000000000e+00,7.853349999999999831e+00,1.663938717098203261e-12
1.000000000000000000e+00,7.861209999999999809e+00,1.673761125067041991e-12
1.000000000000000000e+00,7.869069999999999787e+00,1.682308282249983757e-12
1.000000000000000000e+00,7.876949999999999896e+00,1.689580100468059436e-12
1.000000000000000000e+00,7.884830000000000005e+00,1.695538449697155341e-12
1.000000000000000000e+00,7.892719999999999736e+00,1.700175917600628498e-12
1.000000000000000000e+00,7.900610000000000355e+00,1.703473962721776771e-12
1.000000000000000000e+00,7.908520000000000216e+00,1.705428061851217594e-12
1.000000000000000000e+00,7.916430000000000078e+00,1.706022798346180840e-12
1.000000000000000000e+00,7.924349999999999561e+00,1.705253505413238990e-12
1.000000000000000000e+00,7.932280000000000442e+00,1.703114755602524496e-12
1.000000000000000000e+00,7.940220000000000056e+00,1.699603788451321836e-12
1.000000000000000000e+00,7.948159999999999670e+00,1.694727618581556288e-12
1.000000000000000000e+00,7.956109999999999793e+00,1.688485568039846738e-12
1.000000000000000000e+00,7.964070000000000427e+00,1.680883521482166269e-12
1.000000000000000000e+00,7.972039999999999793e+00,1.671930494881743029e-12
1.000000000000000000e+00,7.980019999999999669e+00,1.661638770048907491e-12
1.000000000000000000e+00,7.988000000000000433e+00,1.650039378959953454e-12
1.000000000000000000e+00,7.995989999999999931e+00,1.637139394963150319e-12
1.000000000000000000e+00,8.003989999999999938e+00,1.622961626410116876e-12
1.000000000000000000e+00,8.012000000000000455e+00,1.607532683455004060e-12
1.000000000000000000e+00,8.020020000000000593e+00,1.590883109517021277e-12
1.000000000000000000e+00,8.028040000000000731e+00,1.573070423974791545e-12
1.000000000000000000e+00,8.036070000000000491e+00,1.554113220434806125e-12
1.000000000000000000e+00,8.044109999999999872e+00,1.534054361078920879e-12
1.000000000000000000e+00,8.052160000000000650e+00,1.512941039839139552e-12
1.000000000000000000e+00,8.060219999999999274e+00,1.490824844962461664e-12
1.000000000000000000e+00,8.068279999999999674e+00,1.467790920649985474e-12
1.000000000000000000e+00,8.076349999999999696e+00,1.443872654743400480e-12
1.000000000000000000e+00,8.084429999999999339e+00,1.419134690902224063e-12
1.000000000000000000e+00,8.092520000000000380e+00,1.393646034421461718e-12
1.000000000000000000e+00,8.100619999999999266e+00,1.367479968784657502e-12
1.000000000000000000e+00,8.108719999999999928e+00,1.340747254120893193e-12
1.000000000000000000e+00,8.116839999999999833e+00,1.313463232839021617e-12
1.000000000000000000e+00,8.124959999999999738e+00,1.285780100992766841e-12
1.000000000000000000e+00,8.133089999999999264e+00,1.257752976142238348e-12
1.000000000000000000e+00,8.141220000000000567e+00,1.229508370660003601e-12
1.000000000000000000e+00,8.149369999999999337e+00,1.201071282071099324e-12
1.000000000000000000e+00,8.157519999999999882e+00,1.172608332691817646e-12
1.000000000000000000e+00,8.165680000000000049e+00,1.144183510401668853e-12
1.000000000000000000e+00,8.173849999999999838e+00,1.115897253323008228e-12
1.000000000000000000e+00,8.182029999999999248e+00,1.087851099599233703e-12
1.000000000000000000e+00,8.190220000000000056e+00,1.060147131881046357e-12
1.000000000000000000e+00,8.198410000000000863e+00,1.032920294445118050e-12
1.000000000000000000e+00,8.206609999999999516e+00,1.006237497533856659e-12
1.000000000000000000e+00,8.214829999999999188e+00,9.801671287465502078e-13
1.000000000000000000e+00,8.223039999999999239e+00,9.549006136984276428e-13
1.000000000000000000e+00,8.231270000000000309e+00,9.304390586814890116e-13
1.000000000000000000e+00,8.239509999999999224e+00,9.069051724006813165e-13
1.000000000000000000e+00,8.247749999999999915e+00,8.844128361729317745e-13
1.000000000000000000e+00,8.256000000000000227e+00,8.630149198985797485e-13
1.000000000000000000e+00,8.264260000000000161e+00,8.427878076612509370e-13
1.000000000000000000e+00,8.272529999999999717e+00,8.238015155926956790e-13
1.000000000000000000e+00,8.280810000000000670e+00,8.061189868146892670e-13
1.000000000000000000e+00,8.289089999999999847e+00,7.898142542294899600e-13
1.000000000000000000e+00,8.297390000000000043e+00,7.748946936144548915e-13
1.000000000000000000e+00,8.305690000000000239e+00,7.614339826467018292e-13
1.000000000000000000e+00,8.314000000000000057e+00,7.494414745588529559e-13
1.000000000000000000e+00,8.322319999999999496e+00,7.389353887921046276e-13
1.000000000000000000e+00,8.330640000000000711e+00,7.299334734236042709e-13
1.000000000000000000e+00,8.338979999999999393e+00,7.224112087232487644e-13
1.000000000000000000e+00,8.347319999999999851e+00,7.163728232801700558e-13
1.000000000000000000e+00,8.355669999999999931e+00,7.117835171088755166e-13
1.000000000000000000e+00,8.364029999999999632e+00,7.086072613975828961e-13
1.000000000000000000e+00,8.372400000000000730e+00,7.067969216233807025e-13
1.000000000000000000e+00,8.380779999999999674e+00,7.062944041210240384e-13
1.000000000000000000e+00,8.389160000000000394e+00,7.070293284300121307e-13
1.000000000000000000e+00,8.397550000000000736e+00,7.089214947044712349e-13
1.000000000000000000e+00,8.405960000000000321e+00,7.118863818169256206e-13
1.000000000000000000e+00,8.414369999999999905e+00,7.158189707395161732e-13
1.000000000000000000e+00,8.422779999999999490e+00,7.206096110410467393e-13
1.000000000000000000e+00,8.431210000000000093e+00,7.261556914991333551e-13
1.000000000000000000e+00,8.439650000000000318e+00,7.323310642250763606e-13
1.000000000000000000e+00,8.448090000000000543e+00,7.390008116283765503e-13
1.000000000000000000e+00,8.456540000000000390e+00,7.460408450258188624e-13
1.000000000000000000e+00,8.464999999999999858e+00,7.533165039618389619e-13
1.000000000000000000e+00,8.473470000000000724e+00,7.606907310407332823e-13
1.000000000000000000e+00,8.481949999999999434e+00,7.680253220960494133e-13
1.000000000000000000e+00,8.490439999999999543e+00,7.751822108743056517e-13
1.000000000000000000e+00,8.498929999999999652e+00,7.820169653352439419e-13
1.000000000000000000e+00,8.507440000000000779e+00,7.884119408726382858e-13
1.000000000000000000e+00,8.515950000000000131e+00,7.942226026625455648e-13
1.000000000000000000e+00,8.524470000000000880e+00,7.993326683063397939e-13
1.000000000000000000e+00,8.532999999999999474e+00,8.036245496746670620e-13
1.000000000000000000e+00,8.541529999999999845e+00,8.069849623965343644e-13
1.000000000000000000e+00,8.550079999999999458e+00,8.093206823623425643e-13
1.000000000000000000e+00,8.558630000000000848e+00,8.105349886506770278e-13
1.000000000000000000e+00,8.567199999999999704e+00,8.105499157158468539e-13
1.000000000000000000e+00,8.575770000000000337e+00,8.092960794199565528e-13
1.000000000000000000e+00,8.584350000000000591e+00,8.067168878049717986e-13
1.000000000000000000e+00,8.592940000000000467e+00,8.027674676513278196e-13
1.000000000000000000e+00,8.601530000000000342e+00,7.974227943122070016e-13
1.000000000000000000e+00,8.610139999999999461e+00,7.906513793984492548e-13
1.000000000000000000e+00,8.618750000000000355e+00,7.824629614795136535e-13
1.000000000000000000e+00,8.627380000000000493e+00,7.728454815850676222e-13
1.000000000000000000e+00,8.636010000000000630e+00,7.618408665094508621e-13
1.000000000000000000e+00,8.644650000000000389e+00,7.494706956966843827e-13
1.000000000000000000e+00,8.653299999999999770e+00,7.357786412824157706e-13
1.000000000000000000e+00,8.661960000000000548e+00,7.208194831114862161e-13
1.000000000000000000e+00,8.670619999999999550e+00,7.046776292707340323e-13
1.000000000000000000e+00,8.679299999999999571e+00,6.873902902206938958e-13
1.000000000000000000e+00,8.687979999999999592e+00,6.690801253904377148e-13
1.000000000000000000e+00,8.696669999999999234e+00,6.498179878696005962e-13
1.000000000000000000e+00,8.705370000000000275e+00,6.297003141219009609e-13
1.000000000000000000e+00,8.714079999999999160e+00,6.088286770638333839e-13
1.000000000000000000e+00,8.722799999999999443e+00,5.873086044439880048e-13
1.000000000000000000e+00,8.731529999999999347e+00,5.652483857288058928e-13
1.000000000000000000e+00,8.740259999999999252e+00,5.427838061887229121e-13
1.000000000000000000e+00,8.749010000000000176e+00,5.199735662922740321e-13
1.000000000000000000e+00,8.757759999999999323e+00,4.969790829625890489e-13
1.000000000000000000e+00,8.766529999999999490e+00,4.738554498812708662e-13
1.000000000000000000e+00,8.775299999999999656e+00,4.507600881864604891e-13
1.000000000000000000e+00,8.784079999999999444e+00,4.277675123107138045e-13
1.000000000000000000e+00,8.792859999999999232e+00,4.049997740500060000e-13
1.000000000000000000e+00,8.801660000000000039e+00,3.824958849467241092e-13
1.000000000000000000e+00,8.810470000000000468e+00,3.603669068935763944e-13
1.000000000000000000e+00,8.819279999999999120e+00,3.387155753846272869e-13
1.000000000000000000e+00,8.828110000000000568e+00,3.175641667563285154e-13
1.000000000000000000e+00,8.836940000000000239e+00,2.970246329110282264e-13
1.000000000000000000e+00,8.845779999999999532e+00,2.771291836135800293e-13
1.000000000000000000e+00,8.854630000000000223e+00,2.579266901809615819e-13
1.000000000000000000e+00,8.863490000000000535e+00,2.394583840694450634e-13
1.000000000000000000e+00,8.872360000000000468e+00,2.217579260471522115e-13
1.000000000000000000e+00,8.881230000000000402e+00,2.048701355784069740e-13
1.000000000000000000e+00,8.890119999999999578e+00,1.887759865052464343e-13
1.000000000000000000e+00,8.899010000000000531e+00,1.735238565678599088e-13
