hr4049_SWS_CWsubFitting and integrated flux data

Section 1: Aliphatic features
Gaussian fitting parameters for 6.9 and 7.2 micron features
[0.00000000e+00 6.94281673e+00 1.10979434e-01 1.16958881e-15
 7.21298677e+00 0.00000000e+00]
Errors on aliphatic fitting parameters
[0. 0. 0. 0. 0. 0.]
Fit model - aliphatic features
[6.60564 6.61224 6.61886 6.62548 6.63211 6.63875 6.64539 6.65204 6.65869
 6.66535 6.67202 6.6787  6.68538 6.69207 6.69877 6.70547 6.71218 6.71889
 6.72561 6.73234 6.73908 6.74582 6.75257 6.75933 6.76609 6.77286 6.77963
 6.78642 6.79321 6.8     6.80681 6.81362 6.82043 6.82726 6.83409 6.84093
 6.84777 6.85462 6.86148 6.86835 6.87522 6.8821  6.88898 6.89587 6.90277
 6.90968 6.91659 6.92351 6.93044 6.93737 6.94431 6.95126 6.95822 6.96518
 6.97215 6.97912 6.9861  6.99309 7.00099 7.008   7.01501 7.02203 7.02905
 7.03608 7.04312 7.05017 7.05722 7.06429 7.07135 7.07843 7.08551 7.0926
 7.0997  7.1068  7.11391 7.12103 7.12815 7.13528 7.14242 7.14957 7.15672
 7.16388 7.17105 7.17822 7.1854  7.19259 7.19979 7.20699 7.2142  7.22142
 7.22865 7.23588 7.24312 7.25037 7.25762 7.26488 7.27215 7.27943 7.28671
 7.294   7.3013  7.3086  7.31591 7.32323 7.33056 7.33789 7.34524 7.35258
 7.35994 7.3673  7.37468 7.38205 7.38944 7.39683 7.40423 7.41164 7.41906
 7.42648 7.43391 7.44135 7.44879 7.45624 7.4637  7.47117 7.47865 7.48613
 7.49362 7.50112 7.50862 7.51613 7.52365 7.53118 7.53872 7.54626 7.55381
 7.56137 7.56893 7.5765  7.58408 7.59167 7.59927 7.60687 7.61448 7.6221
 7.62973 7.63736 7.645  ]
[0. 0. 0. 0. 0. 0. 0. 0. 0. 0. 0. 0. 0. 0. 0. 0. 0. 0. 0. 0. 0. 0. 0. 0.
 0. 0. 0. 0. 0. 0. 0. 0. 0. 0. 0. 0. 0. 0. 0. 0. 0. 0. 0. 0. 0. 0. 0. 0.
 0. 0. 0. 0. 0. 0. 0. 0. 0. 0. 0. 0. 0. 0. 0. 0. 0. 0. 0. 0. 0. 0. 0. 0.
 0. 0. 0. 0. 0. 0. 0. 0. 0. 0. 0. 0. 0. 0. 0. 0. 0. 0. 0. 0. 0. 0. 0. 0.
 0. 0. 0. 0. 0. 0. 0. 0. 0. 0. 0. 0. 0. 0. 0. 0. 0. 0. 0. 0. 0. 0. 0. 0.
 0. 0. 0. 0. 0. 0. 0. 0. 0. 0. 0. 0. 0. 0. 0. 0. 0. 0. 0. 0. 0. 0. 0. 0.
 0. 0. 0.]

Integrated fluxes of aliphatic features
6.9 micron feature 0.0
7.2 micron feature 0.0
S/N of 6.9: 0.0
S/N of 7.2: nan

Section 2: 7.7 micron complex
Gaussian fitting parameters for 7.7 micron complex
[4.12447204e-13 7.59288473e+00 8.52295831e-02 1.02154542e-12
 7.84777679e+00 1.47118130e-01 2.55246652e-13 8.19821230e+00
 2.00000000e-01 4.87570987e-13 8.65535297e+00 1.26657013e-01]
Errors on fitting parameters
[5.12284684e-14 7.81851428e-03 5.88531818e-03 2.28171184e-14
 5.48752709e-03 8.27996358e-03 2.23090417e-14 3.04901642e-02
 0.00000000e+00 8.24607761e-15 3.51331116e-03 2.97031021e-03]
Fit model - 7.7 micron complex
[7.1068  7.11391 7.12103 7.12815 7.13528 7.14242 7.14957 7.15672 7.16388
 7.17105 7.17822 7.1854  7.19259 7.19979 7.20699 7.2142  7.22142 7.22865
 7.23588 7.24312 7.25037 7.25762 7.26488 7.27215 7.27943 7.28671 7.294
 7.3013  7.3086  7.31591 7.32323 7.33056 7.33789 7.34524 7.35258 7.35994
 7.3673  7.37468 7.38205 7.38944 7.39683 7.40423 7.41164 7.41906 7.42648
 7.43391 7.44135 7.44879 7.45624 7.4637  7.47117 7.47865 7.48613 7.49362
 7.50112 7.50862 7.51613 7.52365 7.53118 7.53872 7.54626 7.55381 7.56137
 7.56893 7.5765  7.58408 7.59167 7.59927 7.60687 7.61448 7.6221  7.62973
 7.63736 7.645   7.65265 7.66031 7.66797 7.67564 7.68332 7.69101 7.6987
 7.70641 7.71412 7.72183 7.72956 7.73729 7.74503 7.75278 7.76054 7.7683
 7.77608 7.78386 7.79164 7.79944 7.80724 7.81505 7.82287 7.8307  7.83853
 7.84638 7.85423 7.86209 7.86995 7.87783 7.88571 7.8936  7.90149 7.9094
 7.91731 7.92523 7.93316 7.9411  7.94905 7.957   7.96496 7.97293 7.98091
 7.98889 7.99688 8.00488 8.01289 8.02091 8.02893 8.03697 8.04501 8.05306
 8.06112 8.06918 8.07725 8.08533 8.09342 8.10152 8.10963 8.11774 8.12586
 8.13399 8.14213 8.15028 8.15843 8.16659 8.17476 8.18294 8.19113 8.19933
 8.20753 8.21574 8.22396 8.23219 8.24043 8.24867 8.25692 8.26518 8.27345
 8.28173 8.29002 8.29831 8.30661 8.31492 8.32324 8.33157 8.33991 8.34825
 8.3566  8.36496 8.37333 8.38171 8.3901  8.39849 8.40689 8.4153  8.42372
 8.43215 8.44059 8.44903 8.45749 8.46595 8.47442 8.4829  8.49138 8.49988
 8.50838 8.5169  8.52542 8.53395 8.54248 8.55103 8.55959 8.56815 8.57672
 8.5853  8.59389 8.60249 8.6111  8.61971 8.62834 8.63697 8.64561 8.65426
 8.66292 8.67159 8.68026 8.68895 8.69764 8.70634 8.71505 8.72377 8.7325
 8.74124 8.74998 8.75874 8.7675  8.77627 8.78505 8.79384 8.80264 8.81145
 8.82026 8.82909 8.83792 8.84677 8.85562 8.86448 8.87335 8.88222 8.89111]
[3.29084932e-18 4.19934308e-18 5.35184562e-18 6.81044512e-18
 8.65765939e-18 1.09961719e-17 1.39562729e-17 1.76977758e-17
 2.24346405e-17 2.84355014e-17 3.60324867e-17 4.56727327e-17
 5.79216822e-17 7.35077174e-17 9.33392739e-17 1.18642783e-16
 1.50975933e-16 1.92347216e-16 2.45260243e-16 3.13074344e-16
 4.00027691e-16 5.11356339e-16 6.54011865e-16 8.36650136e-16
 1.07015570e-15 1.36767270e-15 1.74630341e-15 2.22677429e-15
 2.83349994e-15 3.59767502e-15 4.55609295e-15 5.75257013e-15
 7.23652950e-15 9.07224531e-15 1.13207227e-14 1.40692861e-14
 1.73992222e-14 2.14183706e-14 2.62167263e-14 3.19283659e-14
 3.86605020e-14 4.65473633e-14 5.57178423e-14 6.62990738e-14
 7.83948981e-14 9.21287369e-14 1.07594949e-13 1.24842275e-13
 1.43936600e-13 1.64892332e-13 1.87687245e-13 2.12258527e-13
 2.38463900e-13 2.66184736e-13 2.95226513e-13 3.25312067e-13
 3.56206263e-13 3.87604770e-13 4.19180092e-13 4.50591355e-13
 4.81454988e-13 5.11480691e-13 5.40358100e-13 5.67775357e-13
 5.93540391e-13 6.17475923e-13 6.39465853e-13 6.59460096e-13
 6.77454186e-13 6.93560296e-13 7.07925623e-13 7.20753208e-13
 7.32278239e-13 7.42802079e-13 7.52630557e-13 7.62078201e-13
 7.71442247e-13 7.81025496e-13 7.91088232e-13 8.01850460e-13
 8.13467943e-13 8.26087865e-13 8.39736606e-13 8.54410711e-13
 8.70091709e-13 8.86629109e-13 9.03884603e-13 9.21658691e-13
 9.39718024e-13 9.57780528e-13 9.75617109e-13 9.92898163e-13
 1.00934235e-12 1.02471503e-12 1.03871370e-12 1.05111501e-12
 1.06169886e-12 1.07027256e-12 1.07666694e-12 1.08076811e-12
 1.08246867e-12 1.08171188e-12 1.07847298e-12 1.07274539e-12
 1.06457592e-12 1.05401996e-12 1.04118295e-12 1.02614431e-12
 1.00907542e-12 9.90110690e-13 9.69418122e-13 9.47178709e-13
 9.23583430e-13 8.98861988e-13 8.73186771e-13 8.46760262e-13
 8.19783427e-13 7.92487473e-13 7.65028583e-13 7.37587869e-13
 7.10335928e-13 6.83431172e-13 6.57050934e-13 6.31259425e-13
 6.06235094e-13 5.82043586e-13 5.58766776e-13 5.36497237e-13
 5.15254878e-13 4.95073610e-13 4.75972554e-13 4.57956921e-13
 4.41019041e-13 4.25158446e-13 4.10323890e-13 3.96476652e-13
 3.83570366e-13 3.71552440e-13 3.60378701e-13 3.49973302e-13
 3.40273657e-13 3.31216460e-13 3.22738916e-13 3.14779901e-13
 3.07289903e-13 3.00204440e-13 2.93473624e-13 2.87052920e-13
 2.80903823e-13 2.75001464e-13 2.69313504e-13 2.63822664e-13
 2.58519389e-13 2.53402026e-13 2.48476922e-13 2.43763956e-13
 2.39279183e-13 2.35052333e-13 2.31120415e-13 2.27527267e-13
 2.24322974e-13 2.21566177e-13 2.19312889e-13 2.17626892e-13
 2.16574510e-13 2.16223333e-13 2.16640787e-13 2.17890564e-13
 2.20034772e-13 2.23130323e-13 2.27227107e-13 2.32366088e-13
 2.38577400e-13 2.45869193e-13 2.54261702e-13 2.63721971e-13
 2.74228694e-13 2.85732632e-13 2.98149891e-13 3.11421117e-13
 3.25406588e-13 3.40010910e-13 3.55052985e-13 3.70385659e-13
 3.85811498e-13 4.01174506e-13 4.16254150e-13 4.30824497e-13
 4.44691651e-13 4.57644635e-13 4.69477305e-13 4.79992529e-13
 4.89006313e-13 4.96344297e-13 5.01877613e-13 5.05471825e-13
 5.07039813e-13 5.06516077e-13 5.03865831e-13 4.99085887e-13
 4.92213920e-13 4.83293709e-13 4.72435045e-13 4.59745675e-13
 4.45367482e-13 4.29464190e-13 4.12217725e-13 3.93824244e-13
 3.74512483e-13 3.54449998e-13 3.33895518e-13 3.13036637e-13
 2.92077074e-13 2.71210650e-13 2.50618233e-13 2.30465173e-13
 2.10921052e-13 1.92070140e-13 1.74063666e-13 1.56949190e-13
 1.40833400e-13 1.25744740e-13 1.11712885e-13 9.87641512e-14
 8.68659074e-14]
Integrated fluxes
Total integrated flux of complex: 5.927581449110369e-13
Section 3: 11.2 micron feature
Integrated flux of 11.2 micron feature:
7.447437722826567e-14
