IRAS06111_CWsubFitting and integrated flux data

Section 1: Aliphatic features
Gaussian fitting parameters for 6.9 and 7.2 micron features
[3.28977360e-15 6.90527278e+00 7.73476726e-02 6.70558784e-16
 7.25000000e+00 3.11046923e-02]
Errors on aliphatic fitting parameters
[2.67746946e-17 5.01020488e-04 3.64562202e-04 1.04625835e-17
 0.00000000e+00 0.00000000e+00]
Fit model - aliphatic features
[6.60837984 6.6386199  6.66885996 6.69910002 6.72935009 6.75959015
 6.78983021 6.82006979 6.85030985 6.88055992 6.91079998 6.94104004
 6.9712801  7.00152016 7.03177023 7.06200981 7.09224987 7.12248993
 7.15272999 7.18298006 7.21322012 7.24346018 7.27370024 7.30393982
 7.33418989 7.36442995 7.39467001 7.42491007 7.45515013 7.4854002
 7.51563978 7.5761199  7.63660002]
[2.07889306e-18 8.63729388e-18 3.07992768e-17 9.42585200e-17
 2.47654300e-16 5.58262605e-16 1.08006148e-15 1.79338175e-15
 2.55574949e-15 3.12607262e-15 3.28138485e-15 2.95619140e-15
 2.28573146e-15 1.51682381e-15 8.63714864e-16 4.22180652e-16
 1.77110134e-16 6.39175976e-17 2.47502412e-17 7.10378927e-17
 3.34478641e-16 6.56132313e-16 5.01651009e-16 1.49087321e-16
 1.72039962e-17 7.71965060e-19 1.34657505e-20 9.17192692e-23
 2.75020647e-25 2.24867905e-27 9.89836815e-29 1.52273810e-31
 1.27228315e-34]

Integrated fluxes of aliphatic features
6.9 micron feature 6.377875752270304e-16
7.2 micron feature 5.2428241884628286e-17
S/N of 6.9: 36.720215646004085
S/N of 7.2: 4.759980060811665

Section 2: 7.7 micron complex
Gaussian fitting parameters for 7.7 micron complex
[1.45536873e-15 7.76099642e+00 2.21399964e-01 2.17145839e-16
 7.95594174e+00 8.16733492e-02 8.47161980e-16 8.19175923e+00
 1.97625347e-01 3.66169717e-16 8.60672515e+00 1.02861886e-01]
Errors on fitting parameters
[2.86575723e-17 0.00000000e+00 0.00000000e+00 2.65255270e-17
 0.00000000e+00 0.00000000e+00 2.03290425e-17 0.00000000e+00
 0.00000000e+00 1.88812117e-17 0.00000000e+00 0.00000000e+00]
Fit model - 7.7 micron complex
[7.12248993 7.15272999 7.18298006 7.21322012 7.24346018 7.27370024
 7.30393982 7.33418989 7.36442995 7.39467001 7.42491007 7.45515013
 7.4854002  7.51563978 7.5761199  7.63660002 7.69709015 7.75756979
 7.81804991 7.87854004 7.93902016 7.99950981 8.05998993 8.12047005
 8.1809597  8.24143982 8.30191994 8.36240959 8.42288971 8.48336983
 8.54386044 8.6043396  8.66483021 8.72531033 8.78579044 8.8462801 ]
[2.27472963e-17 3.34159573e-17 4.81869306e-17 6.81948525e-17
 9.47275547e-17 1.29153328e-16 1.72838550e-16 2.27053278e-16
 2.92747459e-16 3.70498671e-16 4.60279642e-16 5.61329074e-16
 6.72086935e-16 7.90006201e-16 1.03359754e-15 1.25934579e-15
 1.43435410e-15 1.54238779e-15 1.60178669e-15 1.64391417e-15
 1.63984630e-15 1.53077861e-15 1.35948700e-15 1.21186870e-15
 1.09165359e-15 9.60136548e-16 8.03410718e-16 6.41690397e-16
 5.18338288e-16 4.70711524e-16 4.79846382e-16 4.62938750e-16
 3.60790511e-16 2.10648746e-16 8.97468801e-17 2.78431651e-17]
Integrated fluxes
Total integrated flux of complex: 1.2700176482073165e-15
Section 3: 11.2 micron feature
Integrated flux of 11.2 micron feature:
8.92477887447179e-16
