iras17047_SWS_CWsubFitting and integrated flux data

Section 1: Aliphatic features
Gaussian fitting parameters for 6.9 and 7.2 micron features
[5.00000000e-14 6.89044938e+00 1.32685949e-01 2.02062410e-15
 7.18635819e+00 0.00000000e+00]
Errors on aliphatic fitting parameters
[0.         0.0159617  0.01418893 0.         0.         0.        ]
Fit model - aliphatic features
[6.60036 6.60366 6.60696 6.61027 6.61357 6.61688 6.62019 6.6235  6.62681
 6.63013 6.63344 6.63676 6.64008 6.6434  6.64672 6.65005 6.65337 6.6567
 6.66003 6.66336 6.66669 6.67003 6.67336 6.6767  6.68004 6.68338 6.68672
 6.69007 6.69341 6.69676 6.70011 6.70346 6.70681 6.71017 6.71352 6.71688
 6.72024 6.7236  6.72696 6.73033 6.73369 6.73706 6.74043 6.7438  6.74717
 6.75055 6.75392 6.7573  6.76068 6.76406 6.76745 6.77083 6.77422 6.77761
 6.78099 6.78439 6.78778 6.79117 6.79457 6.79797 6.80137 6.80477 6.80817
 6.81158 6.81498 6.81839 6.8218  6.82521 6.82863 6.83204 6.83546 6.83888
 6.8423  6.84572 6.84914 6.85257 6.856   6.85943 6.86286 6.86629 6.86972
 6.87316 6.8766  6.88004 6.88348 6.88692 6.89036 6.89381 6.89726 6.90071
 6.90416 6.90761 6.91107 6.91452 6.91798 6.92144 6.9249  6.92836 6.93183
 6.9353  6.93877 6.94224 6.94558 6.94571 6.94906 6.94918 6.95253 6.95266
 6.95601 6.95613 6.95949 6.95961 6.96297 6.96309 6.96645 6.96658 6.96994
 6.97006 6.97342 6.97355 6.97691 6.97703 6.9804  6.98052 6.98389 6.98401
 6.98738 6.98751 6.99088 6.991   6.99437 6.9945  6.99787 6.998   7.00137
 7.0015  7.00487 7.005   7.00838 7.0085  7.01188 7.01201 7.01539 7.01551
 7.0189  7.01902 7.02241 7.02253 7.02592 7.02604 7.02943 7.02956 7.03295
 7.03307 7.03647 7.03659 7.03999 7.04011 7.04351 7.04363 7.04703 7.04715
 7.05055 7.05068 7.05408 7.0542  7.05761 7.05773 7.06114 7.06126 7.06467
 7.06479 7.0682  7.06833 7.07174 7.07186 7.07527 7.07881 7.08235 7.08589
 7.08944 7.09298 7.09653 7.10008 7.10363 7.10718 7.11074 7.11429 7.11785
 7.12141 7.12497 7.12854 7.1321  7.13567 7.13924 7.14281 7.14638 7.14995
 7.15353 7.15711 7.16069 7.16427 7.16785 7.17144 7.17502 7.17861 7.1822
 7.18579 7.18939 7.19298 7.19658 7.20018 7.20378 7.20738 7.21099 7.21459
 7.2182  7.22181 7.22542 7.22904 7.23265 7.23627 7.23989 7.24351 7.24713
 7.25076 7.25438 7.25801 7.26164 7.26527 7.26891 7.27254 7.27618 7.27982
 7.28346 7.2871  7.29075 7.29439 7.29804 7.30169 7.30534 7.309   7.31265
 7.31631 7.31997 7.32363 7.32729 7.33096 7.33462 7.33829 7.34196 7.34563
 7.34931 7.35298 7.35666 7.36034 7.36402 7.3677  7.37139 7.37507 7.37876
 7.38245 7.38615 7.38984 7.39354 7.39723 7.40093 7.40463 7.40834 7.41204
 7.41575 7.41946 7.42317 7.42688 7.4306  7.43431 7.43803 7.44175 7.44547
 7.4492  7.45292 7.45665 7.46038 7.46411 7.46784 7.47158 7.47531 7.47905
 7.48279 7.48653 7.49028 7.49403 7.49777 7.50152 7.50527 7.50903 7.51278
 7.51654 7.5203  7.52406 7.52782 7.53159 7.53536 7.53912 7.54289 7.54667
 7.55044 7.55422 7.558   7.56178 7.56556 7.56934 7.57313 7.57691 7.5807
 7.5845  7.58829 7.59208 7.59588 7.59968 7.60348 7.60728 7.61109 7.61489
 7.6187  7.62251 7.62632 7.63014 7.63396 7.63777 7.64159 7.64541 7.64924]
[4.58183995e-15 4.83637732e-15 5.10189836e-15 5.37952476e-15
 5.66783833e-15 5.96883877e-15 6.28191385e-15 6.60729715e-15
 6.94521087e-15 7.29694353e-15 7.66057265e-15 8.03847753e-15
 8.42974559e-15 8.83452557e-15 9.25294745e-15 9.68644377e-15
 1.01324998e-14 1.05938693e-14 1.10692723e-14 1.15587267e-14
 1.20622236e-14 1.25813021e-14 1.31127888e-14 1.36597808e-14
 1.42205767e-14 1.47950180e-14 1.53829137e-14 1.59858580e-14
 1.65999913e-14 1.72286941e-14 1.78698137e-14 1.85229797e-14
 1.91877849e-14 1.98658187e-14 2.05525616e-14 2.12515900e-14
 2.19603070e-14 2.26781118e-14 2.34043663e-14 2.41405904e-14
 2.48817011e-14 2.56313568e-14 2.63865720e-14 2.71465220e-14
 2.79103490e-14 2.86794420e-14 2.94483273e-14 3.02206124e-14
 3.09930326e-14 3.17645763e-14 3.25364815e-14 3.33031346e-14
 3.40679886e-14 3.48276673e-14 3.55788407e-14 3.63270148e-14
 3.70644144e-14 3.77921053e-14 3.85110354e-14 3.92178826e-14
 3.99114886e-14 4.05907007e-14 4.12543746e-14 4.19032551e-14
 4.25324164e-14 4.31444530e-14 4.37364003e-14 4.43071955e-14
 4.48573791e-14 4.53827277e-14 4.58853469e-14 4.63627209e-14
 4.68139498e-14 4.72381769e-14 4.76345913e-14 4.80034638e-14
 4.83428770e-14 4.86521674e-14 4.89307278e-14 4.91780089e-14
 4.93935215e-14 4.95773248e-14 4.97283758e-14 4.98463715e-14
 4.99310747e-14 4.99823148e-14 4.99999887e-14 4.99839654e-14
 4.99341770e-14 4.98507246e-14 4.97337770e-14 4.95835707e-14
 4.93998304e-14 4.91839881e-14 4.89352287e-14 4.86546315e-14
 4.83427596e-14 4.80002359e-14 4.76266225e-14 4.72236086e-14
 4.67919918e-14 4.63326209e-14 4.58650829e-14 4.58463936e-14
 4.53523858e-14 4.53342530e-14 4.48161630e-14 4.47956022e-14
 4.42543541e-14 4.42345648e-14 4.36695385e-14 4.36489753e-14
 4.30628192e-14 4.30415208e-14 4.24353291e-14 4.24115011e-14
 4.17863410e-14 4.17636898e-14 4.11207590e-14 4.10955541e-14
 4.04359671e-14 4.04121279e-14 3.97350796e-14 3.97107090e-14
 3.90193366e-14 3.89944774e-14 3.82899867e-14 3.82625726e-14
 3.75461420e-14 3.75204337e-14 3.67933113e-14 3.67650710e-14
 3.60284413e-14 3.59998577e-14 3.52549327e-14 3.52260524e-14
 3.44740354e-14 3.44449045e-14 3.36847309e-14 3.36576516e-14
 3.28927425e-14 3.28632467e-14 3.20947565e-14 3.20674232e-14
 3.12942230e-14 3.12668234e-14 3.04923115e-14 3.04648851e-14
 2.96901649e-14 2.96627504e-14 2.88888970e-14 2.88592515e-14
 2.80873164e-14 2.80600373e-14 2.72887653e-14 2.72616077e-14
 2.64942652e-14 2.64672632e-14 2.57047998e-14 2.56779863e-14
 2.49213133e-14 2.48947198e-14 2.41447091e-14 2.41161708e-14
 2.33736760e-14 2.33476121e-14 2.26112555e-14 2.25854983e-14
 2.18582278e-14 2.18328031e-14 2.11153281e-14 2.10902600e-14
 2.03832454e-14 2.03564998e-14 1.96605981e-14 1.96363109e-14
 1.89520670e-14 1.82541910e-14 1.75695027e-14 1.68984634e-14
 1.62396531e-14 1.55971541e-14 1.49676636e-14 1.43533007e-14
 1.37543058e-14 1.31708769e-14 1.26015941e-14 1.20497730e-14
 1.15123842e-14 1.09910466e-14 1.04857667e-14 9.99516501e-15
 9.52192961e-15 9.06331016e-15 8.62053713e-15 8.19346154e-15
 7.78190851e-15 7.38567903e-15 7.00350515e-15 6.63627416e-15
 6.28372299e-15 5.94557125e-15 5.62152296e-15 5.31042061e-15
 5.01367442e-15 4.72929166e-15 4.45777500e-15 4.19877174e-15
 3.95125194e-15 3.71622593e-15 3.49201466e-15 3.27891614e-15
 3.07655628e-15 2.88456095e-15 2.70206510e-15 2.52970792e-15
 2.36616163e-15 2.21155099e-15 2.06551347e-15 1.92732124e-15
 1.79738593e-15 1.67464126e-15 1.55911797e-15 1.45048388e-15
 1.34841501e-15 1.25233958e-15 1.16247967e-15 1.07803955e-15
 9.98985017e-16 9.25035090e-16 8.55734487e-16 7.91201817e-16
 7.30828236e-16 6.74553684e-16 6.22143943e-16 5.73374527e-16
 5.27910532e-16 4.85795249e-16 4.46600099e-16 4.10256742e-16
 3.76585851e-16 3.45334831e-16 3.16512216e-16 2.89805670e-16
 2.65150736e-16 2.42408784e-16 2.21448849e-16 2.02096779e-16
 1.84341313e-16 1.67975153e-16 1.52944957e-16 1.39153146e-16
 1.26475223e-16 1.14894149e-16 1.04266097e-16 9.45484157e-17
 8.56705058e-17 7.75665261e-17 7.01559728e-17 6.34218090e-17
 5.72740745e-17 5.16822786e-17 4.65872488e-17 4.19737684e-17
 3.77771226e-17 3.39834212e-17 3.05382055e-17 2.74209328e-17
 2.45954899e-17 2.20504707e-17 1.97475384e-17 1.76713014e-17
 1.58009999e-17 1.41176065e-17 1.25998333e-17 1.12398708e-17
 1.00157444e-17 8.91792419e-18 7.93419656e-18 7.05119844e-18
 6.26351997e-18 5.55767262e-18 4.92747297e-18 4.36528233e-18
 3.86417886e-18 3.41676844e-18 3.01976468e-18 2.66589020e-18
 2.35161579e-18 2.07274288e-18 1.82486811e-18 1.60535335e-18
 1.41160347e-18 1.23982107e-18 1.08807395e-18 9.53802218e-19
 8.35724270e-19 7.31419212e-19 6.39618427e-19 5.58890623e-19
 4.87959674e-19 4.25533876e-19 3.70794891e-19 3.22955553e-19
 2.80958439e-19 2.44134370e-19 2.12044060e-19 1.83953881e-19
 1.59455437e-19 1.38107493e-19 1.19520579e-19 1.03351233e-19
 8.92622382e-20 7.70610432e-20 6.64475937e-20 5.72266195e-20
 4.92643621e-20 4.23753503e-20 3.64053651e-20 3.12508097e-20
 2.68040828e-20 2.29712390e-20 1.96622819e-20 1.68230230e-20
 1.43760081e-20 1.22748020e-20 1.04720715e-20 8.92298475e-21
 7.59674832e-21 6.46501759e-21 5.49500775e-21 4.66666840e-21
 3.95820636e-21]

Integrated fluxes of aliphatic features
6.9 micron feature 1.639029524016061e-14
7.2 micron feature 0.0
S/N of 6.9: 2.5791902441032093
S/N of 7.2: nan

Section 2: 7.7 micron complex
Gaussian fitting parameters for 7.7 micron complex
[1.23639246e-12 7.60579976e+00 1.41763956e-01 1.50000000e-12
 7.86406814e+00 1.38955095e-01 1.07211708e-12 8.10403971e+00
 2.00000000e-01 1.10873455e-12 8.59190077e+00 1.92940954e-01]
Errors on fitting parameters
[3.49497337e-14 5.35576258e-03 2.31539982e-03 0.00000000e+00
 5.86525586e-03 1.74144325e-03 2.31068572e-14 8.23962651e-03
 0.00000000e+00 5.46276802e-15 2.57165246e-03 2.14636578e-03]
Fit model - 7.7 micron complex
[7.10008 7.10363 7.10718 7.11074 7.11429 7.11785 7.12141 7.12497 7.12854
 7.1321  7.13567 7.13924 7.14281 7.14638 7.14995 7.15353 7.15711 7.16069
 7.16427 7.16785 7.17144 7.17502 7.17861 7.1822  7.18579 7.18939 7.19298
 7.19658 7.20018 7.20378 7.20738 7.21099 7.21459 7.2182  7.22181 7.22542
 7.22904 7.23265 7.23627 7.23989 7.24351 7.24713 7.25076 7.25438 7.25801
 7.26164 7.26527 7.26891 7.27254 7.27618 7.27982 7.28346 7.2871  7.29075
 7.29439 7.29804 7.30169 7.30534 7.309   7.31265 7.31631 7.31997 7.32363
 7.32729 7.33096 7.33462 7.33829 7.34196 7.34563 7.34931 7.35298 7.35666
 7.36034 7.36402 7.3677  7.37139 7.37507 7.37876 7.38245 7.38615 7.38984
 7.39354 7.39723 7.40093 7.40463 7.40834 7.41204 7.41575 7.41946 7.42317
 7.42688 7.4306  7.43431 7.43803 7.44175 7.44547 7.4492  7.45292 7.45665
 7.46038 7.46411 7.46784 7.47158 7.47531 7.47905 7.48279 7.48653 7.49028
 7.49403 7.49777 7.50152 7.50527 7.50903 7.51278 7.51654 7.5203  7.52406
 7.52782 7.53159 7.53536 7.53912 7.54289 7.54667 7.55044 7.55422 7.558
 7.56178 7.56556 7.56934 7.57313 7.57691 7.5807  7.5845  7.58829 7.59208
 7.59588 7.59968 7.60348 7.60728 7.61109 7.61489 7.6187  7.62251 7.62632
 7.63014 7.63396 7.63777 7.64159 7.64541 7.64924 7.65306 7.65689 7.66072
 7.66455 7.66839 7.67222 7.67606 7.6799  7.68374 7.68758 7.69142 7.69527
 7.69912 7.70297 7.70682 7.71068 7.71453 7.71839 7.72225 7.72611 7.72998
 7.73384 7.73771 7.74158 7.74545 7.74933 7.7532  7.75708 7.76096 7.76484
 7.76872 7.77261 7.7765  7.78039 7.78428 7.78817 7.79207 7.79596 7.79986
 7.80376 7.80767 7.81157 7.81548 7.81939 7.8233  7.82721 7.83112 7.83504
 7.83896 7.84288 7.8468  7.85073 7.85465 7.85858 7.86251 7.86644 7.87038
 7.87431 7.87825 7.88219 7.88613 7.89008 7.89402 7.89797 7.90192 7.90587
 7.90983 7.91378 7.91774 7.9217  7.92566 7.92963 7.93359 7.93756 7.94153
 7.9455  7.94948 7.95345 7.95743 7.96141 7.96539 7.96937 7.97336 7.97735
 7.98134 7.98533 7.98932 7.99332 7.99732 8.00132 8.00532 8.00932 8.01333
 8.01733 8.02134 8.02536 8.02937 8.03339 8.0374  8.04142 8.04544 8.04947
 8.05349 8.05752 8.06155 8.06558 8.06962 8.07365 8.07769 8.08173 8.08577
 8.08982 8.09386 8.09791 8.10196 8.10601 8.11007 8.11412 8.11818 8.12224
 8.1263  8.13037 8.13443 8.1385  8.14257 8.14664 8.15072 8.15479 8.15887
 8.16295 8.16704 8.17112 8.17521 8.1793  8.18339 8.18748 8.19157 8.19567
 8.19977 8.20387 8.20797 8.21208 8.21619 8.22029 8.22441 8.22852 8.23263
 8.23675 8.24087 8.24499 8.24912 8.25324 8.25737 8.2615  8.26563 8.26976
 8.2739  8.27804 8.28218 8.28632 8.29046 8.29461 8.29876 8.30291 8.30706
 8.31122 8.31537 8.31953 8.32369 8.32786 8.33202 8.33619 8.34036 8.34453
 8.3487  8.35288 8.35705 8.36123 8.36542 8.3696  8.37379 8.37797 8.38216
 8.38636 8.39055 8.39475 8.39894 8.40314 8.40735 8.41155 8.41576 8.41997
 8.42418 8.42839 8.43261 8.43682 8.44104 8.44527 8.44949 8.45372 8.45794
 8.46217 8.46641 8.47064 8.47488 8.47911 8.48336 8.4876  8.49184 8.49609
 8.50034 8.50459 8.50884 8.5131  8.51736 8.52162 8.52588 8.53014 8.53441
 8.53868 8.54295 8.54722 8.55149 8.55577 8.56005 8.56433 8.56861 8.5729
 8.57719 8.58148 8.58577 8.59006 8.59436 8.59866 8.60296 8.60726 8.61156
 8.61587 8.62018 8.62449 8.62881 8.63312 8.63744 8.64176 8.64608 8.6504
 8.65473 8.65906 8.66339 8.66772 8.67206 8.67639 8.68073 8.68507 8.68942
 8.69376 8.69811 8.70246 8.70681 8.71117 8.71553 8.71988 8.72425 8.72861
 8.73298 8.73734 8.74171 8.74608 8.75046 8.75483 8.75921 8.76359 8.76798
 8.77236 8.77675 8.78114 8.78553 8.78992 8.79432 8.79872 8.80312 8.80752
 8.81193 8.81633 8.82074 8.82515 8.82957 8.83398 8.8384  8.84282 8.84724
 8.85167 8.8561  8.86053 8.86496 8.86939 8.87383 8.87826 8.8827  8.88715
 8.89159 8.89604]
[2.13591477e-15 2.33479317e-15 2.55059220e-15 2.78527940e-15
 3.03890334e-15 3.31435195e-15 3.61249286e-15 3.93497541e-15
 4.28456636e-15 4.66116507e-15 5.06886141e-15 5.50873063e-15
 5.98298427e-15 6.49395707e-15 7.04411141e-15 7.63776101e-15
 8.27617515e-15 8.96225028e-15 9.69902946e-15 1.04897064e-14
 1.13400816e-14 1.22489329e-14 1.32250293e-14 1.42697863e-14
 1.53872418e-14 1.65850449e-14 1.78609383e-14 1.92266225e-14
 2.06834433e-14 2.22363674e-14 2.38905451e-14 2.56563546e-14
 2.75295427e-14 2.95262498e-14 3.16473603e-14 3.38989832e-14
 3.62942164e-14 3.88263003e-14 4.15159300e-14 4.43631396e-14
 4.73749327e-14 5.05584628e-14 5.39305686e-14 5.74801145e-14
 6.12343046e-14 6.51913162e-14 6.93589681e-14 7.37575548e-14
 7.83708975e-14 8.32324851e-14 8.83380498e-14 9.36957325e-14
 9.93136710e-14 1.05216526e-13 1.11380039e-13 1.17846120e-13
 1.24606187e-13 1.31668090e-13 1.39060157e-13 1.46749541e-13
 1.54785742e-13 1.63155289e-13 1.71865070e-13 1.80921686e-13
 1.90357610e-13 2.00127354e-13 2.10289873e-13 2.20824128e-13
 2.31734826e-13 2.43057481e-13 2.54734273e-13 2.66832018e-13
 2.79322032e-13 2.92206314e-13 3.05486222e-13 3.19200155e-13
 3.33273783e-13 3.47782876e-13 3.62688264e-13 3.78029714e-13
 3.93721275e-13 4.09844158e-13 4.26306568e-13 4.43192242e-13
 4.60450740e-13 4.78122991e-13 4.96105666e-13 5.14487024e-13
 5.33209126e-13 5.52261309e-13 5.71632078e-13 5.91362558e-13
 6.11333527e-13 6.31638674e-13 6.52209799e-13 6.73031414e-13
 6.94144245e-13 7.15418218e-13 7.36950164e-13 7.58665028e-13
 7.80544137e-13 8.02568350e-13 8.24777652e-13 8.47033332e-13
 8.69434417e-13 8.91900800e-13 9.14411750e-13 9.37006716e-13
 9.59604563e-13 9.82124186e-13 1.00466526e-12 1.02714695e-12
 1.04960857e-12 1.07191068e-12 1.09415263e-12 1.11625567e-12
 1.13820129e-12 1.15997165e-12 1.18160674e-12 1.20303202e-12
 1.22417600e-12 1.24513659e-12 1.26589825e-12 1.28633856e-12
 1.30655446e-12 1.32648102e-12 1.34610908e-12 1.36543074e-12
 1.38443933e-12 1.40317848e-12 1.42154523e-12 1.43963394e-12
 1.45744053e-12 1.47487110e-12 1.49197404e-12 1.50879555e-12
 1.52529372e-12 1.54147338e-12 1.55734055e-12 1.57294290e-12
 1.58820672e-12 1.60322156e-12 1.61795703e-12 1.63242412e-12
 1.64667157e-12 1.66067360e-12 1.67440755e-12 1.68795908e-12
 1.70130581e-12 1.71449618e-12 1.72747574e-12 1.74032695e-12
 1.75303013e-12 1.76559956e-12 1.77808164e-12 1.79042499e-12
 1.80270724e-12 1.81490860e-12 1.82704088e-12 1.83911508e-12
 1.85114123e-12 1.86315953e-12 1.87514656e-12 1.88710904e-12
 1.89905245e-12 1.91101185e-12 1.92292797e-12 1.93486396e-12
 1.94678857e-12 1.95869999e-12 1.97062563e-12 1.98249888e-12
 1.99437467e-12 2.00621404e-12 2.01800723e-12 2.02977321e-12
 2.04143851e-12 2.05304910e-12 2.06455901e-12 2.07595115e-12
 2.08720721e-12 2.09833606e-12 2.10928781e-12 2.12004074e-12
 2.13057229e-12 2.14085913e-12 2.15090272e-12 2.16062704e-12
 2.17005714e-12 2.17914239e-12 2.18787931e-12 2.19619783e-12
 2.20411538e-12 2.21158510e-12 2.21858247e-12 2.22508355e-12
 2.23106516e-12 2.23651816e-12 2.24140508e-12 2.24570552e-12
 2.24940035e-12 2.25247879e-12 2.25490876e-12 2.25668778e-12
 2.25779552e-12 2.25822040e-12 2.25795103e-12 2.25698078e-12
 2.25529859e-12 2.25290181e-12 2.24978818e-12 2.24594676e-12
 2.24139869e-12 2.23612453e-12 2.23014055e-12 2.22345429e-12
 2.21605564e-12 2.20799330e-12 2.19923959e-12 2.18982895e-12
 2.17977797e-12 2.16907704e-12 2.15779974e-12 2.14591024e-12
 2.13345872e-12 2.12046881e-12 2.10693059e-12 2.09293782e-12
 2.07844665e-12 2.06351914e-12 2.04818332e-12 2.03246768e-12
 2.01636027e-12 1.99992940e-12 1.98320447e-12 1.96621485e-12
 1.94898979e-12 1.93151439e-12 1.91386042e-12 1.89605630e-12
 1.87812991e-12 1.86010848e-12 1.84197323e-12 1.82384037e-12
 1.80564418e-12 1.78740868e-12 1.76924769e-12 1.75109275e-12
 1.73305512e-12 1.71506471e-12 1.69718534e-12 1.67939058e-12
 1.66178515e-12 1.64429669e-12 1.62698324e-12 1.60985765e-12
 1.59288987e-12 1.57617442e-12 1.55963778e-12 1.54333003e-12
 1.52725844e-12 1.51139037e-12 1.49580948e-12 1.48044297e-12
 1.46533323e-12 1.45048290e-12 1.43585819e-12 1.42153234e-12
 1.40743518e-12 1.39360236e-12 1.38003335e-12 1.36669470e-12
 1.35365057e-12 1.34083496e-12 1.32827833e-12 1.31597843e-12
 1.30390363e-12 1.29211061e-12 1.28053888e-12 1.26921517e-12
 1.25811012e-12 1.24727561e-12 1.23665621e-12 1.22627662e-12
 1.21613488e-12 1.20622923e-12 1.19655820e-12 1.18709774e-12
 1.17787082e-12 1.16887678e-12 1.16011523e-12 1.15156561e-12
 1.14324979e-12 1.13518770e-12 1.12732205e-12 1.11971209e-12
 1.11233985e-12 1.10518992e-12 1.09828244e-12 1.09161953e-12
 1.08518824e-12 1.07902221e-12 1.07309413e-12 1.06742205e-12
 1.06200878e-12 1.05685720e-12 1.05195869e-12 1.04732892e-12
 1.04297072e-12 1.03888681e-12 1.03507980e-12 1.03154392e-12
 1.02829097e-12 1.02532293e-12 1.02264155e-12 1.02024283e-12
 1.01813939e-12 1.01632182e-12 1.01479584e-12 1.01355873e-12
 1.01261584e-12 1.01196159e-12 1.01159702e-12 1.01152003e-12
 1.01172797e-12 1.01221913e-12 1.01298737e-12 1.01403194e-12
 1.01534979e-12 1.01692898e-12 1.01877078e-12 1.02085950e-12
 1.02319762e-12 1.02577868e-12 1.02858160e-12 1.03161031e-12
 1.03484039e-12 1.03827664e-12 1.04190920e-12 1.04570901e-12
 1.04968180e-12 1.05380580e-12 1.05806759e-12 1.06245329e-12
 1.06695935e-12 1.07154965e-12 1.07623081e-12 1.08098774e-12
 1.08578203e-12 1.09062014e-12 1.09546273e-12 1.10031605e-12
 1.10516311e-12 1.10996398e-12 1.11472412e-12 1.11940389e-12
 1.12401888e-12 1.12851893e-12 1.13289781e-12 1.13714829e-12
 1.14124289e-12 1.14516478e-12 1.14889742e-12 1.15243258e-12
 1.15574520e-12 1.15881962e-12 1.16164056e-12 1.16419322e-12
 1.16646827e-12 1.16844549e-12 1.17011154e-12 1.17145369e-12
 1.17245982e-12 1.17311957e-12 1.17341934e-12 1.17334898e-12
 1.17289905e-12 1.17205849e-12 1.17081995e-12 1.16917628e-12
 1.16712115e-12 1.16464904e-12 1.16174806e-12 1.15841960e-12
 1.15466066e-12 1.15046911e-12 1.14584366e-12 1.14077160e-12
 1.13526362e-12 1.12932100e-12 1.12293056e-12 1.11612488e-12
 1.10887617e-12 1.10120435e-12 1.09311483e-12 1.08461383e-12
 1.07568720e-12 1.06636190e-12 1.05664637e-12 1.04654974e-12
 1.03605722e-12 1.02522760e-12 1.01402194e-12 1.00247649e-12
 9.90575727e-13 9.78387100e-13 9.65867668e-13 9.53058847e-13
 9.39974720e-13 9.26598762e-13 9.12975600e-13 8.99152411e-13
 8.85048488e-13 8.70775519e-13 8.56283869e-13 8.41655776e-13
 8.26840193e-13 8.11886620e-13 7.96776580e-13 7.81595228e-13
 7.66289233e-13 7.50909304e-13 7.35436096e-13 7.19955924e-13
 7.04413779e-13 6.88860438e-13 6.73311122e-13 6.57780764e-13
 6.42248734e-13 6.26764817e-13 6.11343028e-13 5.95996990e-13
 5.80705359e-13 5.65550294e-13 5.50475311e-13 5.35526933e-13
 5.20683222e-13 5.06022348e-13 4.91488354e-13 4.77124693e-13
 4.62940872e-13 4.48914425e-13 4.35086146e-13 4.21463989e-13
 4.08055360e-13 3.94867124e-13 3.81876601e-13 3.69148099e-13
 3.56629422e-13 3.44326944e-13 3.32300182e-13 3.20498679e-13]
Integrated fluxes
Total integrated flux of complex: 1.4991949049782922e-12
Section 3: 11.2 micron feature
Integrated flux of 11.2 micron feature:
2.386105781011892e-13
