IRASf05192_CWsubFitting and integrated flux data

Section 1: Aliphatic features
Gaussian fitting parameters for 6.9 and 7.2 micron features
[6.55218117e-16 6.96942758e+00 4.22103367e-02 0.00000000e+00
 7.22690760e+00 4.51335062e-02]
Errors on aliphatic fitting parameters
[1.13350327e-16 0.00000000e+00 3.30821563e-03 0.00000000e+00
 0.00000000e+00 0.00000000e+00]
Fit model - aliphatic features
[6.60837984 6.6386199  6.66885996 6.69910002 6.72935009 6.75959015
 6.78983021 6.82006979 6.85030985 6.88055992 6.91079998 6.94104004
 6.9712801  7.00152016 7.03177023 7.06200981 7.09224987 7.12248993
 7.15272999 7.18298006 7.21322012 7.24346018 7.27370024 7.30393982
 7.33418989 7.36442995 7.39467001 7.42491007 7.45515013 7.4854002
 7.51563978 7.5761199  7.63660002]
[8.49646179e-32 3.01361841e-29 6.39790003e-27 8.12990886e-25
 6.19182881e-23 2.81832734e-21 7.67826264e-20 1.25203414e-18
 1.22205089e-17 7.14296253e-17 2.49732898e-16 5.22603339e-16
 6.54587399e-16 4.90752069e-16 2.20142311e-16 5.91198121e-17
 9.50286065e-18 9.14270516e-19 5.26494824e-20 1.81255546e-21
 3.73882347e-23 4.61612600e-25 3.41129586e-27 1.50903404e-29
 3.98705339e-32 6.31714144e-35 5.99084644e-38 3.40059422e-41
 1.15536837e-44 2.34274916e-48 2.85153827e-52 9.05655863e-61
 3.69184409e-70]

Integrated fluxes of aliphatic features
6.9 micron feature 6.932296863736897e-17
7.2 micron feature 0.0
S/N of 6.9: 43.156075098728856
S/N of 7.2: 0.0

Section 2: 7.7 micron complex
Gaussian fitting parameters for 7.7 micron complex
[9.51649633e-16 7.71953126e+00 2.25766488e-01 8.91596852e-16
 7.92941272e+00 1.38733077e-01 7.74595911e-16 8.26460223e+00
 1.52158934e-01 7.67447084e-16 8.61388850e+00 1.49120660e-01]
Errors on fitting parameters
[3.31573621e-17 0.00000000e+00 0.00000000e+00 3.60529939e-17
 0.00000000e+00 0.00000000e+00 1.28066948e-17 0.00000000e+00
 0.00000000e+00 1.54273708e-17 0.00000000e+00 0.00000000e+00]
Fit model - 7.7 micron complex
[7.12248993 7.15272999 7.18298006 7.21322012 7.24346018 7.27370024
 7.30393982 7.33418989 7.36442995 7.39467001 7.42491007 7.45515013
 7.4854002  7.51563978 7.5761199  7.63660002 7.69709015 7.75756979
 7.81804991 7.87854004 7.93902016 7.99950981 8.05998993 8.12047005
 8.1809597  8.24143982 8.30191994 8.36240959 8.42288971 8.48336983
 8.54386044 8.6043396  8.66483021 8.72531033 8.78579044 8.8462801 ]
[2.88320175e-17 4.07205934e-17 5.64947966e-17 7.69777792e-17
 1.03023481e-16 1.35433773e-16 1.74883016e-16 2.21848517e-16
 2.76454182e-16 3.38494987e-16 4.07342632e-16 4.81984273e-16
 5.61150711e-16 6.43393247e-16 8.12639916e-16 9.85843872e-16
 1.16709254e-15 1.35524720e-15 1.52169101e-15 1.60722610e-15
 1.56123722e-15 1.39581002e-15 1.19218860e-15 1.03982763e-15
 9.67486449e-16 9.36438982e-16 8.96083136e-16 8.38498301e-16
 7.97843847e-16 8.02204498e-16 8.32347361e-16 8.30373063e-16
 7.48459146e-16 5.88478165e-16 3.97107035e-16 2.28386136e-16]
Integrated fluxes
Total integrated flux of complex: 1.1418182019090854e-15
Section 3: 11.2 micron feature
Integrated flux of 11.2 micron feature:
6.198425237535598e-16
