# Full model fit
#  col1: ID - 0=aliphatic, 1=7.7 complex, col2: wavelength, col3: flux density
0.000000000000000000e+00,6.608379840850830078e+00,5.717151514228787988e-20
0.000000000000000000e+00,6.638619899749755859e+00,3.550669202502369041e-19
0.000000000000000000e+00,6.668859958648681641e+00,1.825373856799864356e-18
0.000000000000000000e+00,6.699100017547607422e+00,7.767916364084463468e-18
0.000000000000000000e+00,6.729350090026855469e+00,2.737384778633182493e-17
0.000000000000000000e+00,6.759590148925781250e+00,7.981482826634166545e-17
0.000000000000000000e+00,6.789830207824707031e+00,1.926382040739849405e-16
0.000000000000000000e+00,6.820069789886474609e+00,3.848648667700399044e-16
0.000000000000000000e+00,6.850309848785400391e+00,6.364885603182517105e-16
0.000000000000000000e+00,6.880559921264648438e+00,8.713960926073398429e-16
0.000000000000000000e+00,6.910799980163574219e+00,9.873996388921234458e-16
0.000000000000000000e+00,6.941040039062500000e+00,9.261501931074635595e-16
0.000000000000000000e+00,6.971280097961425781e+00,7.190862440514200063e-16
0.000000000000000000e+00,7.001520156860351562e+00,4.621592415968189877e-16
0.000000000000000000e+00,7.031770229339599609e+00,2.458153796946148967e-16
0.000000000000000000e+00,7.062009811401367188e+00,1.082482781721743611e-16
0.000000000000000000e+00,7.092249870300292969e+00,3.945836401277669489e-17
0.000000000000000000e+00,7.122489929199218750e+00,1.190606514669943538e-17
0.000000000000000000e+00,7.152729988098144531e+00,2.973777942800127434e-18
0.000000000000000000e+00,7.182980060577392578e+00,6.144968262679377643e-19
0.000000000000000000e+00,7.213220119476318359e+00,1.051610578836148154e-19
0.000000000000000000e+00,7.243460178375244141e+00,1.489708686416026023e-20
0.000000000000000000e+00,7.273700237274169922e+00,1.746863037951475716e-21
0.000000000000000000e+00,7.303939819335937500e+00,1.695680720508926057e-22
0.000000000000000000e+00,7.334189891815185547e+00,1.361284468233662668e-23
0.000000000000000000e+00,7.364429950714111328e+00,9.053443838076850543e-25
0.000000000000000000e+00,7.394670009613037109e+00,4.984135446484728613e-26
0.000000000000000000e+00,7.424910068511962891e+00,2.271312870419769047e-27
0.000000000000000000e+00,7.455150127410888672e+00,8.567915790737722621e-29
0.000000000000000000e+00,7.485400199890136719e+00,2.672221170252835876e-30
0.000000000000000000e+00,7.515639781951904297e+00,6.907029801896701456e-32
0.000000000000000000e+00,7.576119899749755859e+00,2.617060246668629545e-35
0.000000000000000000e+00,7.636600017547607422e+00,4.655652083147794827e-39
1.000000000000000000e+00,7.122489929199218750e+00,1.027489525393191418e-16
1.000000000000000000e+00,7.152729988098144531e+00,1.621096058625508010e-16
1.000000000000000000e+00,7.182980060577392578e+00,2.484643227633852824e-16
1.000000000000000000e+00,7.213220119476318359e+00,3.698457795494829720e-16
1.000000000000000000e+00,7.243460178375244141e+00,5.347396957361225398e-16
1.000000000000000000e+00,7.273700237274169922e+00,7.509825167133157273e-16
1.000000000000000000e+00,7.303939819335937500e+00,1.024428838485664717e-15
1.000000000000000000e+00,7.334189891815185547e+00,1.357509343362198704e-15
1.000000000000000000e+00,7.364429950714111328e+00,1.747163707762550164e-15
1.000000000000000000e+00,7.394670009613037109e+00,2.184262679985603317e-15
1.000000000000000000e+00,7.424910068511962891e+00,2.652614730658093664e-15
1.000000000000000000e+00,7.455150127410888672e+00,3.129527005429111480e-15
1.000000000000000000e+00,7.485400199890136719e+00,3.587671982746546857e-15
1.000000000000000000e+00,7.515639781951904297e+00,3.997505771334466808e-15
1.000000000000000000e+00,7.576119899749755859e+00,4.572349856565878901e-15
1.000000000000000000e+00,7.636600017547607422e+00,4.748684442776298604e-15
1.000000000000000000e+00,7.697090148925781250e+00,4.627001857056553387e-15
1.000000000000000000e+00,7.757569789886474609e+00,4.443895810482231712e-15
1.000000000000000000e+00,7.818049907684326172e+00,4.321197651648832609e-15
1.000000000000000000e+00,7.878540039062500000e+00,4.105346313216457491e-15
1.000000000000000000e+00,7.939020156860351562e+00,3.580430021005674276e-15
1.000000000000000000e+00,7.999509811401367188e+00,2.812573248590825099e-15
1.000000000000000000e+00,8.059989929199218750e+00,2.118057269324005019e-15
1.000000000000000000e+00,8.120470046997070312e+00,1.714909868402776678e-15
1.000000000000000000e+00,8.180959701538085938e+00,1.559804073761158713e-15
1.000000000000000000e+00,8.241439819335937500e+00,1.493998763925688637e-15
1.000000000000000000e+00,8.301919937133789062e+00,1.432341244713281692e-15
1.000000000000000000e+00,8.362409591674804688e+00,1.424143037942896636e-15
1.000000000000000000e+00,8.422889709472656250e+00,1.586842202649235092e-15
1.000000000000000000e+00,8.483369827270507812e+00,1.947403547489128119e-15
1.000000000000000000e+00,8.543860435485839844e+00,2.310336152170396451e-15
1.000000000000000000e+00,8.604339599609375000e+00,2.354800750872583687e-15
1.000000000000000000e+00,8.664830207824707031e+00,1.940368449302342751e-15
1.000000000000000000e+00,8.725310325622558594e+00,1.260172050867424894e-15
1.000000000000000000e+00,8.785790443420410156e+00,6.386446557758120711e-16
1.000000000000000000e+00,8.846280097961425781e+00,2.517104054627634360e-16
