# Full model fit
#  col1: ID - 0=aliphatic, 1=7.7 complex, col2: wavelength, col3: flux density
0.000000000000000000e+00,6.608379840850830078e+00,0.000000000000000000e+00
0.000000000000000000e+00,6.638619899749755859e+00,0.000000000000000000e+00
0.000000000000000000e+00,6.668859958648681641e+00,0.000000000000000000e+00
0.000000000000000000e+00,6.699100017547607422e+00,0.000000000000000000e+00
0.000000000000000000e+00,6.729350090026855469e+00,0.000000000000000000e+00
0.000000000000000000e+00,6.759590148925781250e+00,0.000000000000000000e+00
0.000000000000000000e+00,6.789830207824707031e+00,0.000000000000000000e+00
0.000000000000000000e+00,6.820069789886474609e+00,0.000000000000000000e+00
0.000000000000000000e+00,6.850309848785400391e+00,0.000000000000000000e+00
0.000000000000000000e+00,6.880559921264648438e+00,0.000000000000000000e+00
0.000000000000000000e+00,6.910799980163574219e+00,0.000000000000000000e+00
0.000000000000000000e+00,6.941040039062500000e+00,0.000000000000000000e+00
0.000000000000000000e+00,6.971280097961425781e+00,0.000000000000000000e+00
0.000000000000000000e+00,7.001520156860351562e+00,0.000000000000000000e+00
0.000000000000000000e+00,7.031770229339599609e+00,0.000000000000000000e+00
0.000000000000000000e+00,7.062009811401367188e+00,0.000000000000000000e+00
0.000000000000000000e+00,7.092249870300292969e+00,0.000000000000000000e+00
0.000000000000000000e+00,7.122489929199218750e+00,0.000000000000000000e+00
0.000000000000000000e+00,7.152729988098144531e+00,0.000000000000000000e+00
0.000000000000000000e+00,7.182980060577392578e+00,0.000000000000000000e+00
0.000000000000000000e+00,7.213220119476318359e+00,0.000000000000000000e+00
0.000000000000000000e+00,7.243460178375244141e+00,0.000000000000000000e+00
0.000000000000000000e+00,7.273700237274169922e+00,0.000000000000000000e+00
0.000000000000000000e+00,7.303939819335937500e+00,0.000000000000000000e+00
0.000000000000000000e+00,7.334189891815185547e+00,0.000000000000000000e+00
0.000000000000000000e+00,7.364429950714111328e+00,0.000000000000000000e+00
0.000000000000000000e+00,7.394670009613037109e+00,0.000000000000000000e+00
0.000000000000000000e+00,7.424910068511962891e+00,0.000000000000000000e+00
0.000000000000000000e+00,7.455150127410888672e+00,0.000000000000000000e+00
0.000000000000000000e+00,7.485400199890136719e+00,0.000000000000000000e+00
0.000000000000000000e+00,7.515639781951904297e+00,0.000000000000000000e+00
0.000000000000000000e+00,7.576119899749755859e+00,0.000000000000000000e+00
0.000000000000000000e+00,7.636600017547607422e+00,0.000000000000000000e+00
1.000000000000000000e+00,7.122489929199218750e+00,1.001578054641591138e-17
1.000000000000000000e+00,7.152729988098144531e+00,1.901938072412662152e-17
1.000000000000000000e+00,7.182980060577392578e+00,3.444078465239137466e-17
1.000000000000000000e+00,7.213220119476318359e+00,5.944972337749138561e-17
1.000000000000000000e+00,7.243460178375244141e+00,9.784182454409236726e-17
1.000000000000000000e+00,7.273700237274169922e+00,1.535363361843808687e-16
1.000000000000000000e+00,7.303939819335937500e+00,2.297360425145557995e-16
1.000000000000000000e+00,7.334189891815185547e+00,3.278433189653553416e-16
1.000000000000000000e+00,7.364429950714111328e+00,4.461413638168042310e-16
1.000000000000000000e+00,7.394670009613037109e+00,5.791475759401523932e-16
1.000000000000000000e+00,7.424910068511962891e+00,7.173899634912730629e-16
1.000000000000000000e+00,7.455150127410888672e+00,8.483828679915895877e-16
1.000000000000000000e+00,7.485400199890136719e+00,9.586637257060612772e-16
1.000000000000000000e+00,7.515639781951904297e+00,1.036345786583950397e-15
1.000000000000000000e+00,7.576119899749755859e+00,1.070488884207121002e-15
1.000000000000000000e+00,7.636600017547607422e+00,9.665710093678700401e-16
1.000000000000000000e+00,7.697090148925781250e+00,8.150945110922461344e-16
1.000000000000000000e+00,7.757569789886474609e+00,7.012618689933188596e-16
1.000000000000000000e+00,7.818049907684326172e+00,6.405195978651704938e-16
1.000000000000000000e+00,7.878540039062500000e+00,5.888604120872981408e-16
1.000000000000000000e+00,7.939020156860351562e+00,5.016693624980667399e-16
1.000000000000000000e+00,7.999509811401367188e+00,3.759887141483226003e-16
1.000000000000000000e+00,8.059989929199218750e+00,2.471209907829639032e-16
1.000000000000000000e+00,8.120470046997070312e+00,1.591715042695383011e-16
1.000000000000000000e+00,8.180959701538085938e+00,1.317311663522292586e-16
1.000000000000000000e+00,8.241439819335937500e+00,1.366608713397778949e-16
1.000000000000000000e+00,8.301919937133789062e+00,1.320629607057373298e-16
1.000000000000000000e+00,8.362409591674804688e+00,1.330083515465272842e-16
1.000000000000000000e+00,8.422889709472656250e+00,1.922757841114807042e-16
1.000000000000000000e+00,8.483369827270507812e+00,3.103023502459635804e-16
1.000000000000000000e+00,8.543860435485839844e+00,4.123301120003484362e-16
1.000000000000000000e+00,8.604339599609375000e+00,4.169020828805433450e-16
1.000000000000000000e+00,8.664830207824707031e+00,3.170783275981817490e-16
1.000000000000000000e+00,8.725310325622558594e+00,1.811875680917100558e-16
1.000000000000000000e+00,8.785790443420410156e+00,7.777849964132919410e-17
1.000000000000000000e+00,8.846280097961425781e+00,2.507661908570788486e-17
