# Full model fit
#  col1: ID - 0=aliphatic, 1=7.7 complex, col2: wavelength, col3: flux density
0.000000000000000000e+00,6.602999999999999758e+00,1.297882069549070660e-14
0.000000000000000000e+00,6.609600000000000364e+00,1.341685935200320989e-14
0.000000000000000000e+00,6.616220000000000212e+00,1.385591105222025037e-14
0.000000000000000000e+00,6.622840000000000060e+00,1.429366136750275369e-14
0.000000000000000000e+00,6.629459999999999908e+00,1.472909535733093282e-14
0.000000000000000000e+00,6.636090000000000266e+00,1.516182394160040156e-14
0.000000000000000000e+00,6.642730000000000246e+00,1.559076609323459066e-14
0.000000000000000000e+00,6.649379999999999846e+00,1.601481517215313772e-14
0.000000000000000000e+00,6.656030000000000335e+00,1.643222095532923981e-14
0.000000000000000000e+00,6.662689999999999557e+00,1.684248547465748813e-14
0.000000000000000000e+00,6.669360000000000177e+00,1.724445637275242882e-14
0.000000000000000000e+00,6.676029999999999909e+00,1.763639439540497063e-14
0.000000000000000000e+00,6.682710000000000150e+00,1.801775224195260050e-14
0.000000000000000000e+00,6.689400000000000013e+00,1.838737602920098028e-14
0.000000000000000000e+00,6.696089999999999876e+00,1.874359843860907710e-14
0.000000000000000000e+00,6.702790000000000248e+00,1.908585491383814969e-14
0.000000000000000000e+00,6.709489999999999732e+00,1.941256298458790645e-14
0.000000000000000000e+00,6.716210000000000235e+00,1.972361741576506539e-14
0.000000000000000000e+00,6.722929999999999851e+00,2.001704477916175786e-14
0.000000000000000000e+00,6.729650000000000354e+00,2.029191575054910889e-14
0.000000000000000000e+00,6.736390000000000100e+00,2.054808135058991783e-14
0.000000000000000000e+00,6.743129999999999846e+00,2.078386335663822137e-14
0.000000000000000000e+00,6.749869999999999592e+00,2.099848955670136810e-14
0.000000000000000000e+00,6.756630000000000358e+00,2.119179055275104538e-14
0.000000000000000000e+00,6.763390000000000235e+00,2.136245171015194284e-14
0.000000000000000000e+00,6.770150000000000112e+00,2.150989941952460444e-14
0.000000000000000000e+00,6.776930000000000121e+00,2.163396605505435400e-14
0.000000000000000000e+00,6.783710000000000129e+00,2.173375728430725437e-14
0.000000000000000000e+00,6.790490000000000137e+00,2.180893137275239458e-14
0.000000000000000000e+00,6.797290000000000276e+00,2.185934157670511697e-14
0.000000000000000000e+00,6.804090000000000416e+00,2.188455512728435192e-14
0.000000000000000000e+00,6.810889999999999667e+00,2.188448466788553026e-14
0.000000000000000000e+00,6.817709999999999937e+00,2.185901864515254381e-14
0.000000000000000000e+00,6.824530000000000207e+00,2.180820870350846012e-14
0.000000000000000000e+00,6.831360000000000099e+00,2.173210194958329005e-14
0.000000000000000000e+00,6.838189999999999991e+00,2.163101949737903912e-14
0.000000000000000000e+00,6.845030000000000392e+00,2.150511069876304201e-14
0.000000000000000000e+00,6.851880000000000415e+00,2.135470551632681777e-14
0.000000000000000000e+00,6.858740000000000059e+00,2.118022019054516365e-14
0.000000000000000000e+00,6.865599999999999703e+00,2.098246037018760030e-14
0.000000000000000000e+00,6.872469999999999857e+00,2.076176889949090223e-14
0.000000000000000000e+00,6.879349999999999632e+00,2.051880462153909090e-14
0.000000000000000000e+00,6.886230000000000295e+00,2.025470083915121860e-14
0.000000000000000000e+00,6.893119999999999692e+00,1.996992273476505000e-14
0.000000000000000000e+00,6.900009999999999977e+00,1.966579529835264016e-14
0.000000000000000000e+00,6.906920000000000393e+00,1.934236744667761847e-14
0.000000000000000000e+00,6.913829999999999920e+00,1.900156300167791397e-14
0.000000000000000000e+00,6.920749999999999957e+00,1.864396614443426191e-14
0.000000000000000000e+00,6.927669999999999995e+00,1.827121236080768639e-14
0.000000000000000000e+00,6.934599999999999653e+00,1.788391935091681556e-14
0.000000000000000000e+00,6.938089999999999868e+00,1.768395440485300103e-14
0.000000000000000000e+00,6.941539999999999822e+00,1.748324568497490499e-14
0.000000000000000000e+00,6.945030000000000037e+00,1.727729594984808991e-14
0.000000000000000000e+00,6.948479999999999990e+00,1.707098138621934793e-14
0.000000000000000000e+00,6.951979999999999826e+00,1.685906711653712245e-14
0.000000000000000000e+00,6.955440000000000289e+00,1.664714868595079687e-14
0.000000000000000000e+00,6.958929999999999616e+00,1.643110870845411969e-14
0.000000000000000000e+00,6.962399999999999700e+00,1.621419083581219062e-14
0.000000000000000000e+00,6.965889999999999915e+00,1.599405411165118732e-14
0.000000000000000000e+00,6.969359999999999999e+00,1.577337955740531265e-14
0.000000000000000000e+00,6.972859999999999836e+00,1.554913910096986763e-14
0.000000000000000000e+00,6.976329999999999920e+00,1.532533393992108567e-14
0.000000000000000000e+00,6.979840000000000266e+00,1.509760163348726488e-14
0.000000000000000000e+00,6.983310000000000350e+00,1.487128812227238548e-14
0.000000000000000000e+00,6.986819999999999808e+00,1.464133238302775660e-14
0.000000000000000000e+00,6.990300000000000402e+00,1.441246960246818066e-14
0.000000000000000000e+00,6.993809999999999860e+00,1.418090775818635664e-14
0.000000000000000000e+00,6.997289999999999566e+00,1.395075555116766987e-14
0.000000000000000000e+00,7.000810000000000421e+00,1.371753198386032862e-14
0.000000000000000000e+00,7.004299999999999748e+00,1.348602073586810558e-14
0.000000000000000000e+00,7.007810000000000095e+00,1.325305255309576925e-14
0.000000000000000000e+00,7.011300000000000310e+00,1.302142507559943406e-14
0.000000000000000000e+00,7.014829999999999899e+00,1.278729907444308423e-14
0.000000000000000000e+00,7.018320000000000114e+00,1.255611879110439937e-14
0.000000000000000000e+00,7.021840000000000082e+00,1.232338298342354879e-14
0.000000000000000000e+00,7.025339999999999918e+00,1.209253241229668693e-14
0.000000000000000000e+00,7.028870000000000395e+00,1.186040345327685185e-14
0.000000000000000000e+00,7.032370000000000232e+00,1.163106898913131433e-14
0.000000000000000000e+00,7.035899999999999821e+00,1.140072313434197703e-14
0.000000000000000000e+00,7.039399999999999658e+00,1.117340196164226890e-14
0.000000000000000000e+00,7.042939999999999756e+00,1.094468305947589149e-14
0.000000000000000000e+00,7.046450000000000102e+00,1.071920907240051109e-14
0.000000000000000000e+00,7.049990000000000201e+00,1.049323843619162762e-14
0.000000000000000000e+00,7.053499999999999659e+00,1.027070895438421458e-14
0.000000000000000000e+00,7.057039999999999758e+00,1.004792200101281755e-14
0.000000000000000000e+00,7.060550000000000104e+00,9.828754001307902475e-15
0.000000000000000000e+00,7.064099999999999824e+00,9.608939704293043716e-15
0.000000000000000000e+00,7.067619999999999791e+00,9.392914775129196233e-15
0.000000000000000000e+00,7.071170000000000400e+00,9.177087680519063195e-15
0.000000000000000000e+00,7.074690000000000367e+00,8.965191983001897841e-15
0.000000000000000000e+00,7.078240000000000087e+00,8.753698611207191165e-15
0.000000000000000000e+00,7.085329999999999906e+00,8.338256683997822955e-15
0.000000000000000000e+00,7.092419999999999725e+00,7.932556092439771236e-15
0.000000000000000000e+00,7.099510000000000431e+00,7.537117127027034318e-15
0.000000000000000000e+00,7.106609999999999872e+00,7.151861899788365058e-15
0.000000000000000000e+00,7.113719999999999821e+00,6.777232825064450889e-15
0.000000000000000000e+00,7.120840000000000281e+00,6.413613814191837844e-15
0.000000000000000000e+00,7.127970000000000361e+00,6.061331012797069674e-15
0.000000000000000000e+00,7.135100000000000442e+00,5.721122445916171734e-15
0.000000000000000000e+00,7.142240000000000144e+00,5.392699030511485994e-15
0.000000000000000000e+00,7.149379999999999846e+00,5.076654627596795326e-15
0.000000000000000000e+00,7.156539999999999679e+00,4.772212275208480041e-15
0.000000000000000000e+00,7.163700000000000401e+00,4.480281264388484562e-15
0.000000000000000000e+00,7.170860000000000234e+00,4.200821185926601616e-15
0.000000000000000000e+00,7.178040000000000198e+00,3.933018932201722180e-15
0.000000000000000000e+00,7.185220000000000162e+00,3.677546351889868389e-15
0.000000000000000000e+00,7.192409999999999748e+00,3.433908801451642550e-15
0.000000000000000000e+00,7.199600000000000222e+00,3.202270947147752794e-15
0.000000000000000000e+00,7.206809999999999938e+00,2.981806087669804031e-15
0.000000000000000000e+00,7.214019999999999655e+00,2.772913414461757547e-15
0.000000000000000000e+00,7.221230000000000260e+00,2.575305825308034401e-15
0.000000000000000000e+00,7.228460000000000107e+00,2.388171367119840103e-15
0.000000000000000000e+00,7.235689999999999955e+00,2.211742779549192237e-15
0.000000000000000000e+00,7.242930000000000312e+00,2.045450267288160168e-15
0.000000000000000000e+00,7.250180000000000291e+00,1.888974295476554050e-15
0.000000000000000000e+00,7.257430000000000270e+00,1.742177825656042010e-15
0.000000000000000000e+00,7.264689999999999870e+00,1.604495797136884276e-15
0.000000000000000000e+00,7.271959999999999980e+00,1.475577382206838270e-15
0.000000000000000000e+00,7.279239999999999711e+00,1.355065634488037304e-15
0.000000000000000000e+00,7.286520000000000330e+00,1.242748507503682404e-15
0.000000000000000000e+00,7.293809999999999683e+00,1.138093500754047568e-15
0.000000000000000000e+00,7.301110000000000433e+00,1.040739494983325569e-15
0.000000000000000000e+00,7.308410000000000295e+00,9.504462023309210614e-16
0.000000000000000000e+00,7.315719999999999779e+00,8.667209072491236395e-16
0.000000000000000000e+00,7.323039999999999772e+00,7.892141336863626938e-16
0.000000000000000000e+00,7.330370000000000275e+00,7.175826004431662223e-16
0.000000000000000000e+00,7.337699999999999889e+00,6.515767676548350739e-16
0.000000000000000000e+00,7.345049999999999635e+00,5.906894258057620971e-16
0.000000000000000000e+00,7.352389999999999759e+00,5.348419018986771496e-16
0.000000000000000000e+00,7.359750000000000014e+00,4.834892050728738251e-16
0.000000000000000000e+00,7.367110000000000269e+00,4.364756300070120293e-16
0.000000000000000000e+00,7.374480000000000146e+00,3.934445360240205495e-16
0.000000000000000000e+00,7.381859999999999644e+00,3.541236526191906277e-16
0.000000000000000000e+00,7.389249999999999652e+00,3.182525167918588774e-16
0.000000000000000000e+00,7.396639999999999660e+00,2.856247354493498446e-16
0.000000000000000000e+00,7.404040000000000177e+00,2.559540872586248347e-16
0.000000000000000000e+00,7.411450000000000315e+00,2.290172514551439429e-16
0.000000000000000000e+00,7.418859999999999566e+00,2.046341774782137782e-16
0.000000000000000000e+00,7.426289999999999836e+00,1.825398176773016036e-16
0.000000000000000000e+00,7.433720000000000105e+00,1.626064150263847331e-16
0.000000000000000000e+00,7.441150000000000375e+00,1.446499733965119445e-16
0.000000000000000000e+00,7.448599999999999888e+00,1.284577894883842100e-16
0.000000000000000000e+00,7.456050000000000288e+00,1.139199852052760910e-16
0.000000000000000000e+00,7.463510000000000311e+00,1.008708212502653164e-16
0.000000000000000000e+00,7.470979999999999954e+00,8.917742437870829642e-17
0.000000000000000000e+00,7.478449999999999598e+00,7.872967207896804505e-17
0.000000000000000000e+00,7.485940000000000261e+00,6.938550989042905611e-17
0.000000000000000000e+00,7.493420000000000414e+00,6.107514449170599046e-17
0.000000000000000000e+00,7.500919999999999810e+00,5.366636375155117796e-17
0.000000000000000000e+00,7.508429999999999715e+00,4.708179425361404320e-17
0.000000000000000000e+00,7.515939999999999621e+00,4.124691616671657598e-17
0.000000000000000000e+00,7.523460000000000036e+00,3.607778528628436823e-17
0.000000000000000000e+00,7.530990000000000073e+00,3.150617728555821835e-17
0.000000000000000000e+00,7.538520000000000110e+00,2.747488815323776057e-17
0.000000000000000000e+00,7.546059999999999768e+00,2.392105562186335659e-17
0.000000000000000000e+00,7.553609999999999935e+00,2.079344652200702395e-17
0.000000000000000000e+00,7.561169999999999725e+00,1.804562343795166690e-17
0.000000000000000000e+00,7.568740000000000023e+00,1.563558413818504089e-17
0.000000000000000000e+00,7.576310000000000322e+00,1.352801733785013618e-17
0.000000000000000000e+00,7.583890000000000242e+00,1.168551112855725588e-17
0.000000000000000000e+00,7.591479999999999784e+00,1.007748889877936800e-17
0.000000000000000000e+00,7.599070000000000213e+00,8.678236302171431713e-18
0.000000000000000000e+00,7.606670000000000265e+00,7.461022869240981836e-18
0.000000000000000000e+00,7.614279999999999937e+00,6.403988627531599802e-18
0.000000000000000000e+00,7.621900000000000119e+00,5.487639016859009304e-18
0.000000000000000000e+00,7.629529999999999923e+00,4.694624262251381706e-18
0.000000000000000000e+00,7.637159999999999727e+00,4.010366470471555078e-18
0.000000000000000000e+00,7.644800000000000040e+00,3.420143191208793734e-18
1.000000000000000000e+00,7.106609999999999872e+00,1.494111376357452799e-15
1.000000000000000000e+00,7.113719999999999821e+00,1.646704922230435990e-15
1.000000000000000000e+00,7.120840000000000281e+00,1.813705377028101913e-15
1.000000000000000000e+00,7.127970000000000361e+00,1.996353010614958923e-15
1.000000000000000000e+00,7.135100000000000442e+00,2.195695200030200198e-15
1.000000000000000000e+00,7.142240000000000144e+00,2.413418373106211577e-15
1.000000000000000000e+00,7.149379999999999846e+00,2.650734724298342067e-15
1.000000000000000000e+00,7.156539999999999679e+00,2.909995771037461669e-15
1.000000000000000000e+00,7.163700000000000401e+00,3.192304425862180613e-15
1.000000000000000000e+00,7.170860000000000234e+00,3.499544991864390662e-15
1.000000000000000000e+00,7.178040000000000198e+00,3.834737636203429497e-15
1.000000000000000000e+00,7.185220000000000162e+00,4.199309160055871219e-15
1.000000000000000000e+00,7.192409999999999748e+00,4.596294886582620139e-15
1.000000000000000000e+00,7.199600000000000222e+00,5.027919723452782565e-15
1.000000000000000000e+00,7.206809999999999938e+00,5.498532976033507269e-15
1.000000000000000000e+00,7.214019999999999655e+00,6.010318327059235128e-15
1.000000000000000000e+00,7.221230000000000260e+00,6.566980110292527815e-15
1.000000000000000000e+00,7.228460000000000107e+00,7.174399760228013174e-15
1.000000000000000000e+00,7.235689999999999955e+00,7.835752572198213672e-15
1.000000000000000000e+00,7.242930000000000312e+00,8.557296402879403334e-15
1.000000000000000000e+00,7.250180000000000291e+00,9.345171644500556438e-15
1.000000000000000000e+00,7.257430000000000270e+00,1.020505997648351783e-14
1.000000000000000000e+00,7.264689999999999870e+00,1.114576964090675117e-14
1.000000000000000000e+00,7.271959999999999980e+00,1.217604488086134505e-14
1.000000000000000000e+00,7.279239999999999711e+00,1.330570848380728421e-14
1.000000000000000000e+00,7.286520000000000330e+00,1.454397946435549375e-14
1.000000000000000000e+00,7.293809999999999683e+00,1.590455645600826963e-14
1.000000000000000000e+00,7.301110000000000433e+00,1.740098912502741896e-14
1.000000000000000000e+00,7.308410000000000295e+00,1.904584859718858917e-14
1.000000000000000000e+00,7.315719999999999779e+00,2.085735905066279101e-14
1.000000000000000000e+00,7.323039999999999772e+00,2.285316195335230427e-14
1.000000000000000000e+00,7.330370000000000275e+00,2.505219817126540058e-14
1.000000000000000000e+00,7.337699999999999889e+00,2.747111533480946231e-14
1.000000000000000000e+00,7.345049999999999635e+00,3.013755968965593736e-14
1.000000000000000000e+00,7.352389999999999759e+00,3.306179380461206470e-14
1.000000000000000000e+00,7.359750000000000014e+00,3.627720443129100349e-14
1.000000000000000000e+00,7.367110000000000269e+00,3.979684598954441678e-14
1.000000000000000000e+00,7.374480000000000146e+00,4.364599848818365872e-14
1.000000000000000000e+00,7.381859999999999644e+00,4.784450047051490552e-14
1.000000000000000000e+00,7.389249999999999652e+00,5.241023982464099361e-14
1.000000000000000000e+00,7.396639999999999660e+00,5.735147191421088736e-14
1.000000000000000000e+00,7.404040000000000177e+00,6.268583077036489579e-14
1.000000000000000000e+00,7.411450000000000315e+00,6.842080897936559468e-14
1.000000000000000000e+00,7.418859999999999566e+00,7.455040139977714246e-14
1.000000000000000000e+00,7.426289999999999836e+00,8.108804196566540079e-14
1.000000000000000000e+00,7.433720000000000105e+00,8.800680882790173467e-14
1.000000000000000000e+00,7.441150000000000375e+00,9.528922117838331010e-14
1.000000000000000000e+00,7.448599999999999888e+00,1.029319849420700299e-13
1.000000000000000000e+00,7.456050000000000288e+00,1.108847334508430475e-13
1.000000000000000000e+00,7.463510000000000311e+00,1.191208617662252840e-13
1.000000000000000000e+00,7.470979999999999954e+00,1.275973231100351053e-13
1.000000000000000000e+00,7.478449999999999598e+00,1.362536613960114723e-13
1.000000000000000000e+00,7.485940000000000261e+00,1.450595646235271378e-13
1.000000000000000000e+00,7.493420000000000414e+00,1.539226816191926060e-13
1.000000000000000000e+00,7.500919999999999810e+00,1.628193890729747174e-13
1.000000000000000000e+00,7.508429999999999715e+00,1.716782104627995133e-13
1.000000000000000000e+00,7.515939999999999621e+00,1.804290418559771500e-13
1.000000000000000000e+00,7.523460000000000036e+00,1.890282655525038462e-13
1.000000000000000000e+00,7.530990000000000073e+00,1.974250117002833555e-13
1.000000000000000000e+00,7.538520000000000110e+00,2.055640279753517862e-13
1.000000000000000000e+00,7.546059999999999768e+00,2.134198486628350270e-13
1.000000000000000000e+00,7.553609999999999935e+00,2.209646353443042156e-13
1.000000000000000000e+00,7.561169999999999725e+00,2.281804376076137978e-13
1.000000000000000000e+00,7.568740000000000023e+00,2.350598109502658667e-13
1.000000000000000000e+00,7.576310000000000322e+00,2.415976452415414484e-13
1.000000000000000000e+00,7.583890000000000242e+00,2.478171030644770687e-13
1.000000000000000000e+00,7.591479999999999784e+00,2.537420518217257621e-13
1.000000000000000000e+00,7.599070000000000213e+00,2.593981944031438642e-13
1.000000000000000000e+00,7.606670000000000265e+00,2.648342656128035612e-13
1.000000000000000000e+00,7.614279999999999937e+00,2.700973868003213086e-13
1.000000000000000000e+00,7.621900000000000119e+00,2.752393767396157977e-13
1.000000000000000000e+00,7.629529999999999923e+00,2.803149312276961262e-13
1.000000000000000000e+00,7.637159999999999727e+00,2.853731061995487990e-13
1.000000000000000000e+00,7.644800000000000040e+00,2.904752252373190067e-13
1.000000000000000000e+00,7.652449999999999974e+00,2.956733376580583917e-13
1.000000000000000000e+00,7.660110000000000419e+00,3.010153249794078183e-13
1.000000000000000000e+00,7.667769999999999975e+00,3.065361949653411214e-13
1.000000000000000000e+00,7.675440000000000040e+00,3.122783954094716704e-13
1.000000000000000000e+00,7.683119999999999727e+00,3.182700711412487985e-13
1.000000000000000000e+00,7.690809999999999924e+00,3.245314097143347280e-13
1.000000000000000000e+00,7.698500000000000121e+00,3.310657245515393941e-13
1.000000000000000000e+00,7.706209999999999560e+00,3.378938381727866050e-13
1.000000000000000000e+00,7.713919999999999888e+00,3.449940036581152954e-13
1.000000000000000000e+00,7.721630000000000216e+00,3.523538002614333816e-13
1.000000000000000000e+00,7.729359999999999786e+00,3.599742523781464418e-13
1.000000000000000000e+00,7.737090000000000245e+00,3.678117088203417770e-13
1.000000000000000000e+00,7.744830000000000325e+00,3.758469324625742831e-13
1.000000000000000000e+00,7.752580000000000027e+00,3.840468435550527146e-13
1.000000000000000000e+00,7.760340000000000238e+00,3.923751246406090607e-13
1.000000000000000000e+00,7.768099999999999561e+00,4.007822208166355884e-13
1.000000000000000000e+00,7.775870000000000282e+00,4.092387068984374455e-13
1.000000000000000000e+00,7.783649999999999736e+00,4.177036726747043994e-13
1.000000000000000000e+00,7.791439999999999699e+00,4.261360308949964578e-13
1.000000000000000000e+00,7.799240000000000173e+00,4.344950664508229594e-13
1.000000000000000000e+00,7.807039999999999758e+00,4.427304280564521197e-13
1.000000000000000000e+00,7.814849999999999852e+00,4.508143404341284333e-13
1.000000000000000000e+00,7.822669999999999568e+00,4.587097067479096197e-13
1.000000000000000000e+00,7.830499999999999794e+00,4.663810891262696986e-13
1.000000000000000000e+00,7.838330000000000020e+00,4.737855736111685113e-13
1.000000000000000000e+00,7.846169999999999867e+00,4.809014720686989434e-13
1.000000000000000000e+00,7.854020000000000223e+00,4.876990583071626328e-13
1.000000000000000000e+00,7.861880000000000202e+00,4.941505362378389872e-13
1.000000000000000000e+00,7.869749999999999801e+00,5.002300334625100251e-13
1.000000000000000000e+00,7.877620000000000289e+00,5.059066345467284184e-13
1.000000000000000000e+00,7.885500000000000398e+00,5.111663017125554983e-13
1.000000000000000000e+00,7.893390000000000128e+00,5.159888702236660425e-13
1.000000000000000000e+00,7.901290000000000369e+00,5.203559967813780661e-13
1.000000000000000000e+00,7.909189999999999721e+00,5.242465246478551436e-13
1.000000000000000000e+00,7.917110000000000092e+00,5.276555688730004666e-13
1.000000000000000000e+00,7.925029999999999575e+00,5.305615898902536124e-13
1.000000000000000000e+00,7.932959999999999567e+00,5.329580667951784217e-13
1.000000000000000000e+00,7.940889999999999560e+00,5.348336140217585984e-13
1.000000000000000000e+00,7.948839999999999684e+00,5.361854126128881793e-13
1.000000000000000000e+00,7.956789999999999807e+00,5.370043274969254649e-13
1.000000000000000000e+00,7.964750000000000441e+00,5.372884807021868736e-13
1.000000000000000000e+00,7.972719999999999807e+00,5.370357921753672901e-13
1.000000000000000000e+00,7.980699999999999683e+00,5.362460269384450465e-13
1.000000000000000000e+00,7.988679999999999559e+00,5.349227965210887813e-13
1.000000000000000000e+00,7.996679999999999566e+00,5.330662618468701566e-13
1.000000000000000000e+00,8.004680000000000462e+00,5.306863916537042766e-13
1.000000000000000000e+00,8.012689999999999202e+00,5.277883687245348967e-13
1.000000000000000000e+00,8.020699999999999719e+00,5.243857668064535561e-13
1.000000000000000000e+00,8.028729999999999478e+00,5.204809175308471969e-13
1.000000000000000000e+00,8.036759999999999238e+00,5.160961498517534127e-13
1.000000000000000000e+00,8.044800000000000395e+00,5.112412581744039577e-13
1.000000000000000000e+00,8.052849999999999397e+00,5.059323193390326400e-13
1.000000000000000000e+00,8.060909999999999798e+00,5.001870886320913287e-13
1.000000000000000000e+00,8.068970000000000198e+00,4.940328269042745624e-13
1.000000000000000000e+00,8.077040000000000219e+00,4.874835304676307033e-13
1.000000000000000000e+00,8.085119999999999862e+00,4.805615503015493488e-13
1.000000000000000000e+00,8.093209999999999127e+00,4.732906509122580039e-13
1.000000000000000000e+00,8.101309999999999789e+00,4.656959278627350731e-13
1.000000000000000000e+00,8.109420000000000073e+00,4.578037182735515949e-13
1.000000000000000000e+00,8.117530000000000356e+00,4.496517046487072105e-13
1.000000000000000000e+00,8.125650000000000261e+00,4.412587438011524288e-13
1.000000000000000000e+00,8.133779999999999788e+00,4.326541810135974654e-13
1.000000000000000000e+00,8.141920000000000712e+00,4.238681753173643684e-13
1.000000000000000000e+00,8.150069999999999482e+00,4.149315784481183176e-13
1.000000000000000000e+00,8.158220000000000027e+00,4.058869589233158272e-13
1.000000000000000000e+00,8.166380000000000194e+00,3.967551640029152815e-13
1.000000000000000000e+00,8.174549999999999983e+00,3.875682219452915880e-13
1.000000000000000000e+00,8.182729999999999393e+00,3.783583142545153597e-13
1.000000000000000000e+00,8.190920000000000201e+00,3.691576291633028212e-13
1.000000000000000000e+00,8.199109999999999232e+00,3.600093359727604095e-13
1.000000000000000000e+00,8.207319999999999283e+00,3.509228079269733234e-13
1.000000000000000000e+00,8.215529999999999333e+00,3.419513872307372264e-13
1.000000000000000000e+00,8.223750000000000782e+00,3.331145090057350527e-13
1.000000000000000000e+00,8.231970000000000454e+00,3.244523759949205660e-13
1.000000000000000000e+00,8.240209999999999368e+00,3.159727252153120979e-13
1.000000000000000000e+00,8.248459999999999681e+00,3.077139417483884276e-13
1.000000000000000000e+00,8.256709999999999994e+00,2.997120212948536140e-13
1.000000000000000000e+00,8.264969999999999928e+00,2.919817449885044831e-13
1.000000000000000000e+00,8.273239999999999483e+00,2.845464576934825324e-13
1.000000000000000000e+00,8.281520000000000437e+00,2.774277530329495761e-13
1.000000000000000000e+00,8.289799999999999613e+00,2.706532854585927594e-13
1.000000000000000000e+00,8.298090000000000188e+00,2.642318303794917870e-13
1.000000000000000000e+00,8.306400000000000006e+00,2.581717141543110193e-13
1.000000000000000000e+00,8.314709999999999823e+00,2.525006013336357028e-13
1.000000000000000000e+00,8.323029999999999262e+00,2.472215946236753341e-13
1.000000000000000000e+00,8.331350000000000477e+00,2.423483783198253641e-13
1.000000000000000000e+00,8.339689999999999159e+00,2.378746598449329372e-13
1.000000000000000000e+00,8.348029999999999617e+00,2.338138616734421948e-13
1.000000000000000000e+00,8.356389999999999318e+00,2.301561529561583223e-13
1.000000000000000000e+00,8.364750000000000796e+00,2.269073630950216316e-13
1.000000000000000000e+00,8.373110000000000497e+00,2.240602695058507847e-13
1.000000000000000000e+00,8.381489999999999441e+00,2.215994481528984931e-13
1.000000000000000000e+00,8.389879999999999782e+00,2.195170885890223207e-13
1.000000000000000000e+00,8.398270000000000124e+00,2.178007798800511390e-13
1.000000000000000000e+00,8.406670000000000087e+00,2.164309145543632211e-13
1.000000000000000000e+00,8.415079999999999671e+00,2.153879773650373019e-13
1.000000000000000000e+00,8.423500000000000654e+00,2.146499594185484299e-13
1.000000000000000000e+00,8.431929999999999481e+00,2.141925046725046766e-13
1.000000000000000000e+00,8.440369999999999706e+00,2.139890822215372910e-13
1.000000000000000000e+00,8.448809999999999931e+00,2.140110361048598386e-13
1.000000000000000000e+00,8.457269999999999399e+00,2.142281851505970853e-13
1.000000000000000000e+00,8.465730000000000643e+00,2.146083236326243515e-13
1.000000000000000000e+00,8.474199999999999733e+00,2.151186955292191499e-13
1.000000000000000000e+00,8.482680000000000220e+00,2.157254367621090738e-13
1.000000000000000000e+00,8.491160000000000707e+00,2.163932104543160419e-13
1.000000000000000000e+00,8.499660000000000437e+00,2.170887459017350155e-13
1.000000000000000000e+00,8.508160000000000167e+00,2.177755821457999809e-13
1.000000000000000000e+00,8.516669999999999519e+00,2.184200291599550219e-13
1.000000000000000000e+00,8.525199999999999889e+00,2.189888122235136231e-13
1.000000000000000000e+00,8.533720000000000638e+00,2.194471625206757205e-13
1.000000000000000000e+00,8.542260000000000630e+00,2.197652223355758462e-13
1.000000000000000000e+00,8.550810000000000244e+00,2.199122667290728999e-13
1.000000000000000000e+00,8.559359999999999857e+00,2.198602288749892877e-13
1.000000000000000000e+00,8.567930000000000490e+00,2.195828945112771417e-13
1.000000000000000000e+00,8.576499999999999346e+00,2.190572428657413270e-13
1.000000000000000000e+00,8.585079999999999600e+00,2.182620512900024965e-13
1.000000000000000000e+00,8.593669999999999476e+00,2.171790926525060341e-13
1.000000000000000000e+00,8.602270000000000749e+00,2.157931154439198581e-13
1.000000000000000000e+00,8.610879999999999868e+00,2.140919774783171799e-13
1.000000000000000000e+00,8.619490000000000762e+00,2.120692819431658556e-13
1.000000000000000000e+00,8.628109999999999502e+00,2.097175845013084782e-13
1.000000000000000000e+00,8.636749999999999261e+00,2.070312079337015415e-13
1.000000000000000000e+00,8.645390000000000796e+00,2.040172544730915476e-13
1.000000000000000000e+00,8.654040000000000177e+00,2.006768936015125814e-13
1.000000000000000000e+00,8.662699999999999179e+00,1.970173265115581892e-13
1.000000000000000000e+00,8.671359999999999957e+00,1.930534884256664903e-13
1.000000000000000000e+00,8.680039999999999978e+00,1.887892234107610761e-13
1.000000000000000000e+00,8.688719999999999999e+00,1.842499608593226728e-13
1.000000000000000000e+00,8.697419999999999263e+00,1.794432823990203539e-13
1.000000000000000000e+00,8.706120000000000303e+00,1.744004151229641556e-13
1.000000000000000000e+00,8.714829999999999188e+00,1.691380352860401119e-13
1.000000000000000000e+00,8.723549999999999471e+00,1.636798193894278414e-13
1.000000000000000000e+00,8.732279999999999376e+00,1.580507711888925916e-13
1.000000000000000000e+00,8.741009999999999280e+00,1.522835968637668123e-13
1.000000000000000000e+00,8.749760000000000204e+00,1.463918132443364158e-13
1.000000000000000000e+00,8.758509999999999351e+00,1.404159958017992508e-13
1.000000000000000000e+00,8.767269999999999897e+00,1.343766761571818825e-13
1.000000000000000000e+00,8.776049999999999685e+00,1.282939635078212699e-13
1.000000000000000000e+00,8.784829999999999472e+00,1.222083453673631886e-13
1.000000000000000000e+00,8.793620000000000658e+00,1.161388162809001246e-13
1.000000000000000000e+00,8.802410000000000068e+00,1.101171671789040110e-13
1.000000000000000000e+00,8.811220000000000496e+00,1.041535009751081290e-13
1.000000000000000000e+00,8.820040000000000546e+00,9.827718352564602361e-14
1.000000000000000000e+00,8.828860000000000596e+00,9.251564695641101836e-14
1.000000000000000000e+00,8.837690000000000268e+00,8.688142823337041266e-14
1.000000000000000000e+00,8.846539999999999182e+00,8.138590946278428346e-14
1.000000000000000000e+00,8.855389999999999873e+00,7.605718195976162744e-14
1.000000000000000000e+00,8.864250000000000185e+00,7.090270462835508630e-14
1.000000000000000000e+00,8.873120000000000118e+00,6.593430404191173597e-14
1.000000000000000000e+00,8.881990000000000052e+00,6.116712851001246469e-14
1.000000000000000000e+00,8.890879999999999228e+00,5.659839532743657133e-14
1.000000000000000000e+00,8.899770000000000181e+00,5.224446614682701744e-14
