# Full model fit
#  col1: ID - 0=aliphatic, 1=7.7 complex, col2: wavelength, col3: flux density
0.000000000000000000e+00,6.608379840850830078e+00,9.957277229680735760e-26
0.000000000000000000e+00,6.638619899749755859e+00,1.096107743643788079e-23
0.000000000000000000e+00,6.668859958648681641e+00,7.238423752048647834e-22
0.000000000000000000e+00,6.699100017547607422e+00,2.867562373272442533e-20
0.000000000000000000e+00,6.729350090026855469e+00,6.821481787690566800e-19
0.000000000000000000e+00,6.759590148925781250e+00,9.723672629730170029e-18
0.000000000000000000e+00,6.789830207824707031e+00,8.314957712152520322e-17
0.000000000000000000e+00,6.820069789886474609e+00,4.265386835945989526e-16
0.000000000000000000e+00,6.850309848785400391e+00,1.312646732188032863e-15
0.000000000000000000e+00,6.880559921264648438e+00,2.423632824500097843e-15
0.000000000000000000e+00,6.910799980163574219e+00,2.683731099859211724e-15
0.000000000000000000e+00,6.941040039062500000e+00,1.782745230460736675e-15
0.000000000000000000e+00,6.971280097961425781e+00,7.104240882030563750e-16
0.000000000000000000e+00,7.001520156860351562e+00,1.698338226766863220e-16
0.000000000000000000e+00,7.031770229339599609e+00,2.433844131485529812e-17
0.000000000000000000e+00,7.062009811401367188e+00,2.093632991325468863e-18
0.000000000000000000e+00,7.092249870300292969e+00,1.080367238129106938e-19
0.000000000000000000e+00,7.122489929199218750e+00,3.344416593043692125e-21
0.000000000000000000e+00,7.152729988098144531e+00,6.210798567867377265e-23
0.000000000000000000e+00,7.182980060577392578e+00,6.908267312633688175e-25
0.000000000000000000e+00,7.213220119476318359e+00,4.616139710206026338e-27
0.000000000000000000e+00,7.243460178375244141e+00,1.850405310064843943e-29
0.000000000000000000e+00,7.273700237274169922e+00,4.449722201956858936e-32
0.000000000000000000e+00,7.303939819335937500e+00,6.419830883542858188e-35
0.000000000000000000e+00,7.455150127410888672e+00,1.875376942782687427e-52
0.000000000000000000e+00,7.515639781951904297e+00,5.067940165415463239e-61
0.000000000000000000e+00,7.576119899749755859e+00,1.778966238543521499e-70
0.000000000000000000e+00,7.636600017547607422e+00,8.087538808141717007e-81
1.000000000000000000e+00,7.122489929199218750e+00,1.804760872057088848e-17
1.000000000000000000e+00,7.152729988098144531e+00,3.428416512585146211e-17
1.000000000000000000e+00,7.182980060577392578e+00,6.298578845198518273e-17
1.000000000000000000e+00,7.213220119476318359e+00,1.118643917599024629e-16
1.000000000000000000e+00,7.243460178375244141e+00,1.921018694755890732e-16
1.000000000000000000e+00,7.273700237274169922e+00,3.189792350980051187e-16
1.000000000000000000e+00,7.303939819335937500e+00,5.121330305105122697e-16
1.000000000000000000e+00,7.455150127410888672e+00,3.302428377779395007e-15
1.000000000000000000e+00,7.515639781951904297e+00,5.515908725178164593e-15
1.000000000000000000e+00,7.576119899749755859e+00,8.115705243250018143e-15
1.000000000000000000e+00,7.636600017547607422e+00,1.065164291830348198e-14
1.000000000000000000e+00,7.697090148925781250e+00,1.274034402490376836e-14
1.000000000000000000e+00,7.757569789886474609e+00,1.419093218524151216e-14
1.000000000000000000e+00,7.818049907684326172e+00,1.473024642159833686e-14
1.000000000000000000e+00,7.878540039062500000e+00,1.379523909612859793e-14
1.000000000000000000e+00,7.939020156860351562e+00,1.109494072887898315e-14
1.000000000000000000e+00,7.999509811401367188e+00,7.341045631061976817e-15
1.000000000000000000e+00,8.059989929199218750e+00,3.892816513641351818e-15
1.000000000000000000e+00,8.120470046997070312e+00,1.637697153333960366e-15
1.000000000000000000e+00,8.180959701538085938e+00,5.494851094161833453e-16
1.000000000000000000e+00,8.241439819335937500e+00,1.555903382037657332e-16
1.000000000000000000e+00,8.301919937133789062e+00,7.684967051733265613e-17
1.000000000000000000e+00,8.362409591674804688e+00,2.212714428286492457e-16
1.000000000000000000e+00,8.422889709472656250e+00,7.754731455869074673e-16
1.000000000000000000e+00,8.483369827270507812e+00,2.002751367712854594e-15
1.000000000000000000e+00,8.543860435485839844e+00,3.708067092881301888e-15
1.000000000000000000e+00,8.604339599609375000e+00,4.913647357044404195e-15
1.000000000000000000e+00,8.664830207824707031e+00,4.660094555178101449e-15
1.000000000000000000e+00,8.725310325622558594e+00,3.163140960265477121e-15
1.000000000000000000e+00,8.785790443420410156e+00,1.536677223689236866e-15
1.000000000000000000e+00,8.846280097961425781e+00,5.341987217389908311e-16
