iras07027_SWS_CWsubFitting and integrated flux data

Section 1: Aliphatic features
Gaussian fitting parameters for 6.9 and 7.2 micron features
[2.18876859e-14 6.80747105e+00 2.00000000e-01 3.03762626e-15
 7.18605144e+00 0.00000000e+00]
Errors on aliphatic fitting parameters
[2.71457989e-15 3.33109821e-02 0.00000000e+00 0.00000000e+00
 0.00000000e+00 0.00000000e+00]
Fit model - aliphatic features
[6.603   6.6096  6.61622 6.62284 6.62946 6.63609 6.64273 6.64938 6.65603
 6.66269 6.66936 6.67603 6.68271 6.6894  6.69609 6.70279 6.70949 6.71621
 6.72293 6.72965 6.73639 6.74313 6.74987 6.75663 6.76339 6.77015 6.77693
 6.78371 6.79049 6.79729 6.80409 6.81089 6.81771 6.82453 6.83136 6.83819
 6.84503 6.85188 6.85874 6.8656  6.87247 6.87935 6.88623 6.89312 6.90001
 6.90692 6.91383 6.92075 6.92767 6.9346  6.93809 6.94154 6.94503 6.94848
 6.95198 6.95544 6.95893 6.9624  6.96589 6.96936 6.97286 6.97633 6.97984
 6.98331 6.98682 6.9903  6.99381 6.99729 7.00081 7.0043  7.00781 7.0113
 7.01483 7.01832 7.02184 7.02534 7.02887 7.03237 7.0359  7.0394  7.04294
 7.04645 7.04999 7.0535  7.05704 7.06055 7.0641  7.06762 7.07117 7.07469
 7.07824 7.08533 7.09242 7.09951 7.10661 7.11372 7.12084 7.12797 7.1351
 7.14224 7.14938 7.15654 7.1637  7.17086 7.17804 7.18522 7.19241 7.1996
 7.20681 7.21402 7.22123 7.22846 7.23569 7.24293 7.25018 7.25743 7.26469
 7.27196 7.27924 7.28652 7.29381 7.30111 7.30841 7.31572 7.32304 7.33037
 7.3377  7.34505 7.35239 7.35975 7.36711 7.37448 7.38186 7.38925 7.39664
 7.40404 7.41145 7.41886 7.42629 7.43372 7.44115 7.4486  7.45605 7.46351
 7.47098 7.47845 7.48594 7.49342 7.50092 7.50843 7.51594 7.52346 7.53099
 7.53852 7.54606 7.55361 7.56117 7.56874 7.57631 7.58389 7.59148 7.59907
 7.60667 7.61428 7.6219  7.62953 7.63716 7.6448 ]
[1.29788233e-14 1.34168621e-14 1.38559138e-14 1.42936642e-14
 1.47290983e-14 1.51618269e-14 1.55907691e-14 1.60148182e-14
 1.64322241e-14 1.68424886e-14 1.72444596e-14 1.76363977e-14
 1.80177555e-14 1.83873794e-14 1.87436018e-14 1.90858583e-14
 1.94125664e-14 1.97236209e-14 2.00170482e-14 2.02919192e-14
 2.05480848e-14 2.07838669e-14 2.09984931e-14 2.11917940e-14
 2.13624552e-14 2.15099029e-14 2.16339695e-14 2.17337607e-14
 2.18089348e-14 2.18593450e-14 2.18845585e-14 2.18844880e-14
 2.18590219e-14 2.18082119e-14 2.17321051e-14 2.16310226e-14
 2.15051138e-14 2.13547085e-14 2.11802231e-14 2.09824633e-14
 2.07617717e-14 2.05188074e-14 2.02547035e-14 1.99699253e-14
 1.96657978e-14 1.93423699e-14 1.90015654e-14 1.86439684e-14
 1.82712146e-14 1.78839215e-14 1.76839565e-14 1.74832478e-14
 1.72772980e-14 1.70709834e-14 1.68590691e-14 1.66471506e-14
 1.64311106e-14 1.62141927e-14 1.59940559e-14 1.57733813e-14
 1.55491408e-14 1.53253356e-14 1.50976033e-14 1.48712897e-14
 1.46413339e-14 1.44124711e-14 1.41809092e-14 1.39507570e-14
 1.37175334e-14 1.34860221e-14 1.32530539e-14 1.30214264e-14
 1.27873003e-14 1.25561200e-14 1.23233842e-14 1.20925336e-14
 1.18604046e-14 1.16310701e-14 1.14007242e-14 1.11734030e-14
 1.09446841e-14 1.07192101e-14 1.04932394e-14 1.02707099e-14
 1.00479229e-14 9.82875487e-15 9.60894054e-15 9.39291559e-15
 9.17708847e-15 8.96519274e-15 8.75369934e-15 8.33825737e-15
 7.93255673e-15 7.53711772e-15 7.15186245e-15 6.77723333e-15
 6.41361428e-15 6.06133144e-15 5.72112284e-15 5.39269940e-15
 5.07665496e-15 4.77221258e-15 4.48028154e-15 4.20082144e-15
 3.93301916e-15 3.67754656e-15 3.43390899e-15 3.20227112e-15
 2.98180624e-15 2.77291355e-15 2.57530595e-15 2.38817148e-15
 2.21174288e-15 2.04545035e-15 1.88897437e-15 1.74217789e-15
 1.60449586e-15 1.47557743e-15 1.35506568e-15 1.24274855e-15
 1.13809353e-15 1.04073952e-15 9.50446227e-16 8.66720928e-16
 7.89214151e-16 7.17582615e-16 6.51576780e-16 5.90689436e-16
 5.34841910e-16 4.83489211e-16 4.36475635e-16 3.93444540e-16
 3.54123655e-16 3.18252519e-16 2.85624736e-16 2.55954088e-16
 2.29017251e-16 2.04634177e-16 1.82539817e-16 1.62606414e-16
 1.44649972e-16 1.28457788e-16 1.13919984e-16 1.00870820e-16
 8.91774230e-17 7.87296707e-17 6.93855086e-17 6.10751432e-17
 5.36663625e-17 4.70817931e-17 4.12469151e-17 3.60777843e-17
 3.15061763e-17 2.74748873e-17 2.39210548e-17 2.07934458e-17
 1.80456228e-17 1.56355835e-17 1.35280168e-17 1.16855106e-17
 1.00774884e-17 8.67823589e-18 7.46102250e-18 6.40398830e-18
 5.48763872e-18 4.69462400e-18 4.01036624e-18 3.42014299e-18]

Integrated fluxes of aliphatic features
6.9 micron feature 9.290493830421175e-15
7.2 micron feature 0.0
S/N of 6.9: 1.2905181411379867
S/N of 7.2: nan

Section 2: 7.7 micron complex
Gaussian fitting parameters for 7.7 micron complex
[8.18356380e-14 7.55991901e+00 9.13527417e-02 5.36967914e-13
 7.96427055e+00 2.50000000e-01 2.00000000e-19 8.10000009e+00
 2.00000000e-01 1.95188821e-13 8.60754819e+00 1.79345524e-01]
Errors on fitting parameters
[4.01784248e-15 4.44378758e-03 4.51325523e-03 1.87947705e-15
 1.89615130e-03 0.00000000e+00 0.00000000e+00 0.00000000e+00
 0.00000000e+00 1.86054130e-15 2.30153352e-03 2.80756585e-03]
Fit model - 7.7 micron complex
[7.10661 7.11372 7.12084 7.12797 7.1351  7.14224 7.14938 7.15654 7.1637
 7.17086 7.17804 7.18522 7.19241 7.1996  7.20681 7.21402 7.22123 7.22846
 7.23569 7.24293 7.25018 7.25743 7.26469 7.27196 7.27924 7.28652 7.29381
 7.30111 7.30841 7.31572 7.32304 7.33037 7.3377  7.34505 7.35239 7.35975
 7.36711 7.37448 7.38186 7.38925 7.39664 7.40404 7.41145 7.41886 7.42629
 7.43372 7.44115 7.4486  7.45605 7.46351 7.47098 7.47845 7.48594 7.49342
 7.50092 7.50843 7.51594 7.52346 7.53099 7.53852 7.54606 7.55361 7.56117
 7.56874 7.57631 7.58389 7.59148 7.59907 7.60667 7.61428 7.6219  7.62953
 7.63716 7.6448  7.65245 7.66011 7.66777 7.67544 7.68312 7.69081 7.6985
 7.70621 7.71392 7.72163 7.72936 7.73709 7.74483 7.75258 7.76034 7.7681
 7.77587 7.78365 7.79144 7.79924 7.80704 7.81485 7.82267 7.8305  7.83833
 7.84617 7.85402 7.86188 7.86975 7.87762 7.8855  7.89339 7.90129 7.90919
 7.91711 7.92503 7.93296 7.94089 7.94884 7.95679 7.96475 7.97272 7.9807
 7.98868 7.99668 8.00468 8.01269 8.0207  8.02873 8.03676 8.0448  8.05285
 8.06091 8.06897 8.07704 8.08512 8.09321 8.10131 8.10942 8.11753 8.12565
 8.13378 8.14192 8.15007 8.15822 8.16638 8.17455 8.18273 8.19092 8.19911
 8.20732 8.21553 8.22375 8.23197 8.24021 8.24846 8.25671 8.26497 8.27324
 8.28152 8.2898  8.29809 8.3064  8.31471 8.32303 8.33135 8.33969 8.34803
 8.35639 8.36475 8.37311 8.38149 8.38988 8.39827 8.40667 8.41508 8.4235
 8.43193 8.44037 8.44881 8.45727 8.46573 8.4742  8.48268 8.49116 8.49966
 8.50816 8.51667 8.5252  8.53372 8.54226 8.55081 8.55936 8.56793 8.5765
 8.58508 8.59367 8.60227 8.61088 8.61949 8.62811 8.63675 8.64539 8.65404
 8.6627  8.67136 8.68004 8.68872 8.69742 8.70612 8.71483 8.72355 8.73228
 8.74101 8.74976 8.75851 8.76727 8.77605 8.78483 8.79362 8.80241 8.81122
 8.82004 8.82886 8.83769 8.84654 8.85539 8.86425 8.87312 8.88199 8.89088
 8.89977]
[1.49411164e-15 1.64670521e-15 1.81370569e-15 1.99635335e-15
 2.19569557e-15 2.41341877e-15 2.65073515e-15 2.90999623e-15
 3.19230492e-15 3.49954552e-15 3.83473820e-15 4.19930975e-15
 4.59629551e-15 5.02792037e-15 5.49853365e-15 6.01031902e-15
 6.56698080e-15 7.17440045e-15 7.83575324e-15 8.55729703e-15
 9.34517222e-15 1.02050605e-14 1.11457700e-14 1.21760451e-14
 1.33057085e-14 1.45439793e-14 1.59045560e-14 1.74009883e-14
 1.90458474e-14 2.08573574e-14 2.28531598e-14 2.50521955e-14
 2.74711120e-14 3.01375558e-14 3.30617892e-14 3.62771992e-14
 3.97968401e-14 4.36459919e-14 4.78444933e-14 5.24102322e-14
 5.73514638e-14 6.26858224e-14 6.84208004e-14 7.45503928e-14
 8.10880336e-14 8.80068008e-14 9.52892138e-14 1.02931978e-13
 1.10884728e-13 1.19120857e-13 1.27597320e-13 1.36253660e-13
 1.45059565e-13 1.53922684e-13 1.62819393e-13 1.71678216e-13
 1.80429049e-13 1.89028274e-13 1.97425021e-13 2.05564039e-13
 2.13419860e-13 2.20964647e-13 2.28180449e-13 2.35059823e-13
 2.41597656e-13 2.47817114e-13 2.53742061e-13 2.59398203e-13
 2.64834273e-13 2.70097392e-13 2.75239381e-13 2.80314934e-13
 2.85373108e-13 2.90475226e-13 2.95673337e-13 3.01015324e-13
 3.06536193e-13 3.12278393e-13 3.18270069e-13 3.24531407e-13
 3.31065723e-13 3.37893837e-13 3.44994003e-13 3.52353800e-13
 3.59974253e-13 3.67811711e-13 3.75846935e-13 3.84046848e-13
 3.92375130e-13 4.00782227e-13 4.09238714e-13 4.17703680e-13
 4.26136039e-13 4.34495075e-13 4.42730437e-13 4.50814349e-13
 4.58709716e-13 4.66381098e-13 4.73785583e-13 4.80901481e-13
 4.87699067e-13 4.94150544e-13 5.00230041e-13 5.05906642e-13
 5.11166308e-13 5.15988876e-13 5.20356002e-13 5.24246529e-13
 5.27655573e-13 5.30561593e-13 5.32958069e-13 5.34833615e-13
 5.36185413e-13 5.37004327e-13 5.37288479e-13 5.37035790e-13
 5.36246024e-13 5.34922793e-13 5.33066257e-13 5.30686387e-13
 5.27788363e-13 5.24385760e-13 5.20480910e-13 5.16096142e-13
 5.11241250e-13 5.05932311e-13 5.00187079e-13 4.94032817e-13
 4.87483520e-13 4.80561540e-13 4.73290640e-13 4.65695917e-13
 4.57803708e-13 4.49651694e-13 4.41258733e-13 4.32654170e-13
 4.23868165e-13 4.14931568e-13 4.05886949e-13 3.96755155e-13
 3.87568213e-13 3.78358306e-13 3.69157622e-13 3.60009329e-13
 3.50922802e-13 3.41951382e-13 3.33114505e-13 3.24452372e-13
 3.15972723e-13 3.07713940e-13 2.99712021e-13 2.91981745e-13
 2.84546459e-13 2.77427755e-13 2.70653289e-13 2.64231835e-13
 2.58171719e-13 2.52500608e-13 2.47221602e-13 2.42348386e-13
 2.37874668e-13 2.33813871e-13 2.30156163e-13 2.26907373e-13
 2.24060280e-13 2.21599459e-13 2.19517100e-13 2.17800791e-13
 2.16430926e-13 2.15387988e-13 2.14649970e-13 2.14192515e-13
 2.13989092e-13 2.14011045e-13 2.14228194e-13 2.14608331e-13
 2.15118703e-13 2.15725443e-13 2.16393215e-13 2.17088750e-13
 2.17775585e-13 2.18420031e-13 2.18988813e-13 2.19447162e-13
 2.19765221e-13 2.19912264e-13 2.19860225e-13 2.19582890e-13
 2.19057237e-13 2.18262044e-13 2.17179085e-13 2.15793107e-13
 2.14091969e-13 2.12069272e-13 2.09717575e-13 2.07031198e-13
 2.04017244e-13 2.00676883e-13 1.97017316e-13 1.93053478e-13
 1.88789214e-13 1.84249952e-13 1.79443274e-13 1.74400407e-13
 1.69138028e-13 1.63679813e-13 1.58050765e-13 1.52283592e-13
 1.46391809e-13 1.40415993e-13 1.34376674e-13 1.28293962e-13
 1.22208345e-13 1.16138817e-13 1.10117169e-13 1.04153503e-13
 9.82771865e-14 9.25156507e-14 8.68814327e-14 8.13859145e-14
 7.60571876e-14 7.09027107e-14 6.59343105e-14 6.11671354e-14
 5.65984025e-14 5.22444735e-14]
Integrated fluxes
Total integrated flux of complex: 3.5510210392079013e-13
Section 3: 11.2 micron feature
Integrated flux of 11.2 micron feature:
2.2884070007647352e-14
