# Full model fit
#  col1: ID - 0=aliphatic, 1=7.7 complex, col2: wavelength, col3: flux density
0.000000000000000000e+00,6.600480000000000125e+00,6.850561935081541672e-15
0.000000000000000000e+00,6.602669999999999817e+00,7.002362320331144117e-15
0.000000000000000000e+00,6.607109999999999594e+00,7.317861777435943931e-15
0.000000000000000000e+00,6.608340000000000103e+00,7.407113331957319278e-15
0.000000000000000000e+00,6.613690000000000069e+00,7.804766533826121177e-15
0.000000000000000000e+00,6.615890000000000271e+00,7.972783047746106456e-15
0.000000000000000000e+00,6.621509999999999785e+00,8.414029917921820877e-15
0.000000000000000000e+00,6.622519999999999740e+00,8.495177433842856019e-15
0.000000000000000000e+00,6.626900000000000013e+00,8.853660020968047877e-15
0.000000000000000000e+00,6.629100000000000215e+00,9.037774469137868228e-15
0.000000000000000000e+00,6.633490000000000109e+00,9.413330716454393004e-15
0.000000000000000000e+00,6.635679999999999801e+00,9.604769909485770852e-15
0.000000000000000000e+00,6.640069999999999695e+00,9.996768685936135293e-15
0.000000000000000000e+00,6.642310000000000159e+00,1.020104415401496579e-14
0.000000000000000000e+00,6.646700000000000053e+00,1.060977083138738573e-14
0.000000000000000000e+00,6.649849999999999817e+00,1.090991247514393099e-14
0.000000000000000000e+00,6.653279999999999639e+00,1.124327533497858164e-14
0.000000000000000000e+00,6.655470000000000219e+00,1.145969593732727335e-14
0.000000000000000000e+00,6.659860000000000113e+00,1.190192333632152043e-14
0.000000000000000000e+00,6.662110000000000198e+00,1.213292293154451255e-14
0.000000000000000000e+00,6.666489999999999583e+00,1.259104609335534025e-14
0.000000000000000000e+00,6.668680000000000163e+00,1.282428746798363409e-14
0.000000000000000000e+00,6.673070000000000057e+00,1.330020909330378043e-14
0.000000000000000000e+00,6.675259999999999749e+00,1.354179510727657937e-14
0.000000000000000000e+00,6.679640000000000022e+00,1.403325572284343844e-14
0.000000000000000000e+00,6.681840000000000224e+00,1.428426098280856544e-14
0.000000000000000000e+00,6.683130000000000237e+00,1.443272754880220404e-14
0.000000000000000000e+00,6.689429999999999765e+00,1.517137340656804843e-14
0.000000000000000000e+00,6.692849999999999966e+00,1.558171510761761521e-14
0.000000000000000000e+00,6.695050000000000168e+00,1.584912518154446316e-14
0.000000000000000000e+00,6.699430000000000440e+00,1.638947275814009984e-14
0.000000000000000000e+00,6.702639999999999709e+00,1.679213744831053330e-14
0.000000000000000000e+00,6.706070000000000420e+00,1.722853925844364117e-14
0.000000000000000000e+00,6.710449999999999804e+00,1.779489615861770231e-14
0.000000000000000000e+00,6.712570000000000370e+00,1.807262965089628211e-14
0.000000000000000000e+00,6.714830000000000076e+00,1.837125828577905199e-14
0.000000000000000000e+00,6.719210000000000349e+00,1.895740635498289079e-14
0.000000000000000000e+00,6.722349999999999604e+00,1.938350264439716022e-14
0.000000000000000000e+00,6.726799999999999891e+00,1.999558342829347768e-14
0.000000000000000000e+00,6.730229999999999713e+00,2.047378085290692976e-14
0.000000000000000000e+00,6.733369999999999855e+00,2.091631130518870010e-14
0.000000000000000000e+00,6.736799999999999677e+00,2.140477788967574531e-14
0.000000000000000000e+00,6.738990000000000258e+00,2.171935335010350406e-14
0.000000000000000000e+00,6.743439999999999657e+00,2.236483478527058729e-14
0.000000000000000000e+00,6.745630000000000237e+00,2.268549707401260772e-14
0.000000000000000000e+00,6.750009999999999621e+00,2.333252309421558292e-14
0.000000000000000000e+00,6.753149999999999764e+00,2.380087582024597027e-14
0.000000000000000000e+00,6.755340000000000344e+00,2.412966572032694879e-14
0.000000000000000000e+00,6.760080000000000311e+00,2.484703194526047538e-14
0.000000000000000000e+00,6.763219999999999565e+00,2.532635907688137112e-14
0.000000000000000000e+00,6.766359999999999708e+00,2.580876947196793185e-14
0.000000000000000000e+00,6.770739999999999981e+00,2.648651372656271912e-14
0.000000000000000000e+00,6.774160000000000181e+00,2.701934467126898779e-14
0.000000000000000000e+00,6.776349999999999874e+00,2.736209705495244270e-14
0.000000000000000000e+00,6.781769999999999854e+00,2.821512745055758925e-14
0.000000000000000000e+00,6.782910000000000217e+00,2.839534214353463964e-14
0.000000000000000000e+00,6.787379999999999747e+00,2.910434655348817758e-14
0.000000000000000000e+00,6.789559999999999818e+00,2.945137450555945497e-14
0.000000000000000000e+00,6.793940000000000090e+00,3.015073998798572624e-14
0.000000000000000000e+00,6.797080000000000233e+00,3.065359929707191191e-14
0.000000000000000000e+00,6.800589999999999691e+00,3.121688592729355298e-14
0.000000000000000000e+00,6.803919999999999746e+00,3.175216282623885074e-14
0.000000000000000000e+00,6.807150000000000034e+00,3.227192481649185502e-14
0.000000000000000000e+00,6.810570000000000235e+00,3.282258438647098594e-14
0.000000000000000000e+00,6.813710000000000377e+00,3.332820347394654968e-14
0.000000000000000000e+00,6.818080000000000140e+00,3.403149983260678547e-14
0.000000000000000000e+00,6.820260000000000211e+00,3.438199975531426781e-14
0.000000000000000000e+00,6.824729999999999741e+00,3.509954643069861958e-14
0.000000000000000000e+00,6.827869999999999884e+00,3.560237305453207667e-14
0.000000000000000000e+00,6.831290000000000084e+00,3.614856329110583866e-14
0.000000000000000000e+00,6.834710000000000285e+00,3.669290431807460542e-14
0.000000000000000000e+00,6.837850000000000428e+00,3.719077430965958904e-14
0.000000000000000000e+00,6.842319999999999958e+00,3.789587036210993801e-14
0.000000000000000000e+00,6.844500000000000028e+00,3.823799127757141766e-14
0.000000000000000000e+00,6.848869999999999791e+00,3.891991164605004870e-14
0.000000000000000000e+00,6.852289999999999992e+00,3.944960112680664620e-14
0.000000000000000000e+00,6.854190000000000005e+00,3.974222500447785200e-14
0.000000000000000000e+00,6.858839999999999826e+00,4.045299743055440404e-14
0.000000000000000000e+00,6.863319999999999865e+00,4.112992711605173646e-14
0.000000000000000000e+00,6.865499999999999936e+00,4.145630965887726102e-14
0.000000000000000000e+00,6.869580000000000020e+00,4.206146922573966048e-14
0.000000000000000000e+00,6.873000000000000220e+00,4.256268445563964708e-14
0.000000000000000000e+00,6.875189999999999912e+00,4.288057652873459586e-14
0.000000000000000000e+00,6.879550000000000054e+00,4.350595275646208383e-14
0.000000000000000000e+00,6.881730000000000125e+00,4.381472538192243781e-14
0.000000000000000000e+00,6.886210000000000164e+00,4.444063042861830659e-14
0.000000000000000000e+00,6.889339999999999797e+00,4.487071958985671172e-14
0.000000000000000000e+00,6.892759999999999998e+00,4.533355378821275685e-14
0.000000000000000000e+00,6.896180000000000199e+00,4.578866555116040356e-14
0.000000000000000000e+00,6.899429999999999730e+00,4.621371661490686402e-14
0.000000000000000000e+00,6.903789999999999871e+00,4.677208928305049519e-14
0.000000000000000000e+00,6.906920000000000393e+00,4.716425216281452551e-14
0.000000000000000000e+00,6.910339999999999705e+00,4.758414883695112375e-14
0.000000000000000000e+00,6.913750000000000284e+00,4.799359640147344877e-14
0.000000000000000000e+00,6.916879999999999917e+00,4.836107832497148665e-14
0.000000000000000000e+00,6.921249999999999680e+00,4.886037027430430667e-14
0.000000000000000000e+00,6.923549999999999649e+00,4.911653907504122168e-14
0.000000000000000000e+00,6.927909999999999791e+00,4.958927124544424962e-14
0.000000000000000000e+00,6.931329999999999991e+00,4.994800127861816621e-14
0.000000000000000000e+00,6.933510000000000062e+00,5.017099567640432126e-14
0.000000000000000000e+00,6.937710000000000043e+00,5.058790982855755333e-14
0.000000000000000000e+00,6.941119999999999735e+00,5.091385122999029717e-14
0.000000000000000000e+00,6.943559999999999732e+00,5.114003665373290404e-14
0.000000000000000000e+00,6.943559999999999732e+00,5.114003665373290404e-14
0.000000000000000000e+00,6.943559999999999732e+00,5.114003665373290404e-14
0.000000000000000000e+00,6.943559999999999732e+00,5.114003665373290404e-14
0.000000000000000000e+00,6.946720000000000006e+00,5.142409419191986006e-14
0.000000000000000000e+00,6.947919999999999874e+00,5.152931016102765256e-14
0.000000000000000000e+00,6.948769999999999669e+00,5.160294648384010737e-14
0.000000000000000000e+00,6.952029999999999710e+00,5.187844815183962902e-14
0.000000000000000000e+00,6.952280000000000015e+00,5.189911956819887042e-14
0.000000000000000000e+00,6.955149999999999721e+00,5.213172872877350806e-14
0.000000000000000000e+00,6.956209999999999560e+00,5.221544073503759886e-14
0.000000000000000000e+00,6.958700000000000330e+00,5.240737534520170786e-14
0.000000000000000000e+00,6.958820000000000228e+00,5.241645749253448803e-14
0.000000000000000000e+00,6.962110000000000021e+00,5.265940504631278643e-14
0.000000000000000000e+00,6.962749999999999773e+00,5.270530090123735730e-14
0.000000000000000000e+00,6.965239999999999654e+00,5.287960287967379646e-14
0.000000000000000000e+00,6.966160000000000352e+00,5.294227994888605988e-14
0.000000000000000000e+00,6.969590000000000174e+00,5.316769485068667409e-14
0.000000000000000000e+00,6.970089999999999897e+00,5.319946039417416676e-14
0.000000000000000000e+00,6.972719999999999807e+00,5.336193381922735948e-14
0.000000000000000000e+00,6.973499999999999588e+00,5.340862347440551034e-14
0.000000000000000000e+00,6.976130000000000386e+00,5.356097702064355767e-14
0.000000000000000000e+00,6.976239999999999775e+00,5.356717814078321187e-14
0.000000000000000000e+00,6.979680000000000106e+00,5.375413523191523428e-14
0.000000000000000000e+00,6.979739999999999611e+00,5.375727591720909302e-14
0.000000000000000000e+00,6.982809999999999739e+00,5.391244622436039289e-14
0.000000000000000000e+00,6.983159999999999812e+00,5.392944624859491311e-14
0.000000000000000000e+00,6.987160000000000259e+00,5.411364468017193639e-14
0.000000000000000000e+00,6.987510000000000332e+00,5.412887670595130146e-14
0.000000000000000000e+00,6.990289999999999893e+00,5.424478099887597584e-14
0.000000000000000000e+00,6.990920000000000023e+00,5.426978989491608361e-14
0.000000000000000000e+00,6.993699999999999584e+00,5.437458142506173375e-14
0.000000000000000000e+00,6.994040000000000035e+00,5.438677379983737724e-14
0.000000000000000000e+00,6.997110000000000163e+00,5.449069064674348459e-14
0.000000000000000000e+00,6.997329999999999828e+00,5.449771003919914545e-14
0.000000000000000000e+00,7.000230000000000175e+00,5.458488361064144070e-14
0.000000000000000000e+00,7.001509999999999678e+00,5.462018940614960216e-14
0.000000000000000000e+00,7.004730000000000345e+00,5.470040134185415456e-14
0.000000000000000000e+00,7.005090000000000039e+00,5.470860301801615704e-14
0.000000000000000000e+00,7.007850000000000357e+00,5.476635791323701571e-14
0.000000000000000000e+00,7.008329999999999949e+00,5.477547626681009565e-14
0.000000000000000000e+00,7.011260000000000048e+00,5.482518366168992713e-14
0.000000000000000000e+00,7.011619999999999742e+00,5.483058525457513951e-14
0.000000000000000000e+00,7.013959999999999972e+00,5.486193004878578257e-14
0.000000000000000000e+00,7.014680000000000248e+00,5.487026152443649145e-14
0.000000000000000000e+00,7.017940000000000289e+00,5.490025412083873258e-14
0.000000000000000000e+00,7.018320000000000114e+00,5.490292637917904032e-14
0.000000000000000000e+00,7.021729999999999805e+00,5.491921618962976404e-14
0.000000000000000000e+00,7.022300000000000431e+00,5.492059024290186157e-14
0.000000000000000000e+00,7.025420000000000442e+00,5.492127654625785838e-14
0.000000000000000000e+00,7.026080000000000325e+00,5.491994231115195184e-14
0.000000000000000000e+00,7.028830000000000133e+00,5.490883307396720665e-14
0.000000000000000000e+00,7.029189999999999827e+00,5.490671700634295352e-14
0.000000000000000000e+00,7.030059999999999754e+00,5.490097159010065401e-14
0.000000000000000000e+00,7.031369999999999898e+00,5.489063661680254075e-14
0.000000000000000000e+00,7.035359999999999836e+00,5.484672305524987187e-14
0.000000000000000000e+00,7.038070000000000270e+00,5.480626139660869940e-14
0.000000000000000000e+00,7.039710000000000356e+00,5.477761534636551242e-14
0.000000000000000000e+00,7.040239999999999831e+00,5.476768905895532657e-14
0.000000000000000000e+00,7.042040000000000077e+00,5.473154463488343265e-14
0.000000000000000000e+00,7.043479999999999741e+00,5.469992979301511928e-14
0.000000000000000000e+00,7.046389999999999709e+00,5.462874924407170971e-14
0.000000000000000000e+00,7.047710000000000363e+00,5.459325810352297816e-14
0.000000000000000000e+00,7.049879999999999924e+00,5.453059020749454150e-14
0.000000000000000000e+00,7.050740000000000229e+00,5.450427212962775909e-14
0.000000000000000000e+00,7.052920000000000300e+00,5.443380688840286813e-14
0.000000000000000000e+00,7.053289999999999615e+00,5.442131466907851732e-14
0.000000000000000000e+00,7.056879999999999598e+00,5.429212871853250096e-14
0.000000000000000000e+00,7.057430000000000092e+00,5.427106488112407894e-14
0.000000000000000000e+00,7.061049999999999827e+00,5.412406010204449882e-14
0.000000000000000000e+00,7.062719999999999665e+00,5.405137761503460846e-14
0.000000000000000000e+00,7.063790000000000013e+00,5.400320548907594627e-14
0.000000000000000000e+00,7.064339999999999620e+00,5.397795878763062533e-14
0.000000000000000000e+00,7.065030000000000143e+00,5.394582088968385578e-14
0.000000000000000000e+00,7.065970000000000084e+00,5.390120872896014674e-14
0.000000000000000000e+00,7.067450000000000010e+00,5.382903534529140402e-14
0.000000000000000000e+00,7.071799999999999642e+00,5.360333527299510360e-14
0.000000000000000000e+00,7.075210000000000221e+00,5.341242374045756338e-14
0.000000000000000000e+00,7.078800000000000203e+00,5.319836791383249638e-14
0.000000000000000000e+00,7.081909999999999705e+00,5.300226248697520701e-14
0.000000000000000000e+00,7.086260000000000225e+00,5.271164281293012231e-14
0.000000000000000000e+00,7.088429999999999787e+00,5.255966506132305156e-14
0.000000000000000000e+00,7.092780000000000307e+00,5.224124336492608633e-14
0.000000000000000000e+00,7.096180000000000376e+00,5.197980977558701359e-14
0.000000000000000000e+00,7.099289999999999878e+00,5.173123545511884986e-14
0.000000000000000000e+00,7.103830000000000311e+00,5.135254120930077125e-14
0.000000000000000000e+00,7.108170000000000321e+00,5.097342797303725572e-14
0.000000000000000000e+00,7.109110000000000262e+00,5.088916278180478188e-14
0.000000000000000000e+00,7.114880000000000315e+00,5.035556520643630626e-14
0.000000000000000000e+00,7.118089999999999584e+00,5.004683813638895141e-14
0.000000000000000000e+00,7.124500000000000277e+00,4.940597071598158741e-14
0.000000000000000000e+00,7.126680000000000348e+00,4.918085670143694998e-14
0.000000000000000000e+00,7.127909999999999968e+00,4.905228524851675872e-14
0.000000000000000000e+00,7.131509999999999572e+00,4.866965894867182555e-14
0.000000000000000000e+00,7.134420000000000428e+00,4.835365098629825851e-14
0.000000000000000000e+00,7.138959999999999972e+00,4.784906905493135380e-14
0.000000000000000000e+00,7.142070000000000363e+00,4.749557460703431800e-14
0.000000000000000000e+00,7.145470000000000432e+00,4.710210493065906550e-14
0.000000000000000000e+00,7.149810000000000443e+00,4.658963797991187383e-14
0.000000000000000000e+00,7.154149999999999565e+00,4.606625372949193294e-14
0.000000000000000000e+00,7.157759999999999678e+00,4.562300535784064851e-14
0.000000000000000000e+00,7.160870000000000068e+00,4.523567169752619351e-14
0.000000000000000000e+00,7.165930000000000355e+00,4.459522204193264229e-14
0.000000000000000000e+00,7.167379999999999640e+00,4.440946072417639952e-14
0.000000000000000000e+00,7.170779999999999710e+00,4.397017552825227484e-14
0.000000000000000000e+00,7.175119999999999720e+00,4.340225589072693147e-14
0.000000000000000000e+00,7.178429999999999644e+00,4.296403400511133291e-14
0.000000000000000000e+00,7.181530000000000413e+00,4.254987592996912184e-14
0.000000000000000000e+00,7.185870000000000424e+00,4.196438585833134567e-14
0.000000000000000000e+00,7.189269999999999605e+00,4.150141896858422343e-14
0.000000000000000000e+00,7.190509999999999735e+00,4.133169446241262073e-14
0.000000000000000000e+00,7.195990000000000109e+00,4.057643094077269671e-14
0.000000000000000000e+00,7.200330000000000119e+00,3.997281230904938393e-14
0.000000000000000000e+00,7.205599999999999561e+00,3.923420174709017896e-14
0.000000000000000000e+00,7.206830000000000069e+00,3.906101734433727353e-14
0.000000000000000000e+00,7.210230000000000139e+00,3.858090078684490514e-14
0.000000000000000000e+00,7.214570000000000149e+00,3.796539320945862924e-14
0.000000000000000000e+00,7.217889999999999695e+00,3.749283500270007580e-14
0.000000000000000000e+00,7.220989999999999576e+00,3.705047777830653938e-14
0.000000000000000000e+00,7.225319999999999965e+00,3.643116129056918512e-14
0.000000000000000000e+00,7.228720000000000034e+00,3.594397077921308684e-14
0.000000000000000000e+00,7.232120000000000104e+00,3.545625175235998380e-14
0.000000000000000000e+00,7.237379999999999924e+00,3.470121349490153423e-14
0.000000000000000000e+00,7.239779999999999660e+00,3.435669738476655911e-14
0.000000000000000000e+00,7.242880000000000429e+00,3.391185683627772922e-14
0.000000000000000000e+00,7.247209999999999930e+00,3.329110273869379429e-14
0.000000000000000000e+00,7.249900000000000233e+00,3.290597573984935033e-14
0.000000000000000000e+00,7.253999999999999559e+00,3.232000614198389394e-14
0.000000000000000000e+00,7.257100000000000328e+00,3.187796562536793576e-14
0.000000000000000000e+00,7.261660000000000004e+00,3.122965563122045963e-14
0.000000000000000000e+00,7.263829999999999565e+00,3.092205599416344982e-14
0.000000000000000000e+00,7.268159999999999954e+00,3.031028159204285359e-14
0.000000000000000000e+00,7.272479999999999833e+00,2.970288868191289894e-14
0.000000000000000000e+00,7.276119999999999699e+00,2.919366448855844302e-14
0.000000000000000000e+00,7.280210000000000292e+00,2.862454725103530950e-14
0.000000000000000000e+00,7.284480000000000288e+00,2.803412691960857668e-14
0.000000000000000000e+00,7.286640000000000228e+00,2.773701130309147214e-14
0.000000000000000000e+00,7.290029999999999788e+00,2.727292197532582349e-14
0.000000000000000000e+00,7.293669999999999654e+00,2.677776510649095160e-14
0.000000000000000000e+00,7.297760000000000247e+00,2.622549906042817638e-14
0.000000000000000000e+00,7.301090000000000302e+00,2.577921529289193814e-14
0.000000000000000000e+00,7.304190000000000182e+00,2.536657910329301215e-14
0.000000000000000000e+00,7.308510000000000062e+00,2.479626628786988701e-14
0.000000000000000000e+00,7.312839999999999563e+00,2.423035710362983625e-14
0.000000000000000000e+00,7.315549999999999997e+00,2.387918952994673364e-14
0.000000000000000000e+00,7.319869999999999877e+00,2.332434627066277601e-14
0.000000000000000000e+00,7.323940000000000339e+00,2.280733614919862565e-14
0.000000000000000000e+00,7.326310000000000322e+00,2.250889919160490391e-14
0.000000000000000000e+00,7.330379999999999896e+00,2.200099990354745776e-14
0.000000000000000000e+00,7.334699999999999775e+00,2.146840825722265586e-14
0.000000000000000000e+00,7.337419999999999831e+00,2.113657943140624643e-14
0.000000000000000000e+00,7.341739999999999711e+00,2.061523208815979886e-14
0.000000000000000000e+00,7.344829999999999970e+00,2.024666245493228209e-14
0.000000000000000000e+00,7.345760000000000289e+00,2.013645052294214664e-14
0.000000000000000000e+00,7.352500000000000036e+00,1.934776008062405863e-14
0.000000000000000000e+00,7.356819999999999915e+00,1.885166851181540953e-14
0.000000000000000000e+00,7.362379999999999924e+00,1.822419728664224224e-14
0.000000000000000000e+00,7.364539999999999864e+00,1.798381219056039677e-14
0.000000000000000000e+00,7.367930000000000312e+00,1.761038948778171473e-14
0.000000000000000000e+00,7.370090000000000252e+00,1.737492200585170074e-14
0.000000000000000000e+00,7.374360000000000248e+00,1.691512020426416572e-14
0.000000000000000000e+00,7.378680000000000128e+00,1.645766088366944480e-14
0.000000000000000000e+00,7.381149999999999878e+00,1.619961506636100480e-14
0.000000000000000000e+00,7.381149999999999878e+00,1.619961506636100480e-14
0.000000000000000000e+00,7.389479999999999826e+00,1.534830489975290160e-14
0.000000000000000000e+00,7.393139999999999823e+00,1.498353781087155414e-14
0.000000000000000000e+00,7.400540000000000340e+00,1.426339611133625752e-14
0.000000000000000000e+00,7.402700000000000280e+00,1.405757903232492861e-14
0.000000000000000000e+00,7.404860000000000220e+00,1.385374460449300159e-14
0.000000000000000000e+00,7.407589999999999897e+00,1.359895625048668013e-14
0.000000000000000000e+00,7.411640000000000228e+00,1.322680199890960088e-14
0.000000000000000000e+00,7.416220000000000034e+00,1.281432292320204223e-14
0.000000000000000000e+00,7.419310000000000294e+00,1.254104645460829701e-14
0.000000000000000000e+00,7.423619999999999663e+00,1.216659897960471158e-14
0.000000000000000000e+00,7.426709999999999923e+00,1.190294952895118809e-14
0.000000000000000000e+00,7.431020000000000181e+00,1.154188144764439926e-14
0.000000000000000000e+00,7.433760000000000367e+00,1.131636642856841504e-14
0.000000000000000000e+00,7.438080000000000247e+00,1.096713617289279008e-14
0.000000000000000000e+00,7.442099999999999937e+00,1.064907447856281542e-14
0.000000000000000000e+00,7.444519999999999804e+00,1.046080120361011591e-14
0.000000000000000000e+00,7.448550000000000004e+00,1.015257134878044843e-14
0.000000000000000000e+00,7.452860000000000262e+00,9.830206004092167011e-15
0.000000000000000000e+00,7.455610000000000070e+00,9.628424012209500434e-15
0.000000000000000000e+00,7.459920000000000329e+00,9.318246097860907627e-15
0.000000000000000000e+00,7.464229999999999698e+00,9.015416670191241064e-15
0.000000000000000000e+00,7.467310000000000336e+00,8.803470758553237886e-15
0.000000000000000000e+00,7.470679999999999765e+00,8.575791956762349290e-15
0.000000000000000000e+00,7.474990000000000023e+00,8.290978408699091816e-15
0.000000000000000000e+00,7.479300000000000281e+00,8.013240848673501071e-15
0.000000000000000000e+00,7.481760000000000410e+00,7.857857335541511141e-15
0.000000000000000000e+00,7.486069999999999780e+00,7.591062608527731793e-15
0.000000000000000000e+00,7.490380000000000038e+00,7.331121119352981503e-15
0.000000000000000000e+00,7.493450000000000166e+00,7.150094856510495976e-15
0.000000000000000000e+00,7.496819999999999595e+00,6.955289177748313702e-15
0.000000000000000000e+00,7.501129999999999853e+00,6.712040262150561888e-15
0.000000000000000000e+00,7.505440000000000111e+00,6.475318041586676990e-15
0.000000000000000000e+00,7.507900000000000240e+00,6.343093438965637362e-15
0.000000000000000000e+00,7.512500000000000178e+00,6.101400513446565649e-15
0.000000000000000000e+00,7.516810000000000436e+00,5.881424039635961291e-15
0.000000000000000000e+00,7.520809999999999995e+00,5.682787487273031554e-15
0.000000000000000000e+00,7.522960000000000313e+00,5.578185902515548819e-15
0.000000000000000000e+00,7.527269999999999683e+00,5.372993769632524015e-15
0.000000000000000000e+00,7.531570000000000320e+00,5.174172156734619765e-15
0.000000000000000000e+00,7.533100000000000129e+00,5.104829141839092649e-15
0.000000000000000000e+00,7.538640000000000008e+00,4.859796284429371629e-15
0.000000000000000000e+00,7.542939999999999756e+00,4.676040832280017853e-15
0.000000000000000000e+00,7.543859999999999566e+00,4.637444415305604586e-15
0.000000000000000000e+00,7.549400000000000333e+00,4.410297645054595807e-15
0.000000000000000000e+00,7.553700000000000081e+00,4.240123075253483293e-15
0.000000000000000000e+00,7.560150000000000148e+00,3.994657051425413132e-15
0.000000000000000000e+00,7.560150000000000148e+00,3.994657051425413132e-15
0.000000000000000000e+00,7.564759999999999707e+00,3.826244797368275959e-15
0.000000000000000000e+00,7.569060000000000343e+00,3.674308926704657950e-15
0.000000000000000000e+00,7.574600000000000222e+00,3.485714271236707905e-15
0.000000000000000000e+00,7.575520000000000032e+00,3.455161252573819328e-15
0.000000000000000000e+00,7.578899999999999970e+00,3.344753702436770719e-15
0.000000000000000000e+00,7.583199999999999719e+00,3.208416393072950107e-15
0.000000000000000000e+00,7.588739999999999597e+00,3.039409676557240101e-15
0.000000000000000000e+00,7.591789999999999594e+00,2.949485182022532678e-15
0.000000000000000000e+00,7.595489999999999853e+00,2.843304786591125938e-15
0.000000000000000000e+00,7.600710000000000299e+00,2.698806511531702431e-15
0.000000000000000000e+00,7.602859999999999729e+00,2.641057754511898996e-15
0.000000000000000000e+00,7.606250000000000178e+00,2.552053844286618315e-15
0.000000000000000000e+00,7.610219999999999985e+00,2.450954589417410129e-15
0.000000000000000000e+00,7.614840000000000053e+00,2.337457417416705749e-15
0.000000000000000000e+00,7.617300000000000182e+00,2.278807252926821621e-15
0.000000000000000000e+00,7.621599999999999930e+00,2.179196883602099584e-15
0.000000000000000000e+00,7.626809999999999867e+00,2.063342236442872063e-15
0.000000000000000000e+00,7.630519999999999747e+00,1.983984721901990465e-15
0.000000000000000000e+00,7.633250000000000313e+00,1.927217679656479682e-15
0.000000000000000000e+00,7.636650000000000382e+00,1.858408315588850415e-15
0.000000000000000000e+00,7.640939999999999621e+00,1.774510661662899259e-15
0.000000000000000000e+00,7.645240000000000258e+00,1.693605087525225030e-15
0.000000000000000000e+00,7.648939999999999628e+00,1.626473611346550580e-15
1.000000000000000000e+00,7.103830000000000311e+00,8.148017661420556640e-23
1.000000000000000000e+00,7.108170000000000321e+00,1.088158485763933933e-22
1.000000000000000000e+00,7.109110000000000262e+00,1.158678584216350268e-22
1.000000000000000000e+00,7.114880000000000315e+00,1.705149568427156218e-22
1.000000000000000000e+00,7.118089999999999584e+00,2.115315933876344665e-22
1.000000000000000000e+00,7.124500000000000277e+00,3.256348829409788436e-22
1.000000000000000000e+00,7.126680000000000348e+00,3.771754654197308080e-22
1.000000000000000000e+00,7.127909999999999968e+00,4.097908552265814663e-22
1.000000000000000000e+00,7.131509999999999572e+00,5.224246164353073426e-22
1.000000000000000000e+00,7.134420000000000428e+00,6.357576481756090539e-22
1.000000000000000000e+00,7.138959999999999972e+00,8.635661956813629145e-22
1.000000000000000000e+00,7.142070000000000363e+00,1.064993772955119323e-21
1.000000000000000000e+00,7.145470000000000432e+00,1.339041472515843186e-21
1.000000000000000000e+00,7.149810000000000443e+00,1.792806086481291756e-21
1.000000000000000000e+00,7.154149999999999565e+00,2.398699552018802574e-21
1.000000000000000000e+00,7.157759999999999678e+00,3.054018250427280234e-21
1.000000000000000000e+00,7.160870000000000068e+00,3.758397656454014138e-21
1.000000000000000000e+00,7.165930000000000355e+00,5.261543511106398253e-21
1.000000000000000000e+00,7.167379999999999640e+00,5.792272793901943168e-21
1.000000000000000000e+00,7.170779999999999710e+00,7.252008421440157435e-21
1.000000000000000000e+00,7.175119999999999720e+00,9.649384982595540777e-21
1.000000000000000000e+00,7.178429999999999644e+00,1.198542561350202919e-20
1.000000000000000000e+00,7.181530000000000413e+00,1.467096536523005025e-20
1.000000000000000000e+00,7.185870000000000424e+00,1.944205121330631123e-20
1.000000000000000000e+00,7.189269999999999605e+00,2.420966646041909200e-20
1.000000000000000000e+00,7.190509999999999735e+00,2.621807310449382934e-20
1.000000000000000000e+00,7.195990000000000109e+00,3.721621960727458686e-20
1.000000000000000000e+00,7.200330000000000119e+00,4.900249658679049008e-20
1.000000000000000000e+00,7.205599999999999561e+00,6.824470980014116543e-20
1.000000000000000000e+00,7.206830000000000069e+00,7.369568176222675601e-20
1.000000000000000000e+00,7.210230000000000139e+00,9.105151965471891297e-20
1.000000000000000000e+00,7.214570000000000149e+00,1.190262454340944773e-19
1.000000000000000000e+00,7.217889999999999695e+00,1.458712202426715605e-19
1.000000000000000000e+00,7.220989999999999576e+00,1.761566991502659006e-19
1.000000000000000000e+00,7.225319999999999965e+00,2.287920803579279238e-19
1.000000000000000000e+00,7.228720000000000034e+00,2.804485644851776615e-19
1.000000000000000000e+00,7.232120000000000104e+00,3.432433276135361202e-19
1.000000000000000000e+00,7.237379999999999924e+00,4.677662286663711009e-19
1.000000000000000000e+00,7.239779999999999660e+00,5.380500408370386500e-19
1.000000000000000000e+00,7.242880000000000429e+00,6.439324423648358241e-19
1.000000000000000000e+00,7.247209999999999930e+00,8.257466324784172975e-19
1.000000000000000000e+00,7.249900000000000233e+00,9.624394523393958439e-19
1.000000000000000000e+00,7.253999999999999559e+00,1.213165952795419759e-18
1.000000000000000000e+00,7.257100000000000328e+00,1.442967897377923745e-18
1.000000000000000000e+00,7.261660000000000004e+00,1.857767432761315098e-18
1.000000000000000000e+00,7.263829999999999565e+00,2.092937323809895173e-18
1.000000000000000000e+00,7.268159999999999954e+00,2.649504262108472057e-18
1.000000000000000000e+00,7.272479999999999833e+00,3.343167625743771676e-18
1.000000000000000000e+00,7.276119999999999699e+00,4.058221906805013960e-18
1.000000000000000000e+00,7.280210000000000292e+00,5.033992061088085415e-18
1.000000000000000000e+00,7.284480000000000288e+00,6.287310625801272430e-18
1.000000000000000000e+00,7.286640000000000228e+00,7.028460918461903727e-18
1.000000000000000000e+00,7.290029999999999788e+00,8.360027525826607949e-18
1.000000000000000000e+00,7.293669999999999654e+00,1.005275181678217802e-17
1.000000000000000000e+00,7.297760000000000247e+00,1.233778653861429332e-17
1.000000000000000000e+00,7.301090000000000302e+00,1.454981689841124641e-17
1.000000000000000000e+00,7.304190000000000182e+00,1.693876352333419710e-17
1.000000000000000000e+00,7.308510000000000062e+00,2.088540915854580866e-17
1.000000000000000000e+00,7.312839999999999563e+00,2.569147983028610087e-17
1.000000000000000000e+00,7.315549999999999997e+00,2.920503547296233657e-17
1.000000000000000000e+00,7.319869999999999877e+00,3.574383415212293972e-17
1.000000000000000000e+00,7.323940000000000339e+00,4.312638958356615891e-17
1.000000000000000000e+00,7.326310000000000322e+00,4.805325001373211436e-17
1.000000000000000000e+00,7.330379999999999896e+00,5.774786866602774435e-17
1.000000000000000000e+00,7.334699999999999775e+00,6.999291704282640732e-17
1.000000000000000000e+00,7.337419999999999831e+00,7.888712277410023447e-17
1.000000000000000000e+00,7.341739999999999711e+00,9.517237956172603064e-17
1.000000000000000000e+00,7.344829999999999970e+00,1.086551969810976394e-16
1.000000000000000000e+00,7.345760000000000289e+00,1.130431425464105705e-16
1.000000000000000000e+00,7.352500000000000036e+00,1.500155144280109491e-16
1.000000000000000000e+00,7.356819999999999915e+00,1.791909719766448079e-16
1.000000000000000000e+00,7.362379999999999924e+00,2.242964423787883327e-16
1.000000000000000000e+00,7.364539999999999864e+00,2.444260503745080970e-16
1.000000000000000000e+00,7.367930000000000312e+00,2.793190746109298471e-16
1.000000000000000000e+00,7.370090000000000252e+00,3.038275107071744111e-16
1.000000000000000000e+00,7.374360000000000248e+00,3.580300931908420831e-16
1.000000000000000000e+00,7.378680000000000128e+00,4.215116151715187480e-16
1.000000000000000000e+00,7.381149999999999878e+00,4.621492005558941790e-16
1.000000000000000000e+00,7.381149999999999878e+00,4.621492005558941790e-16
1.000000000000000000e+00,7.389479999999999826e+00,6.260183624461271732e-16
1.000000000000000000e+00,7.393139999999999823e+00,7.129093056867807350e-16
1.000000000000000000e+00,7.400540000000000340e+00,9.213615666880479140e-16
1.000000000000000000e+00,7.402700000000000280e+00,9.914164769730147730e-16
1.000000000000000000e+00,7.404860000000000220e+00,1.066032834322592491e-15
1.000000000000000000e+00,7.407589999999999897e+00,1.167227626276519600e-15
1.000000000000000000e+00,7.411640000000000228e+00,1.332498994648939583e-15
1.000000000000000000e+00,7.416220000000000034e+00,1.543066341371118463e-15
1.000000000000000000e+00,7.419310000000000294e+00,1.700520512376321378e-15
1.000000000000000000e+00,7.423619999999999663e+00,1.942561766861472547e-15
1.000000000000000000e+00,7.426709999999999923e+00,2.133268660280288094e-15
1.000000000000000000e+00,7.431020000000000181e+00,2.424988362964314344e-15
1.000000000000000000e+00,7.433760000000000367e+00,2.626954765487027093e-15
1.000000000000000000e+00,7.438080000000000247e+00,2.973121011869630615e-15
1.000000000000000000e+00,7.442099999999999937e+00,3.327526178952165677e-15
1.000000000000000000e+00,7.444519999999999804e+00,3.556679776499547354e-15
1.000000000000000000e+00,7.448550000000000004e+00,3.965925115103770143e-15
1.000000000000000000e+00,7.452860000000000262e+00,4.443587941031356419e-15
1.000000000000000000e+00,7.455610000000000070e+00,4.770903105572455564e-15
1.000000000000000000e+00,7.459920000000000329e+00,5.320658978850207767e-15
1.000000000000000000e+00,7.464229999999999698e+00,5.916919487253037238e-15
1.000000000000000000e+00,7.467310000000000336e+00,6.372434271592786009e-15
1.000000000000000000e+00,7.470679999999999765e+00,6.899643732312949199e-15
1.000000000000000000e+00,7.474990000000000023e+00,7.618682713714781190e-15
1.000000000000000000e+00,7.479300000000000281e+00,8.388861232049011945e-15
1.000000000000000000e+00,7.481760000000000410e+00,8.851633209524360301e-15
1.000000000000000000e+00,7.486069999999999780e+00,9.703259679176238982e-15
1.000000000000000000e+00,7.490380000000000038e+00,1.060684662846234423e-14
1.000000000000000000e+00,7.493450000000000166e+00,1.128193417847528879e-14
1.000000000000000000e+00,7.496819999999999595e+00,1.205273718641851075e-14
1.000000000000000000e+00,7.501129999999999853e+00,1.308298719949234565e-14
1.000000000000000000e+00,7.505440000000000111e+00,1.416154884781104839e-14
1.000000000000000000e+00,7.507900000000000240e+00,1.479798795085098375e-14
1.000000000000000000e+00,7.512500000000000178e+00,1.602667388587839726e-14
1.000000000000000000e+00,7.516810000000000436e+00,1.722068488609563029e-14
1.000000000000000000e+00,7.520809999999999995e+00,1.836260739653736535e-14
1.000000000000000000e+00,7.522960000000000313e+00,1.898865092104328714e-14
1.000000000000000000e+00,7.527269999999999683e+00,2.026670268553678007e-14
1.000000000000000000e+00,7.531570000000000320e+00,2.156830263479801705e-14
1.000000000000000000e+00,7.533100000000000129e+00,2.203681287688505917e-14
1.000000000000000000e+00,7.538640000000000008e+00,2.375155603308528121e-14
1.000000000000000000e+00,7.542939999999999756e+00,2.509614388196036518e-14
1.000000000000000000e+00,7.543859999999999566e+00,2.538468637595435542e-14
1.000000000000000000e+00,7.549400000000000333e+00,2.712329767940089012e-14
1.000000000000000000e+00,7.553700000000000081e+00,2.846751468598743862e-14
1.000000000000000000e+00,7.560150000000000148e+00,3.045865207509389107e-14
1.000000000000000000e+00,7.560150000000000148e+00,3.045865207509389107e-14
1.000000000000000000e+00,7.564759999999999707e+00,3.185158530743493179e-14
1.000000000000000000e+00,7.569060000000000343e+00,3.311942624983042896e-14
1.000000000000000000e+00,7.574600000000000222e+00,3.469672601636081976e-14
1.000000000000000000e+00,7.575520000000000032e+00,3.495163678211332433e-14
1.000000000000000000e+00,7.578899999999999970e+00,3.586903989747327418e-14
1.000000000000000000e+00,7.583199999999999719e+00,3.698904814431610389e-14
1.000000000000000000e+00,7.588739999999999597e+00,3.834556678897999042e-14
1.000000000000000000e+00,7.591789999999999594e+00,3.904710670438255952e-14
1.000000000000000000e+00,7.595489999999999853e+00,3.985199061711663769e-14
1.000000000000000000e+00,7.600710000000000299e+00,4.089683710081489911e-14
1.000000000000000000e+00,7.602859999999999729e+00,4.129509444985392450e-14
1.000000000000000000e+00,7.606250000000000178e+00,4.188387934803899693e-14
1.000000000000000000e+00,7.610219999999999985e+00,4.251133413792831530e-14
1.000000000000000000e+00,7.614840000000000053e+00,4.315600271360648694e-14
1.000000000000000000e+00,7.617300000000000182e+00,4.346154745073958789e-14
1.000000000000000000e+00,7.621599999999999930e+00,4.393291542611509592e-14
1.000000000000000000e+00,7.626809999999999867e+00,4.439866839749013370e-14
1.000000000000000000e+00,7.630519999999999747e+00,4.466183571288227211e-14
1.000000000000000000e+00,7.633250000000000313e+00,4.482033694276806663e-14
1.000000000000000000e+00,7.636650000000000382e+00,4.497762985496310613e-14
1.000000000000000000e+00,7.640939999999999621e+00,4.511571299566725707e-14
1.000000000000000000e+00,7.645240000000000258e+00,4.519111805506562942e-14
1.000000000000000000e+00,7.648939999999999628e+00,4.520979610389740146e-14
1.000000000000000000e+00,7.652319999999999567e+00,4.519304373638533100e-14
1.000000000000000000e+00,7.656609999999999694e+00,4.513055442409229213e-14
1.000000000000000000e+00,7.661819999999999631e+00,4.500224503411468472e-14
1.000000000000000000e+00,7.663050000000000139e+00,4.496490134620547293e-14
1.000000000000000000e+00,7.667370000000000019e+00,4.481660462246286883e-14
1.000000000000000000e+00,7.671660000000000146e+00,4.464900488023848239e-14
1.000000000000000000e+00,7.678099999999999703e+00,4.437696709784541526e-14
1.000000000000000000e+00,7.680240000000000400e+00,4.428514491278294183e-14
1.000000000000000000e+00,7.682699999999999640e+00,4.418081481607026974e-14
1.000000000000000000e+00,7.686989999999999768e+00,4.400624742584298898e-14
1.000000000000000000e+00,7.691270000000000273e+00,4.384793009088647389e-14
1.000000000000000000e+00,7.695909999999999584e+00,4.370260696855943441e-14
1.000000000000000000e+00,7.697739999999999583e+00,4.365468609136331188e-14
1.000000000000000000e+00,7.701109999999999900e+00,4.358272911849197864e-14
1.000000000000000000e+00,7.706660000000000288e+00,4.351706540573465134e-14
1.000000000000000000e+00,7.710950000000000415e+00,4.351788939976403131e-14
1.000000000000000000e+00,7.713969999999999771e+00,4.354839637196536613e-14
1.000000000000000000e+00,7.718609999999999971e+00,4.364723056210985795e-14
1.000000000000000000e+00,7.721980000000000288e+00,4.376071725541569711e-14
1.000000000000000000e+00,7.726259999999999906e+00,4.395788760443906990e-14
1.000000000000000000e+00,7.729680000000000106e+00,4.415944142965257865e-14
1.000000000000000000e+00,7.733050000000000423e+00,4.439709972806308339e-14
1.000000000000000000e+00,7.737020000000000231e+00,4.472736094068909302e-14
1.000000000000000000e+00,7.738249999999999851e+00,4.484075736003700451e-14
1.000000000000000000e+00,7.745029999999999859e+00,4.555933369844651873e-14
1.000000000000000000e+00,7.748949999999999783e+00,4.604590110426705557e-14
1.000000000000000000e+00,7.756289999999999907e+00,4.709126935133135564e-14
1.000000000000000000e+00,7.757880000000000109e+00,4.733978335221152388e-14
1.000000000000000000e+00,7.760019999999999918e+00,4.768607642524629051e-14
1.000000000000000000e+00,7.763429999999999609e+00,4.826485101611864810e-14
1.000000000000000000e+00,7.767719999999999736e+00,4.903730940581092315e-14
1.000000000000000000e+00,7.772000000000000242e+00,4.985307838492353473e-14
1.000000000000000000e+00,7.775369999999999671e+00,5.052396837858893999e-14
1.000000000000000000e+00,7.778730000000000366e+00,5.121519587357845963e-14
1.000000000000000000e+00,7.785210000000000186e+00,5.260138082801328563e-14
1.000000000000000000e+00,7.788199999999999790e+00,5.326011514229513700e-14
1.000000000000000000e+00,7.791940000000000310e+00,5.409684036661180810e-14
1.000000000000000000e+00,7.797130000000000116e+00,5.527418895191570685e-14
1.000000000000000000e+00,7.799640000000000128e+00,5.584739270817913942e-14
1.000000000000000000e+00,7.803550000000000431e+00,5.674132895621380880e-14
1.000000000000000000e+00,7.806600000000000428e+00,5.743678258941078361e-14
1.000000000000000000e+00,7.812470000000000248e+00,5.876158311210054810e-14
1.000000000000000000e+00,7.815529999999999866e+00,5.944068642827807577e-14
1.000000000000000000e+00,7.818889999999999674e+00,6.017379160667171503e-14
1.000000000000000000e+00,7.823159999999999670e+00,6.108196630707348806e-14
1.000000000000000000e+00,7.826909999999999812e+00,6.185357463034380900e-14
1.000000000000000000e+00,7.831179999999999808e+00,6.269750403775656966e-14
1.000000000000000000e+00,7.835989999999999789e+00,6.359743441475912969e-14
1.000000000000000000e+00,7.837659999999999627e+00,6.389602332914205289e-14
1.000000000000000000e+00,7.841549999999999798e+00,6.456146647480109673e-14
1.000000000000000000e+00,7.845830000000000304e+00,6.524157241957983294e-14
1.000000000000000000e+00,7.850480000000000125e+00,6.591367615053772163e-14
1.000000000000000000e+00,7.853839999999999932e+00,6.635317483004858170e-14
1.000000000000000000e+00,7.856889999999999930e+00,6.671688707493913922e-14
1.000000000000000000e+00,7.862390000000000434e+00,6.728401770357805606e-14
1.000000000000000000e+00,7.866139999999999688e+00,6.760253339692142477e-14
1.000000000000000000e+00,7.872539999999999871e+00,6.801301371979278721e-14
1.000000000000000000e+00,7.874679999999999680e+00,6.811181712314087868e-14
1.000000000000000000e+00,7.878110000000000390e+00,6.822915544084327707e-14
1.000000000000000000e+00,7.880770000000000053e+00,6.828498861236651639e-14
1.000000000000000000e+00,7.885040000000000049e+00,6.830971458595424538e-14
1.000000000000000000e+00,7.889700000000000379e+00,6.824476328362344208e-14
1.000000000000000000e+00,7.893060000000000187e+00,6.813820273371840062e-14
1.000000000000000000e+00,7.896419999999999995e+00,6.798165442808726923e-14
1.000000000000000000e+00,7.901589999999999669e+00,6.764371228065631652e-14
1.000000000000000000e+00,7.905859999999999665e+00,6.727686565465936530e-14
1.000000000000000000e+00,7.909620000000000317e+00,6.688920727186904992e-14
1.000000000000000000e+00,7.914789999999999992e+00,6.625956181099945668e-14
1.000000000000000000e+00,7.916100000000000136e+00,6.608262888123958539e-14
1.000000000000000000e+00,7.921590000000000131e+00,6.526689525761789531e-14
1.000000000000000000e+00,7.924229999999999663e+00,6.483309639279830358e-14
1.000000000000000000e+00,7.928899999999999615e+00,6.400240567466848772e-14
1.000000000000000000e+00,7.933159999999999989e+00,6.317713183031729486e-14
1.000000000000000000e+00,7.936519999999999797e+00,6.248313762651755846e-14
1.000000000000000000e+00,7.941189999999999749e+00,6.145922408165605102e-14
1.000000000000000000e+00,7.945039999999999658e+00,6.056656696211941104e-14
1.000000000000000000e+00,7.949309999999999654e+00,5.952929803536758783e-14
1.000000000000000000e+00,7.953979999999999606e+00,5.834315366932526751e-14
1.000000000000000000e+00,7.957329999999999792e+00,5.746233580690999672e-14
1.000000000000000000e+00,7.960779999999999745e+00,5.653189201466830065e-14
1.000000000000000000e+00,7.965040000000000120e+00,5.535424475899924305e-14
1.000000000000000000e+00,7.970530000000000115e+00,5.379753523393412407e-14
1.000000000000000000e+00,7.972339999999999982e+00,5.327639124255052702e-14
1.000000000000000000e+00,7.974470000000000169e+00,5.265899273232991299e-14
1.000000000000000000e+00,7.981270000000000309e+00,5.066572257778622631e-14
1.000000000000000000e+00,7.985529999999999795e+00,4.940701450923427847e-14
1.000000000000000000e+00,7.991920000000000357e+00,4.751847991852501767e-14
1.000000000000000000e+00,7.994049999999999656e+00,4.689156201378378464e-14
1.000000000000000000e+00,7.996500000000000163e+00,4.617349788905433896e-14
1.000000000000000000e+00,8.000750000000000028e+00,4.493848874796759581e-14
1.000000000000000000e+00,8.005010000000000403e+00,4.371861197987298973e-14
1.000000000000000000e+00,8.009690000000000865e+00,4.240545043329066024e-14
1.000000000000000000e+00,8.012719999999999843e+00,4.157337616949512526e-14
1.000000000000000000e+00,8.016980000000000217e+00,4.043153299917977984e-14
1.000000000000000000e+00,8.021229999999999194e+00,3.932922523987781685e-14
1.000000000000000000e+00,8.024689999999999657e+00,3.846211287947466202e-14
1.000000000000000000e+00,8.028940000000000410e+00,3.743785342906334373e-14
1.000000000000000000e+00,8.033200000000000784e+00,3.646012988466431237e-14
1.000000000000000000e+00,8.036970000000000169e+00,3.563874609316315261e-14
1.000000000000000000e+00,8.040800000000000836e+00,3.484904230259490110e-14
1.000000000000000000e+00,8.045049999999999812e+00,3.402826524665974472e-14
1.000000000000000000e+00,8.049730000000000274e+00,3.319517904286811851e-14
1.000000000000000000e+00,8.053079999999999572e+00,3.264606305281699592e-14
1.000000000000000000e+00,8.057330000000000325e+00,3.200779522331853908e-14
1.000000000000000000e+00,8.062020000000000408e+00,3.138091063512876620e-14
1.000000000000000000e+00,8.066269999999999385e+00,3.088419455169717489e-14
1.000000000000000000e+00,8.068080000000000140e+00,3.069341834356661015e-14
1.000000000000000000e+00,8.072329999999999117e+00,3.029435426303792674e-14
1.000000000000000000e+00,8.076579999999999870e+00,2.996370819927222281e-14
1.000000000000000000e+00,8.081260000000000332e+00,2.967799869163509892e-14
1.000000000000000000e+00,8.084609999999999630e+00,2.952313401374067018e-14
1.000000000000000000e+00,8.088860000000000383e+00,2.938488711065851174e-14
1.000000000000000000e+00,8.092200000000000060e+00,2.932068698834649639e-14
1.000000000000000000e+00,8.097789999999999822e+00,2.929710498349238762e-14
1.000000000000000000e+00,8.101599999999999469e+00,2.933819162189225492e-14
1.000000000000000000e+00,8.105840000000000600e+00,2.943484904176779786e-14
1.000000000000000000e+00,8.110530000000000683e+00,2.959965107513852898e-14
1.000000000000000000e+00,8.113879999999999981e+00,2.975145156176700111e-14
1.000000000000000000e+00,8.117350000000000065e+00,2.993583854658910072e-14
1.000000000000000000e+00,8.121589999999999421e+00,3.019467054574011515e-14
1.000000000000000000e+00,8.125840000000000174e+00,3.048611228443282781e-14
1.000000000000000000e+00,8.130079999999999529e+00,3.080321195639777820e-14
1.000000000000000000e+00,8.132199999999999207e+00,3.096982324395329105e-14
1.000000000000000000e+00,8.138569999999999638e+00,3.149381229500069662e-14
1.000000000000000000e+00,8.142039999999999722e+00,3.178857513064681429e-14
1.000000000000000000e+00,8.148400000000000531e+00,3.233226620038326826e-14
1.000000000000000000e+00,8.150529999999999831e+00,3.251242371271522058e-14
1.000000000000000000e+00,8.154320000000000235e+00,3.282689775447136046e-14
1.000000000000000000e+00,8.158110000000000639e+00,3.312989198378683257e-14
1.000000000000000000e+00,8.162349999999999994e+00,3.345005322002729962e-14
1.000000000000000000e+00,8.167040000000000077e+00,3.377440396112791332e-14
1.000000000000000000e+00,8.171279999999999433e+00,3.403476035228901956e-14
1.000000000000000000e+00,8.174620000000000886e+00,3.421437822223391914e-14
1.000000000000000000e+00,8.179759999999999920e+00,3.444116010191333372e-14
1.000000000000000000e+00,8.184459999999999624e+00,3.459007961951434159e-14
1.000000000000000000e+00,8.187799999999999301e+00,3.465895714913292902e-14
1.000000000000000000e+00,8.191269999999999385e+00,3.469597366900191480e-14
1.000000000000000000e+00,8.195510000000000517e+00,3.469111497352398807e-14
1.000000000000000000e+00,8.199289999999999523e+00,3.463847825226852955e-14
1.000000000000000000e+00,8.203989999999999227e+00,3.450742876071033310e-14
1.000000000000000000e+00,8.207000000000000739e+00,3.438451772350466453e-14
1.000000000000000000e+00,8.210340000000000416e+00,3.421207975202395164e-14
1.000000000000000000e+00,8.215939999999999799e+00,3.383754358598963916e-14
1.000000000000000000e+00,8.220169999999999533e+00,3.348407472521700669e-14
1.000000000000000000e+00,8.223509999999999209e+00,3.316271777870466576e-14
1.000000000000000000e+00,8.228640000000000398e+00,3.259832086555797689e-14
1.000000000000000000e+00,8.232440000000000424e+00,3.212678711792009139e-14
1.000000000000000000e+00,8.235319999999999752e+00,3.174033899364156135e-14
1.000000000000000000e+00,8.240439999999999543e+00,3.099455218470261435e-14
1.000000000000000000e+00,8.245150000000000645e+00,3.024643148791295886e-14
1.000000000000000000e+00,8.248480000000000700e+00,2.968453440517173145e-14
1.000000000000000000e+00,8.253610000000000113e+00,2.877067231071333905e-14
1.000000000000000000e+00,8.257839999999999847e+00,2.797805746130265602e-14
1.000000000000000000e+00,8.261649999999999494e+00,2.723808293803158428e-14
1.000000000000000000e+00,8.266769999999999285e+00,2.621130516487287073e-14
1.000000000000000000e+00,8.269360000000000710e+00,2.568032382458167500e-14
1.000000000000000000e+00,8.273590000000000444e+00,2.480031173155127422e-14
1.000000000000000000e+00,8.277820000000000178e+00,2.390894741540214570e-14
1.000000000000000000e+00,8.282049999999999912e+00,2.301145292915993245e-14
1.000000000000000000e+00,8.286279999999999646e+00,2.211301753356102008e-14
1.000000000000000000e+00,8.288389999999999702e+00,2.166610611609587813e-14
1.000000000000000000e+00,8.293990000000000862e+00,2.048970378270968291e-14
1.000000000000000000e+00,8.300179999999999225e+00,1.921662517214728186e-14
1.000000000000000000e+00,8.305300000000000793e+00,1.819526011094232013e-14
1.000000000000000000e+00,8.305780000000000385e+00,1.810128498947663541e-14
1.000000000000000000e+00,8.310489999999999711e+00,1.719764612149626996e-14
1.000000000000000000e+00,8.314709999999999823e+00,1.641961820028438149e-14
1.000000000000000000e+00,8.318939999999999557e+00,1.567359392916440937e-14
1.000000000000000000e+00,8.323159999999999670e+00,1.496652697081235043e-14
1.000000000000000000e+00,8.326489999999999725e+00,1.443686741362468995e-14
1.000000000000000000e+00,8.332100000000000506e+00,1.360513233387228215e-14
1.000000000000000000e+00,8.337210000000000676e+00,1.291796883581992680e-14
1.000000000000000000e+00,8.340540000000000731e+00,1.250823815799024612e-14
1.000000000000000000e+00,8.344760000000000844e+00,1.203384124645438074e-14
1.000000000000000000e+00,8.348089999999999122e+00,1.169585864174649322e-14
1.000000000000000000e+00,8.352800000000000225e+00,1.127398406252550140e-14
1.000000000000000000e+00,8.356529999999999347e+00,1.098749975313799836e-14
1.000000000000000000e+00,8.360030000000000072e+00,1.075754426533961812e-14
1.000000000000000000e+00,8.364250000000000185e+00,1.053086132365490288e-14
1.000000000000000000e+00,8.367250000000000298e+00,1.040357902866421188e-14
1.000000000000000000e+00,8.372680000000000788e+00,1.024511119093534796e-14
1.000000000000000000e+00,8.377399999999999736e+00,1.018272165609930964e-14
1.000000000000000000e+00,8.381619999999999848e+00,1.018614564401523423e-14
1.000000000000000000e+00,8.385830000000000339e+00,1.024495277310769747e-14
1.000000000000000000e+00,8.390050000000000452e+00,1.035897984490657933e-14
1.000000000000000000e+00,8.393050000000000566e+00,1.047326683668747254e-14
1.000000000000000000e+00,8.400199999999999889e+00,1.085535724516006565e-14
1.000000000000000000e+00,8.403200000000000003e+00,1.106098630752218136e-14
1.000000000000000000e+00,8.407410000000000494e+00,1.139384020345464016e-14
1.000000000000000000e+00,8.411619999999999209e+00,1.177750718187564506e-14
1.000000000000000000e+00,8.417059999999999320e+00,1.234675351697137826e-14
1.000000000000000000e+00,8.420049999999999812e+00,1.269408694959334389e-14
1.000000000000000000e+00,8.423550000000000537e+00,1.313097098511451843e-14
1.000000000000000000e+00,8.427379999999999427e+00,1.364566296887391881e-14
1.000000000000000000e+00,8.431589999999999918e+00,1.425438352344177061e-14
1.000000000000000000e+00,8.435810000000000031e+00,1.490831757528334669e-14
1.000000000000000000e+00,8.439130000000000464e+00,1.545260829254563084e-14
1.000000000000000000e+00,8.443339999999999179e+00,1.617928138921058554e-14
1.000000000000000000e+00,8.448949999999999960e+00,1.720835466297464263e-14
1.000000000000000000e+00,8.453160000000000451e+00,1.802400073833749860e-14
1.000000000000000000e+00,8.457369999999999166e+00,1.887485839765880154e-14
1.000000000000000000e+00,8.462469999999999715e+00,1.995005810331342578e-14
1.000000000000000000e+00,8.465790000000000148e+00,2.067462557265923479e-14
1.000000000000000000e+00,8.469989999999999242e+00,2.161725482053630146e-14
1.000000000000000000e+00,8.474199999999999733e+00,2.258930046325151542e-14
1.000000000000000000e+00,8.478920000000000456e+00,2.370869507983544891e-14
1.000000000000000000e+00,8.483129999999999171e+00,2.473097437156354324e-14
1.000000000000000000e+00,8.487849999999999895e+00,2.590070696294035056e-14
1.000000000000000000e+00,8.492060000000000386e+00,2.696233329331029450e-14
1.000000000000000000e+00,8.496259999999999479e+00,2.803591062043164015e-14
1.000000000000000000e+00,8.500469999999999970e+00,2.912385217399479687e-14
1.000000000000000000e+00,8.504670000000000840e+00,3.021821340325457128e-14
1.000000000000000000e+00,8.508869999999999933e+00,3.131871355630673369e-14
1.000000000000000000e+00,8.513080000000000425e+00,3.242505397799198717e-14
1.000000000000000000e+00,8.517799999999999372e+00,3.366551543101546401e-14
1.000000000000000000e+00,8.521119999999999806e+00,3.453585467064830527e-14
1.000000000000000000e+00,8.526199999999999335e+00,3.586015552321120833e-14
1.000000000000000000e+00,8.530400000000000205e+00,3.694477791548437357e-14
1.000000000000000000e+00,8.534599999999999298e+00,3.801668558089402443e-14
1.000000000000000000e+00,8.539329999999999643e+00,3.920462186815554429e-14
1.000000000000000000e+00,8.541949999999999932e+00,3.985224953301201525e-14
1.000000000000000000e+00,8.546160000000000423e+00,4.087498903089915606e-14
1.000000000000000000e+00,8.551239999999999952e+00,4.207562325494511633e-14
1.000000000000000000e+00,8.555440000000000822e+00,4.303688633999491436e-14
1.000000000000000000e+00,8.559639999999999915e+00,4.396639042210778351e-14
1.000000000000000000e+00,8.563840000000000785e+00,4.486106911062669244e-14
1.000000000000000000e+00,8.569250000000000256e+00,4.595735998655934627e-14
1.000000000000000000e+00,8.573439999999999728e+00,4.675938986311756602e-14
1.000000000000000000e+00,8.577289999999999637e+00,4.745754427297767466e-14
1.000000000000000000e+00,8.580799999999999983e+00,4.805988877745126326e-14
1.000000000000000000e+00,8.582900000000000418e+00,4.840405371300666902e-14
1.000000000000000000e+00,8.589190000000000325e+00,4.935889809737517911e-14
1.000000000000000000e+00,8.593389999999999418e+00,4.993021350922292409e-14
1.000000000000000000e+00,8.599679999999999325e+00,5.068149292794333802e-14
1.000000000000000000e+00,8.599679999999999325e+00,5.068149292794333802e-14
1.000000000000000000e+00,8.606849999999999667e+00,5.137845536334753274e-14
1.000000000000000000e+00,8.611039999999999139e+00,5.170425179828224714e-14
1.000000000000000000e+00,8.617520000000000735e+00,5.208637803942399673e-14
1.000000000000000000e+00,8.619619999999999393e+00,5.217800469658551435e-14
1.000000000000000000e+00,8.623810000000000642e+00,5.231316899976535865e-14
1.000000000000000000e+00,8.628000000000000114e+00,5.238445446845911587e-14
1.000000000000000000e+00,8.632189999999999586e+00,5.239159606572550621e-14
1.000000000000000000e+00,8.636380000000000834e+00,5.233456492587926166e-14
1.000000000000000000e+00,8.641450000000000742e+00,5.218006546908195593e-14
1.000000000000000000e+00,8.645640000000000214e+00,5.198228247413118629e-14
1.000000000000000000e+00,8.649490000000000123e+00,5.174527220363455947e-14
1.000000000000000000e+00,8.655770000000000408e+00,5.124706289515105306e-14
1.000000000000000000e+00,8.658409999999999940e+00,5.099712337266803097e-14
1.000000000000000000e+00,8.662589999999999790e+00,5.055354645802296812e-14
1.000000000000000000e+00,8.665570000000000661e+00,5.020226619461785987e-14
1.000000000000000000e+00,8.671849999999999170e+00,4.936963874287137867e-14
1.000000000000000000e+00,8.675150000000000361e+00,4.888368648906406346e-14
1.000000000000000000e+00,8.680220000000000269e+00,4.807512418904167061e-14
1.000000000000000000e+00,8.684070000000000178e+00,4.741320151747919292e-14
1.000000000000000000e+00,8.689790000000000347e+00,4.635789860345171812e-14
1.000000000000000000e+00,8.694530000000000314e+00,4.542253812000918337e-14
1.000000000000000000e+00,8.697169999999999845e+00,4.487925257861558622e-14
1.000000000000000000e+00,8.701349999999999696e+00,4.398851356920882132e-14
1.000000000000000000e+00,8.706409999999999982e+00,4.286385755837273729e-14
1.000000000000000000e+00,8.710599999999999454e+00,4.189764455661628343e-14
1.000000000000000000e+00,8.713900000000000645e+00,4.111653115704466097e-14
1.000000000000000000e+00,8.720169999999999533e+00,3.958930196140444797e-14
1.000000000000000000e+00,8.724019999999999442e+00,3.862720549723355001e-14
1.000000000000000000e+00,8.729079999999999728e+00,3.733939282809832672e-14
1.000000000000000000e+00,8.733259999999999579e+00,3.625907633139105421e-14
1.000000000000000000e+00,8.736779999999999546e+00,3.534016434080779628e-14
1.000000000000000000e+00,8.740959999999999397e+00,3.424066349208925067e-14
1.000000000000000000e+00,8.745789999999999509e+00,3.296260716503465852e-14
1.000000000000000000e+00,8.749650000000000816e+00,3.193818451676344196e-14
1.000000000000000000e+00,8.753819999999999268e+00,3.083117625500263487e-14
1.000000000000000000e+00,8.759439999999999671e+00,2.934328414074527462e-14
1.000000000000000000e+00,8.763609999999999900e+00,2.824559944255901724e-14
1.000000000000000000e+00,8.767789999999999750e+00,2.715338870919699982e-14
1.000000000000000000e+00,8.772840000000000416e+00,2.584794300492019444e-14
1.000000000000000000e+00,8.775259999999999394e+00,2.522887119763351654e-14
1.000000000000000000e+00,8.780310000000000059e+00,2.395278381495454543e-14
1.000000000000000000e+00,8.785040000000000404e+00,2.277934704075291982e-14
1.000000000000000000e+00,8.789220000000000255e+00,2.176198605476994603e-14
1.000000000000000000e+00,8.791299999999999670e+00,2.126313181558312689e-14
1.000000000000000000e+00,8.798120000000000829e+00,1.966458656028514101e-14
1.000000000000000000e+00,8.802939999999999543e+00,1.857144287857313577e-14
1.000000000000000000e+00,8.810060000000000002e+00,1.701629333164457269e-14
1.000000000000000000e+00,8.811510000000000176e+00,1.670866484474870554e-14
1.000000000000000000e+00,8.814799999999999969e+00,1.602240961912478331e-14
1.000000000000000000e+00,8.820750000000000313e+00,1.482362096345174440e-14
1.000000000000000000e+00,8.825789999999999580e+00,1.385180695877361032e-14
1.000000000000000000e+00,8.827880000000000393e+00,1.346074208337365587e-14
1.000000000000000000e+00,8.829959999999999809e+00,1.307854987751900121e-14
1.000000000000000000e+00,8.839499999999999247e+00,1.141574202054784972e-14
1.000000000000000000e+00,8.842460000000000875e+00,1.092999448704485282e-14
1.000000000000000000e+00,8.848069999999999879e+00,1.004848103858388359e-14
1.000000000000000000e+00,8.851359999999999673e+00,9.555194706758865283e-15
1.000000000000000000e+00,8.855219999999999203e+00,8.998555878021772701e-15
1.000000000000000000e+00,8.859690000000000509e+00,8.383439958253121575e-15
1.000000000000000000e+00,8.864430000000000476e+00,7.765196804625618274e-15
1.000000000000000000e+00,8.868589999999999307e+00,7.250907749649007119e-15
1.000000000000000000e+00,8.873630000000000351e+00,6.662449821559791053e-15
1.000000000000000000e+00,8.877789999999999182e+00,6.204595275810492997e-15
1.000000000000000000e+00,8.881949999999999790e+00,5.771228361502131585e-15
1.000000000000000000e+00,8.888769999999999172e+00,5.111884594375517701e-15
1.000000000000000000e+00,8.890549999999999287e+00,4.949915236624701482e-15
1.000000000000000000e+00,8.894709999999999894e+00,4.587151996429879058e-15
1.000000000000000000e+00,8.899749999999999162e+00,4.176314879834669076e-15
