mwc922_SWS_CWsubFitting and integrated flux data

Section 1: Aliphatic features
Gaussian fitting parameters for 6.9 and 7.2 micron features
[5.0e-14 6.8e+00 2.0e-01 1.0e-14 7.0e+00 2.0e-01]
Errors on aliphatic fitting parameters
[0. 0. 0. 0. 0. 0.]
Fit model - aliphatic features
[6.6023  6.60891 6.61552 6.62214 6.62877 6.6354  6.64204 6.64868 6.65533
 6.66199 6.66866 6.67533 6.68201 6.68869 6.69539 6.70209 6.70879 6.7155
 6.72222 6.72895 6.73568 6.74242 6.74916 6.75592 6.76268 6.76944 6.77622
 6.78299 6.78978 6.79657 6.80337 6.81018 6.81699 6.82382 6.83064 6.83748
 6.84432 6.85117 6.85802 6.86488 6.87175 6.87862 6.88551 6.8924  6.89929
 6.90619 6.9131  6.92002 6.92694 6.93387 6.93736 6.94081 6.9443  6.94776
 6.95125 6.95471 6.9582  6.96167 6.96516 6.96863 6.97213 6.9756  6.97911
 6.98258 6.98609 6.98957 6.99308 6.99656 7.00008 7.00356 7.00708 7.01057
 7.01409 7.01758 7.02111 7.0246  7.02813 7.03163 7.03516 7.03867 7.0422
 7.04571 7.04925 7.05276 7.0563  7.05981 7.06336 7.06688 7.07043 7.07395
 7.0775  7.08458 7.09167 7.09877 7.10587 7.11298 7.12009 7.12722 7.13435
 7.14149 7.14863 7.15578 7.16294 7.17011 7.17728 7.18446 7.19165 7.19885
 7.20605 7.21326 7.22048 7.2277  7.23493 7.24217 7.24942 7.25667 7.26393
 7.2712  7.27847 7.28575 7.29304 7.30034 7.30764 7.31496 7.32227 7.3296
 7.33693 7.34427 7.35162 7.35898 7.36634 7.37371 7.38109 7.38847 7.39586
 7.40326 7.41067 7.41809 7.42551 7.43294 7.44037 7.44782 7.45527 7.46273
 7.47019 7.47767 7.48515 7.49264 7.50013 7.50764 7.51515 7.52267 7.53019
 7.53773 7.54527 7.55282 7.56038 7.56794 7.57551 7.58309 7.59068 7.59827
 7.60587 7.61348 7.6211  7.62873 7.63636 7.644  ]
[3.20600218e-14 3.31546809e-14 3.42508785e-14 3.53480421e-14
 3.64438601e-14 3.75343039e-14 3.86185805e-14 3.96925711e-14
 4.07553634e-14 4.18043622e-14 4.28369392e-14 4.38489428e-14
 4.48392836e-14 4.58038863e-14 4.67430009e-14 4.76512138e-14
 4.85260961e-14 4.93665118e-14 5.01700038e-14 5.09341853e-14
 5.16557123e-14 5.23335489e-14 5.29646969e-14 5.35490491e-14
 5.40830257e-14 5.45651393e-14 5.49952482e-14 5.53701574e-14
 5.56903980e-14 5.59539442e-14 5.61603997e-14 5.63090325e-14
 5.63992026e-14 5.64308093e-14 5.64036643e-14 5.63177860e-14
 5.61736210e-14 5.59714680e-14 5.57123120e-14 5.53966431e-14
 5.50253815e-14 5.46002770e-14 5.41213493e-14 5.35914029e-14
 5.30122208e-14 5.23847712e-14 5.17108897e-14 5.09925373e-14
 5.02329172e-14 4.94331942e-14 4.90164339e-14 4.85956344e-14
 4.81613551e-14 4.77225865e-14 4.72720437e-14 4.68177948e-14
 4.63522906e-14 4.58824965e-14 4.54033288e-14 4.49206095e-14
 4.44276905e-14 4.39333534e-14 4.34279384e-14 4.29232966e-14
 4.24081291e-14 4.18930210e-14 4.13694247e-14 4.08466186e-14
 4.03144016e-14 3.97851934e-14 3.92471543e-14 3.87112918e-14
 3.81687133e-14 3.76289801e-14 3.70815728e-14 3.65392023e-14
 3.59897413e-14 3.54443793e-14 3.48940635e-14 3.43468765e-14
 3.37968686e-14 3.32505504e-14 3.27004179e-14 3.21560625e-14
 3.16084429e-14 3.10670952e-14 3.05214828e-14 2.99826155e-14
 2.94415477e-14 2.89076544e-14 2.83720607e-14 2.73133025e-14
 2.62669888e-14 2.52347325e-14 2.42194592e-14 2.32210995e-14
 2.22423042e-14 2.12814992e-14 2.03424493e-14 1.94247535e-14
 1.85305033e-14 1.76591457e-14 1.68113274e-14 1.59875957e-14
 1.51894961e-14 1.44162175e-14 1.36680256e-14 1.29450997e-14
 1.22484860e-14 1.15771807e-14 1.09311285e-14 1.03110453e-14
 9.71582891e-15 9.14522943e-15 8.59894063e-15 8.07730713e-15
 7.57915464e-15 7.10403666e-15 6.65207400e-15 6.22207962e-15
 5.81350586e-15 5.42577864e-15 5.05879004e-15 4.71091967e-15
 4.38292454e-15 4.07277869e-15 3.78068091e-15 3.50554280e-15
 3.24670850e-15 3.00352158e-15 2.77562700e-15 2.56203594e-15
 2.36210687e-15 2.17545052e-15 2.00116562e-15 1.83864239e-15
 1.68728368e-15 1.54650626e-15 1.41591129e-15 1.29475193e-15
 1.18263986e-15 1.07875783e-15 9.82887990e-16 8.94407297e-16
 8.12960893e-16 7.37890050e-16 6.68974630e-16 6.05708276e-16
 5.47781837e-16 4.94676401e-16 4.46188001e-16 4.01915559e-16
 3.61600574e-16 3.24843662e-16 2.91467336e-16 2.61161964e-16
 2.33684674e-16 2.08838934e-16 1.86374237e-16 1.66092192e-16
 1.47807764e-16 1.31369204e-16 1.16591692e-16 1.03327320e-16
 9.14391280e-17 8.08005244e-17 7.13064562e-17 6.28350483e-17]

Integrated fluxes of aliphatic features
6.9 micron feature 2.1018926558300553e-14
7.2 micron feature 4.8928438557664834e-15
S/N of 6.9: 0.9598748771242048
S/N of 7.2: 0.22344232859917781

Section 2: 7.7 micron complex
Gaussian fitting parameters for 7.7 micron complex
[1.15038771e-12 7.60182904e+00 1.43082027e-01 1.41735118e-12
 7.84843353e+00 1.62121343e-01 8.32203623e-13 8.31147662e+00
 2.00000000e-01 1.24689463e-12 8.64013981e+00 1.29411847e-01]
Errors on fitting parameters
[2.73079651e-13 2.42115156e-02 7.50408927e-03 1.86510409e-13
 2.81340784e-02 1.51903932e-02 1.08907460e-14 1.44944794e-02
 0.00000000e+00 2.48279963e-14 2.74941385e-03 1.95706771e-03]
Fit model - 7.7 micron complex
[7.10587 7.11298 7.12009 7.12722 7.13435 7.14149 7.14863 7.15578 7.16294
 7.17011 7.17728 7.18446 7.19165 7.19885 7.20605 7.21326 7.22048 7.2277
 7.23493 7.24217 7.24942 7.25667 7.26393 7.2712  7.27847 7.28575 7.29304
 7.30034 7.30764 7.31496 7.32227 7.3296  7.33693 7.34427 7.35162 7.35898
 7.36634 7.37371 7.38109 7.38847 7.39586 7.40326 7.41067 7.41809 7.42551
 7.43294 7.44037 7.44782 7.45527 7.46273 7.47019 7.47767 7.48515 7.49264
 7.50013 7.50764 7.51515 7.52267 7.53019 7.53773 7.54527 7.55282 7.56038
 7.56794 7.57551 7.58309 7.59068 7.59827 7.60587 7.61348 7.6211  7.62873
 7.63636 7.644   7.65165 7.6593  7.66697 7.67464 7.68231 7.69    7.6977
 7.7054  7.71311 7.72082 7.72855 7.73628 7.74402 7.75177 7.75952 7.76729
 7.77506 7.78284 7.79062 7.79842 7.80622 7.81403 7.82185 7.82967 7.83751
 7.84535 7.8532  7.86106 7.86892 7.87679 7.88467 7.89256 7.90046 7.90836
 7.91628 7.9242  7.93212 7.94006 7.948   7.95596 7.96392 7.97188 7.97986
 7.98784 7.99584 8.00384 8.01184 8.01986 8.02788 8.03592 8.04396 8.052
 8.06006 8.06812 8.0762  8.08428 8.09236 8.10046 8.10857 8.11668 8.1248
 8.13293 8.14106 8.14921 8.15736 8.16552 8.17369 8.18187 8.19006 8.19825
 8.20645 8.21466 8.22288 8.23111 8.23935 8.24759 8.25584 8.2641  8.27237
 8.28065 8.28893 8.29722 8.30552 8.31383 8.32215 8.33048 8.33881 8.34716
 8.35551 8.36387 8.37224 8.38061 8.389   8.39739 8.40579 8.4142  8.42262
 8.43105 8.43948 8.44793 8.45638 8.46484 8.47331 8.48178 8.49027 8.49877
 8.50727 8.51578 8.5243  8.53283 8.54137 8.54991 8.55847 8.56703 8.5756
 8.58418 8.59277 8.60137 8.60997 8.61859 8.62721 8.63584 8.64448 8.65313
 8.66179 8.67045 8.67913 8.68781 8.6965  8.7052  8.71391 8.72263 8.73136
 8.74009 8.74884 8.75759 8.76635 8.77512 8.7839  8.79269 8.80149 8.8103
 8.81911 8.82793 8.83677 8.84561 8.85446 8.86332 8.87218 8.88106 8.88995
 8.89884]
[2.86976004e-15 3.40634990e-15 4.03337917e-15 4.76636546e-15
 5.61871089e-15 6.60869282e-15 7.75396009e-15 9.07729004e-15
 1.06025330e-14 1.23560591e-14 1.43639204e-14 1.66601292e-14
 1.92793504e-14 2.22592960e-14 2.56358319e-14 2.94567121e-14
 3.37690248e-14 3.86159599e-14 4.40563818e-14 5.01465723e-14
 5.69457030e-14 6.45046435e-14 7.28962649e-14 8.21865987e-14
 9.24285295e-14 1.03702732e-13 1.16078294e-13 1.29624232e-13
 1.44387690e-13 1.60475709e-13 1.77883648e-13 1.96740850e-13
 2.17052147e-13 2.38893292e-13 2.62309042e-13 2.87336886e-13
 3.13968743e-13 3.42257395e-13 3.72212504e-13 4.03788767e-13
 4.37012430e-13 4.71857712e-13 5.08285715e-13 5.46243977e-13
 5.85612230e-13 6.26360756e-13 6.68338611e-13 7.11551765e-13
 7.55764442e-13 8.00902063e-13 8.46759589e-13 8.93306809e-13
 9.40257556e-13 9.87504853e-13 1.03481103e-12 1.08212414e-12
 1.12913821e-12 1.17573655e-12 1.22168063e-12 1.26691883e-12
 1.31116345e-12 1.35431524e-12 1.39622378e-12 1.43669715e-12
 1.47566515e-12 1.51301480e-12 1.54864753e-12 1.58243665e-12
 1.61436257e-12 1.64437306e-12 1.67243118e-12 1.69851478e-12
 1.72258549e-12 1.74468360e-12 1.76482560e-12 1.78301566e-12
 1.79933662e-12 1.81378801e-12 1.82642417e-12 1.83732843e-12
 1.84653507e-12 1.85408708e-12 1.86004728e-12 1.86445750e-12
 1.86737128e-12 1.86881770e-12 1.86883197e-12 1.86743797e-12
 1.86465729e-12 1.86049322e-12 1.85496067e-12 1.84805378e-12
 1.83977802e-12 1.83010255e-12 1.81904042e-12 1.80656765e-12
 1.79267261e-12 1.77736665e-12 1.76060565e-12 1.74243317e-12
 1.72283683e-12 1.70183351e-12 1.67947938e-12 1.65578645e-12
 1.63080450e-12 1.60459586e-12 1.57723574e-12 1.54884884e-12
 1.51946412e-12 1.48926860e-12 1.45838928e-12 1.42688258e-12
 1.39497120e-12 1.36272597e-12 1.33038493e-12 1.29810918e-12
 1.26598084e-12 1.23424374e-12 1.20298025e-12 1.17242653e-12
 1.14273189e-12 1.11396671e-12 1.08633790e-12 1.05990109e-12
 1.03483405e-12 1.01122987e-12 9.89113473e-13 9.68607839e-13
 9.49714242e-13 9.32515127e-13 9.17023317e-13 9.03203207e-13
 8.91061714e-13 8.80581936e-13 8.71704508e-13 8.64372393e-13
 8.58522346e-13 8.54059309e-13 8.50904008e-13 8.48951911e-13
 8.48098426e-13 8.48234386e-13 8.49247914e-13 8.51023752e-13
 8.53451518e-13 8.56423182e-13 8.59835713e-13 8.63592955e-13
 8.67607440e-13 8.71796951e-13 8.76101410e-13 8.80469409e-13
 8.84864225e-13 8.89264883e-13 8.93661686e-13 8.98072663e-13
 9.02527856e-13 9.07074574e-13 9.11776960e-13 9.16715177e-13
 9.21977623e-13 9.27684902e-13 9.33942147e-13 9.40883065e-13
 9.48640324e-13 9.57337747e-13 9.67129249e-13 9.78118821e-13
 9.90434806e-13 1.00418022e-12 1.01943919e-12 1.03627250e-12
 1.05469036e-12 1.07473766e-12 1.09633271e-12 1.11942559e-12
 1.14390266e-12 1.16957677e-12 1.19630925e-12 1.22382802e-12
 1.25181595e-12 1.27998309e-12 1.30797228e-12 1.33539597e-12
 1.36184208e-12 1.38685254e-12 1.41004664e-12 1.43092995e-12
 1.44909820e-12 1.46413517e-12 1.47565008e-12 1.48328645e-12
 1.48672906e-12 1.48572271e-12 1.48006376e-12 1.46961016e-12
 1.45428471e-12 1.43407921e-12 1.40905542e-12 1.37938143e-12
 1.34518689e-12 1.30681170e-12 1.26453787e-12 1.21873580e-12
 1.16981984e-12 1.11823986e-12 1.06447219e-12 1.00907439e-12
 9.52419928e-13 8.95136117e-13 8.37645372e-13 7.80415337e-13
 7.23887255e-13 6.68469516e-13 6.14532314e-13 5.62403476e-13
 5.12420943e-13 4.64759141e-13 4.19555765e-13 3.77053646e-13
 3.37295236e-13 3.00332639e-13 2.66215021e-13 2.34841495e-13
 2.06196217e-13 1.80223282e-13]
Integrated fluxes
Total integrated flux of complex: 1.4049730880542898e-12
Section 3: 11.2 micron feature
Integrated flux of 11.2 micron feature:
1.7489048365607453e-13
