# Full model fit
#  col1: ID - 0=aliphatic, 1=7.7 complex, col2: wavelength, col3: flux density
0.000000000000000000e+00,6.608379840850830078e+00,0.000000000000000000e+00
0.000000000000000000e+00,6.638619899749755859e+00,0.000000000000000000e+00
0.000000000000000000e+00,6.668859958648681641e+00,0.000000000000000000e+00
0.000000000000000000e+00,6.699100017547607422e+00,0.000000000000000000e+00
0.000000000000000000e+00,6.729350090026855469e+00,0.000000000000000000e+00
0.000000000000000000e+00,6.759590148925781250e+00,0.000000000000000000e+00
0.000000000000000000e+00,6.789830207824707031e+00,0.000000000000000000e+00
0.000000000000000000e+00,6.820069789886474609e+00,0.000000000000000000e+00
0.000000000000000000e+00,6.850309848785400391e+00,0.000000000000000000e+00
0.000000000000000000e+00,6.880559921264648438e+00,0.000000000000000000e+00
0.000000000000000000e+00,6.910799980163574219e+00,0.000000000000000000e+00
0.000000000000000000e+00,6.941040039062500000e+00,0.000000000000000000e+00
0.000000000000000000e+00,6.971280097961425781e+00,0.000000000000000000e+00
0.000000000000000000e+00,7.001520156860351562e+00,0.000000000000000000e+00
0.000000000000000000e+00,7.031770229339599609e+00,0.000000000000000000e+00
0.000000000000000000e+00,7.062009811401367188e+00,0.000000000000000000e+00
0.000000000000000000e+00,7.092249870300292969e+00,0.000000000000000000e+00
0.000000000000000000e+00,7.122489929199218750e+00,0.000000000000000000e+00
0.000000000000000000e+00,7.152729988098144531e+00,0.000000000000000000e+00
0.000000000000000000e+00,7.182980060577392578e+00,0.000000000000000000e+00
0.000000000000000000e+00,7.213220119476318359e+00,0.000000000000000000e+00
0.000000000000000000e+00,7.243460178375244141e+00,0.000000000000000000e+00
0.000000000000000000e+00,7.273700237274169922e+00,0.000000000000000000e+00
0.000000000000000000e+00,7.303939819335937500e+00,0.000000000000000000e+00
0.000000000000000000e+00,7.334189891815185547e+00,0.000000000000000000e+00
0.000000000000000000e+00,7.364429950714111328e+00,0.000000000000000000e+00
0.000000000000000000e+00,7.394670009613037109e+00,0.000000000000000000e+00
0.000000000000000000e+00,7.424910068511962891e+00,0.000000000000000000e+00
0.000000000000000000e+00,7.455150127410888672e+00,0.000000000000000000e+00
0.000000000000000000e+00,7.485400199890136719e+00,0.000000000000000000e+00
0.000000000000000000e+00,7.515639781951904297e+00,0.000000000000000000e+00
0.000000000000000000e+00,7.576119899749755859e+00,0.000000000000000000e+00
0.000000000000000000e+00,7.636600017547607422e+00,0.000000000000000000e+00
1.000000000000000000e+00,7.122489929199218750e+00,8.113248505436753698e-17
1.000000000000000000e+00,7.152729988098144531e+00,1.073516078823576666e-16
1.000000000000000000e+00,7.182980060577392578e+00,1.399936326791399771e-16
1.000000000000000000e+00,7.213220119476318359e+00,1.798950986193359338e-16
1.000000000000000000e+00,7.243460178375244141e+00,2.278156154765938390e-16
1.000000000000000000e+00,7.273700237274169922e+00,2.843182238927711800e-16
1.000000000000000000e+00,7.303939819335937500e+00,3.496936734761005889e-16
1.000000000000000000e+00,7.334189891815185547e+00,4.239087378042018735e-16
1.000000000000000000e+00,7.364429950714111328e+00,5.064301854119556815e-16
1.000000000000000000e+00,7.394670009613037109e+00,5.963369884171141015e-16
1.000000000000000000e+00,7.424910068511962891e+00,6.922370769215945792e-16
1.000000000000000000e+00,7.455150127410888672e+00,7.923919665306070780e-16
1.000000000000000000e+00,7.485400199890136719e+00,8.949922806190824171e-16
1.000000000000000000e+00,7.515639781951904297e+00,9.984610304741963887e-16
1.000000000000000000e+00,7.576119899749755859e+00,1.208014148626711417e-15
1.000000000000000000e+00,7.636600017547607422e+00,1.443640115762915176e-15
1.000000000000000000e+00,7.697090148925781250e+00,1.762998876715214209e-15
1.000000000000000000e+00,7.757569789886474609e+00,2.192905937789084303e-15
1.000000000000000000e+00,7.818049907684326172e+00,2.611945186075687822e-15
1.000000000000000000e+00,7.878540039062500000e+00,2.766092737601219382e-15
1.000000000000000000e+00,7.939020156860351562e+00,2.510651475944060624e-15
1.000000000000000000e+00,7.999509811401367188e+00,1.987647943925526718e-15
1.000000000000000000e+00,8.059989929199218750e+00,1.470451997572452039e-15
1.000000000000000000e+00,8.120470046997070312e+00,1.105948119767894933e-15
1.000000000000000000e+00,8.180959701538085938e+00,8.772749965834028340e-16
1.000000000000000000e+00,8.241439819335937500e+00,7.250144909226099066e-16
1.000000000000000000e+00,8.301919937133789062e+00,6.262144638387216657e-16
1.000000000000000000e+00,8.362409591674804688e+00,5.903521872667438083e-16
1.000000000000000000e+00,8.422889709472656250e+00,6.264606045755739169e-16
1.000000000000000000e+00,8.483369827270507812e+00,7.185859346569643774e-16
1.000000000000000000e+00,8.543860435485839844e+00,8.212890184902935390e-16
1.000000000000000000e+00,8.604339599609375000e+00,8.767134234210460636e-16
1.000000000000000000e+00,8.664830207824707031e+00,8.439960352177697191e-16
1.000000000000000000e+00,8.725310325622558594e+00,7.209546013875398417e-16
1.000000000000000000e+00,8.785790443420410156e+00,5.425869086082766731e-16
1.000000000000000000e+00,8.846280097961425781e+00,3.586210900452701622e-16
