# Full model fit
#  col1: ID - 0=aliphatic, 1=7.7 complex, col2: wavelength, col3: flux density
0.000000000000000000e+00,6.608379840850830078e+00,0.000000000000000000e+00
0.000000000000000000e+00,6.638619899749755859e+00,0.000000000000000000e+00
0.000000000000000000e+00,6.668859958648681641e+00,0.000000000000000000e+00
0.000000000000000000e+00,6.699100017547607422e+00,0.000000000000000000e+00
0.000000000000000000e+00,6.729350090026855469e+00,0.000000000000000000e+00
0.000000000000000000e+00,6.759590148925781250e+00,0.000000000000000000e+00
0.000000000000000000e+00,6.789830207824707031e+00,0.000000000000000000e+00
0.000000000000000000e+00,6.820069789886474609e+00,0.000000000000000000e+00
0.000000000000000000e+00,6.850309848785400391e+00,0.000000000000000000e+00
0.000000000000000000e+00,6.880559921264648438e+00,0.000000000000000000e+00
0.000000000000000000e+00,6.910799980163574219e+00,0.000000000000000000e+00
0.000000000000000000e+00,6.941040039062500000e+00,0.000000000000000000e+00
0.000000000000000000e+00,6.971280097961425781e+00,0.000000000000000000e+00
0.000000000000000000e+00,7.001520156860351562e+00,0.000000000000000000e+00
0.000000000000000000e+00,7.031770229339599609e+00,0.000000000000000000e+00
0.000000000000000000e+00,7.062009811401367188e+00,0.000000000000000000e+00
0.000000000000000000e+00,7.092249870300292969e+00,0.000000000000000000e+00
0.000000000000000000e+00,7.122489929199218750e+00,0.000000000000000000e+00
0.000000000000000000e+00,7.152729988098144531e+00,0.000000000000000000e+00
0.000000000000000000e+00,7.182980060577392578e+00,0.000000000000000000e+00
0.000000000000000000e+00,7.213220119476318359e+00,0.000000000000000000e+00
0.000000000000000000e+00,7.243460178375244141e+00,0.000000000000000000e+00
0.000000000000000000e+00,7.273700237274169922e+00,0.000000000000000000e+00
0.000000000000000000e+00,7.303939819335937500e+00,0.000000000000000000e+00
0.000000000000000000e+00,7.334189891815185547e+00,0.000000000000000000e+00
0.000000000000000000e+00,7.364429950714111328e+00,0.000000000000000000e+00
0.000000000000000000e+00,7.394670009613037109e+00,0.000000000000000000e+00
0.000000000000000000e+00,7.424910068511962891e+00,0.000000000000000000e+00
0.000000000000000000e+00,7.455150127410888672e+00,0.000000000000000000e+00
0.000000000000000000e+00,7.485400199890136719e+00,0.000000000000000000e+00
0.000000000000000000e+00,7.515639781951904297e+00,0.000000000000000000e+00
0.000000000000000000e+00,7.576119899749755859e+00,0.000000000000000000e+00
0.000000000000000000e+00,7.636600017547607422e+00,0.000000000000000000e+00
1.000000000000000000e+00,7.122489929199218750e+00,8.891832781105363787e-19
1.000000000000000000e+00,7.152729988098144531e+00,1.785727695801239470e-18
1.000000000000000000e+00,7.182980060577392578e+00,3.437991356065512007e-18
1.000000000000000000e+00,7.213220119476318359e+00,6.342662271227428534e-18
1.000000000000000000e+00,7.243460178375244141e+00,1.121535166731576118e-17
1.000000000000000000e+00,7.273700237274169922e+00,1.900766382977776349e-17
1.000000000000000000e+00,7.303939819335937500e+00,3.087564467145464667e-17
1.000000000000000000e+00,7.334189891815185547e+00,4.807754159378816673e-17
1.000000000000000000e+00,7.364429950714111328e+00,7.174261748028110800e-17
1.000000000000000000e+00,7.394670009613037109e+00,1.026099309026837891e-16
1.000000000000000000e+00,7.424910068511962891e+00,1.406642237374553177e-16
1.000000000000000000e+00,7.455150127410888672e+00,1.848302762487264209e-16
1.000000000000000000e+00,7.485400199890136719e+00,2.328208255309907595e-16
1.000000000000000000e+00,7.515639781951904297e+00,2.811550482630192729e-16
1.000000000000000000e+00,7.576119899749755859e+00,3.622069255271728504e-16
1.000000000000000000e+00,7.636600017547607422e+00,4.007019564302929035e-16
1.000000000000000000e+00,7.697090148925781250e+00,3.991404062475223251e-16
1.000000000000000000e+00,7.757569789886474609e+00,3.961185762705177057e-16
1.000000000000000000e+00,7.818049907684326172e+00,4.212996644187649418e-16
1.000000000000000000e+00,7.878540039062500000e+00,4.400443394197883717e-16
1.000000000000000000e+00,7.939020156860351562e+00,3.872670225758058090e-16
1.000000000000000000e+00,7.999509811401367188e+00,2.643477523910431792e-16
1.000000000000000000e+00,8.059989929199218750e+00,1.420268602327659686e-16
1.000000000000000000e+00,8.120470046997070312e+00,7.031954234611118183e-17
1.000000000000000000e+00,8.180959701538085938e+00,4.274789511707256177e-17
1.000000000000000000e+00,8.241439819335937500e+00,3.336087542458758588e-17
1.000000000000000000e+00,8.301919937133789062e+00,2.694198920719008701e-17
1.000000000000000000e+00,8.362409591674804688e+00,2.000355833020901756e-17
1.000000000000000000e+00,8.422889709472656250e+00,1.435635648751297184e-17
1.000000000000000000e+00,8.483369827270507812e+00,1.638103560221727399e-17
1.000000000000000000e+00,8.543860435485839844e+00,3.774173617433199940e-17
1.000000000000000000e+00,8.604339599609375000e+00,7.628834029194731991e-17
1.000000000000000000e+00,8.664830207824707031e+00,9.482096142295764748e-17
1.000000000000000000e+00,8.725310325622558594e+00,6.845285607429307759e-17
1.000000000000000000e+00,8.785790443420410156e+00,2.844541391687675627e-17
1.000000000000000000e+00,8.846280097961425781e+00,6.791523108101909261e-18
