# Full model fit
#  col1: ID - 0=aliphatic, 1=7.7 complex, col2: wavelength, col3: flux density
0.000000000000000000e+00,6.608379840850830078e+00,0.000000000000000000e+00
0.000000000000000000e+00,6.638619899749755859e+00,0.000000000000000000e+00
0.000000000000000000e+00,6.668859958648681641e+00,0.000000000000000000e+00
0.000000000000000000e+00,6.699100017547607422e+00,0.000000000000000000e+00
0.000000000000000000e+00,6.729350090026855469e+00,0.000000000000000000e+00
0.000000000000000000e+00,6.759590148925781250e+00,0.000000000000000000e+00
0.000000000000000000e+00,6.789830207824707031e+00,0.000000000000000000e+00
0.000000000000000000e+00,6.820069789886474609e+00,0.000000000000000000e+00
0.000000000000000000e+00,6.850309848785400391e+00,0.000000000000000000e+00
0.000000000000000000e+00,6.880559921264648438e+00,0.000000000000000000e+00
0.000000000000000000e+00,6.910799980163574219e+00,0.000000000000000000e+00
0.000000000000000000e+00,6.941040039062500000e+00,0.000000000000000000e+00
0.000000000000000000e+00,6.971280097961425781e+00,0.000000000000000000e+00
0.000000000000000000e+00,7.001520156860351562e+00,0.000000000000000000e+00
0.000000000000000000e+00,7.031770229339599609e+00,0.000000000000000000e+00
0.000000000000000000e+00,7.062009811401367188e+00,0.000000000000000000e+00
0.000000000000000000e+00,7.092249870300292969e+00,0.000000000000000000e+00
0.000000000000000000e+00,7.122489929199218750e+00,0.000000000000000000e+00
0.000000000000000000e+00,7.152729988098144531e+00,0.000000000000000000e+00
0.000000000000000000e+00,7.182980060577392578e+00,0.000000000000000000e+00
0.000000000000000000e+00,7.213220119476318359e+00,0.000000000000000000e+00
0.000000000000000000e+00,7.243460178375244141e+00,0.000000000000000000e+00
0.000000000000000000e+00,7.273700237274169922e+00,0.000000000000000000e+00
0.000000000000000000e+00,7.303939819335937500e+00,0.000000000000000000e+00
0.000000000000000000e+00,7.455150127410888672e+00,0.000000000000000000e+00
0.000000000000000000e+00,7.515639781951904297e+00,0.000000000000000000e+00
0.000000000000000000e+00,7.576119899749755859e+00,0.000000000000000000e+00
0.000000000000000000e+00,7.636600017547607422e+00,0.000000000000000000e+00
1.000000000000000000e+00,7.122489929199218750e+00,1.518447610996743566e-17
1.000000000000000000e+00,7.152729988098144531e+00,2.022294718600584934e-17
1.000000000000000000e+00,7.182980060577392578e+00,2.653474550533391960e-17
1.000000000000000000e+00,7.213220119476318359e+00,3.429519713951012102e-17
1.000000000000000000e+00,7.243460178375244141e+00,4.366567350001278209e-17
1.000000000000000000e+00,7.273700237274169922e+00,5.476924569046792475e-17
1.000000000000000000e+00,7.303939819335937500e+00,6.767448854688953337e-17
1.000000000000000000e+00,7.455150127410888672e+00,1.560684614980547930e-16
1.000000000000000000e+00,7.515639781951904297e+00,1.978686408073627966e-16
1.000000000000000000e+00,7.576119899749755859e+00,2.414577258496059050e-16
1.000000000000000000e+00,7.636600017547607422e+00,2.922792939111002544e-16
1.000000000000000000e+00,7.697090148925781250e+00,3.629383972408265332e-16
1.000000000000000000e+00,7.757569789886474609e+00,4.615699303724214670e-16
1.000000000000000000e+00,7.818049907684326172e+00,5.689906346824605952e-16
1.000000000000000000e+00,7.878540039062500000e+00,6.321307434605805841e-16
1.000000000000000000e+00,7.939020156860351562e+00,6.002240558146339559e-16
1.000000000000000000e+00,7.999509811401367188e+00,4.750549251364615958e-16
1.000000000000000000e+00,8.059989929199218750e+00,3.133167892951192223e-16
1.000000000000000000e+00,8.120470046997070312e+00,1.766447040594150243e-16
1.000000000000000000e+00,8.180959701538085938e+00,9.017235060704003060e-17
1.000000000000000000e+00,8.241439819335937500e+00,4.529238285843277690e-17
1.000000000000000000e+00,8.301919937133789062e+00,2.384885724384416933e-17
1.000000000000000000e+00,8.362409591674804688e+00,1.365332415224799326e-17
1.000000000000000000e+00,8.422889709472656250e+00,1.167564717883896409e-17
1.000000000000000000e+00,8.483369827270507812e+00,2.397667953501314107e-17
1.000000000000000000e+00,8.543860435485839844e+00,5.961561090878949052e-17
1.000000000000000000e+00,8.604339599609375000e+00,1.087536555731334305e-16
1.000000000000000000e+00,8.664830207824707031e+00,1.329450452754693905e-16
1.000000000000000000e+00,8.725310325622558594e+00,1.074405440430124630e-16
1.000000000000000000e+00,8.785790443420410156e+00,5.727140924454090449e-17
1.000000000000000000e+00,8.846280097961425781e+00,2.012242671512700059e-17
