xxOph_SWS_CWsubFitting and integrated flux data

Section 1: Aliphatic features
Gaussian fitting parameters for 6.9 and 7.2 micron features
[2.88371141e-14 7.00000000e+00 2.00000000e-01 1.00000000e-14
 7.25000000e+00 2.00000000e-01]
Errors on aliphatic fitting parameters
[7.54418461e-16 0.00000000e+00 0.00000000e+00 0.00000000e+00
 0.00000000e+00 0.00000000e+00]
Fit model - aliphatic features
[6.6009  6.60255 6.6042  6.60585 6.6075  6.60916 6.61081 6.61246 6.61411
 6.61577 6.61742 6.61908 6.62073 6.62239 6.62404 6.6257  6.62736 6.62901
 6.63067 6.63233 6.63399 6.63564 6.6373  6.63896 6.64062 6.64228 6.64394
 6.64561 6.64727 6.64893 6.65059 6.65225 6.65392 6.65558 6.65725 6.65891
 6.66057 6.66224 6.66391 6.66557 6.66724 6.66891 6.67057 6.67224 6.67391
 6.67558 6.67725 6.67892 6.68059 6.68226 6.68393 6.6856  6.68727 6.68894
 6.69062 6.69229 6.69396 6.69563 6.69731 6.69898 6.70066 6.70233 6.70401
 6.70569 6.70736 6.70904 6.71072 6.71239 6.71407 6.71575 6.71743 6.71911
 6.72079 6.72247 6.72415 6.72583 6.72751 6.7292  6.73088 6.73256 6.73425
 6.73593 6.73761 6.7393  6.74098 6.74267 6.74435 6.74604 6.74773 6.74941
 6.7511  6.75279 6.75448 6.75617 6.75786 6.75955 6.76124 6.76293 6.76462
 6.76631 6.768   6.76969 6.77139 6.77308 6.77477 6.77647 6.77816 6.77986
 6.78155 6.78325 6.78494 6.78664 6.78834 6.79003 6.79173 6.79343 6.79513
 6.79683 6.79853 6.80023 6.80193 6.80363 6.80533 6.80703 6.80873 6.81043
 6.81214 6.81384 6.81554 6.81725 6.81895 6.82066 6.82236 6.82407 6.82577
 6.82748 6.82919 6.8309  6.8326  6.83431 6.83602 6.83773 6.83944 6.84115
 6.84286 6.84457 6.84628 6.84799 6.84971 6.85142 6.85313 6.85485 6.85656
 6.85827 6.85999 6.8617  6.86342 6.86514 6.86685 6.86857 6.87029 6.872
 6.87372 6.87544 6.87716 6.87888 6.8806  6.88232 6.88404 6.88576 6.88748
 6.88921 6.89093 6.89265 6.89437 6.8961  6.89782 6.89955 6.90127 6.903
 6.90472 6.90645 6.90818 6.9099  6.91163 6.91336 6.91509 6.91682 6.91855
 6.92028 6.92201 6.92374 6.92547 6.9272  6.92893 6.93067 6.9324  6.93413
 6.93587 6.9376  6.93933 6.94107 6.94204 6.9428  6.94378 6.94454 6.94551
 6.94628 6.94725 6.94801 6.94899 6.94975 6.95072 6.95149 6.95246 6.95323
 6.9542  6.95497 6.95594 6.9567  6.95768 6.95844 6.95942 6.96018 6.96116
 6.96192 6.9629  6.96366 6.96464 6.96541 6.96638 6.96715 6.96812 6.96889
 6.96986 6.97063 6.97161 6.97237 6.97335 6.97412 6.97509 6.97586 6.97684
 6.97761 6.97858 6.97935 6.98033 6.9811  6.98207 6.98284 6.98382 6.98459
 6.98556 6.98633 6.98731 6.98808 6.98906 6.98983 6.99081 6.99157 6.99255
 6.99332 6.9943  6.99507 6.99605 6.99682 6.9978  6.99857 6.99955 7.00032
 7.0013  7.00207 7.00305 7.00382 7.0048  7.00557 7.00655 7.00732 7.0083
 7.00908 7.01006 7.01083 7.01181 7.01258 7.01356 7.01433 7.01532 7.01609
 7.01707 7.01784 7.01883 7.0196  7.02058 7.02135 7.02234 7.02311 7.02409
 7.02486 7.02585 7.02662 7.0276  7.02838 7.02936 7.03013 7.03112 7.03189
 7.03288 7.03365 7.03464 7.03541 7.03639 7.03717 7.03815 7.03893 7.03991
 7.04069 7.04167 7.04245 7.04343 7.04421 7.0452  7.04597 7.04696 7.04773
 7.04872 7.04949 7.05048 7.05126 7.05224 7.05302 7.05401 7.05478 7.05577
 7.05655 7.05753 7.05831 7.0593  7.06008 7.06106 7.06184 7.06283 7.06361
 7.0646  7.06537 7.06636 7.06714 7.06813 7.06891 7.0699  7.07067 7.07166
 7.07343 7.0752  7.07697 7.07874 7.08051 7.08228 7.08405 7.08582 7.08759
 7.08937 7.09114 7.09291 7.09468 7.09646 7.09823 7.10001 7.10178 7.10356
 7.10533 7.10711 7.10889 7.11067 7.11244 7.11422 7.116   7.11778 7.11956
 7.12134 7.12312 7.1249  7.12668 7.12846 7.13025 7.13203 7.13381 7.1356
 7.13738 7.13916 7.14095 7.14274 7.14452 7.14631 7.14809 7.14988 7.15167
 7.15346 7.15525 7.15704 7.15882 7.16061 7.16241 7.1642  7.16599 7.16778
 7.16957 7.17136 7.17316 7.17495 7.17674 7.17854 7.18033 7.18213 7.18392
 7.18572 7.18752 7.18931 7.19111 7.19291 7.19471 7.19651 7.19831 7.20011
 7.20191 7.20371 7.20551 7.20731 7.20911 7.21091 7.21272 7.21452 7.21632
 7.21813 7.21993 7.22174 7.22355 7.22535 7.22716 7.22896 7.23077 7.23258
 7.23439 7.2362  7.23801 7.23982 7.24163 7.24344 7.24525 7.24706 7.24887
 7.25068 7.2525  7.25431 7.25612 7.25794 7.25975 7.26157 7.26338 7.2652
 7.26702 7.26883 7.27065 7.27247 7.27429 7.27611 7.27793 7.27974 7.28157
 7.28339 7.28521 7.28703 7.28885 7.29067 7.2925  7.29432 7.29614 7.29797
 7.29979 7.30162 7.30344 7.30527 7.3071  7.30892 7.31075 7.31258 7.31441
 7.31623 7.31806 7.31989 7.32172 7.32355 7.32539 7.32722 7.32905 7.33088
 7.33271 7.33455 7.33638 7.33822 7.34005 7.34189 7.34372 7.34556 7.34739
 7.34923 7.35107 7.35291 7.35475 7.35659 7.35842 7.36026 7.3621  7.36395
 7.36579 7.36763 7.36947 7.37131 7.37316 7.375   7.37684 7.37869 7.38053
 7.38238 7.38422 7.38607 7.38792 7.38976 7.39161 7.39346 7.39531 7.39716
 7.39901 7.40086 7.40271 7.40456 7.40641 7.40826 7.41011 7.41197 7.41382
 7.41567 7.41753 7.41938 7.42124 7.42309 7.42495 7.42681 7.42866 7.43052
 7.43238 7.43424 7.43609 7.43795 7.43981 7.44167 7.44353 7.4454  7.44726
 7.44912 7.45098 7.45284 7.45471 7.45657 7.45844 7.4603  7.46217 7.46403
 7.4659  7.46777 7.46963 7.4715  7.47337 7.47524 7.47711 7.47898 7.48085
 7.48272 7.48459 7.48646 7.48833 7.4902  7.49207 7.49395 7.49582 7.4977
 7.49957 7.50145 7.50332 7.5052  7.50707 7.50895 7.51083 7.51271 7.51459
 7.51646 7.51834 7.52022 7.5221  7.52398 7.52587 7.52775 7.52963 7.53151
 7.5334  7.53528 7.53716 7.53905 7.54093 7.54282 7.5447  7.54659 7.54848
 7.55036 7.55225 7.55414 7.55603 7.55792 7.55981 7.5617  7.56359 7.56548
 7.56737 7.56926 7.57116 7.57305 7.57494 7.57684 7.57873 7.58063 7.58252
 7.58442 7.58631 7.58821 7.59011 7.59201 7.5939  7.5958  7.5977  7.5996
 7.6015  7.6034  7.6053  7.6072  7.60911 7.61101 7.61291 7.61482 7.61672
 7.61862 7.62053 7.62243 7.62434 7.62625 7.62815 7.63006 7.63197 7.63388
 7.63579 7.63769 7.6396  7.64151 7.64342 7.64534 7.64725 7.64916]
[3.98953126e-15 4.05615984e-15 4.12362616e-15 4.19193514e-15
 4.26109161e-15 4.33152722e-15 4.40239802e-15 4.47413031e-15
 4.54672855e-15 4.62064504e-15 4.69499351e-15 4.77067937e-15
 4.84679482e-15 4.92426648e-15 5.00216482e-15 5.08143782e-15
 5.16161977e-15 5.24222297e-15 5.32422782e-15 5.40715189e-15
 5.49099833e-15 5.57525673e-15 5.66095129e-15 5.74757692e-15
 5.83513622e-15 5.92363168e-15 6.01306563e-15 6.10398753e-15
 6.19531053e-15 6.28757812e-15 6.38079200e-15 6.47495374e-15
 6.57064058e-15 6.66670778e-15 6.76431386e-15 6.86229079e-15
 6.96122087e-15 7.06170925e-15 7.16316321e-15 7.26496679e-15
 7.36834652e-15 7.47269183e-15 7.57736887e-15 7.68363822e-15
 7.79087142e-15 7.89906749e-15 8.00822527e-15 8.11834337e-15
 8.22942022e-15 8.34145401e-15 8.45444275e-15 8.56838422e-15
 8.68327600e-15 8.79911544e-15 8.91660183e-15 9.03433342e-15
 9.15300340e-15 9.27260824e-15 9.39386877e-15 9.51533739e-15
 9.63846456e-15 9.76178001e-15 9.88675584e-15 1.00126514e-14
 1.01387039e-14 1.02664176e-14 1.03950346e-14 1.05237754e-14
 1.06541756e-14 1.07854606e-14 1.09176236e-14 1.10506577e-14
 1.11845557e-14 1.13193102e-14 1.14549134e-14 1.15913574e-14
 1.17286341e-14 1.18675593e-14 1.20064804e-14 1.21462079e-14
 1.22875715e-14 1.24288887e-14 1.25709839e-14 1.27146998e-14
 1.28583253e-14 1.30035597e-14 1.31486735e-14 1.32953829e-14
 1.34428152e-14 1.35900798e-14 1.37389181e-14 1.38884433e-14
 1.40386431e-14 1.41895047e-14 1.43410152e-14 1.44931614e-14
 1.46459297e-14 1.47993066e-14 1.49532780e-14 1.51078297e-14
 1.52629474e-14 1.54186163e-14 1.55757473e-14 1.57324767e-14
 1.58897118e-14 1.60483716e-14 1.62065737e-14 1.63661739e-14
 1.65252782e-14 1.66857528e-14 1.68456928e-14 1.70069739e-14
 1.71686333e-14 1.73296993e-14 1.74920601e-14 1.76547455e-14
 1.78177373e-14 1.79810168e-14 1.81445653e-14 1.83083639e-14
 1.84723933e-14 1.86366344e-14 1.88010674e-14 1.89656729e-14
 1.91304308e-14 1.92953211e-14 1.94612945e-14 1.96263893e-14
 1.97915552e-14 1.99577435e-14 2.01229896e-14 2.02892162e-14
 2.04544580e-14 2.06206373e-14 2.07857891e-14 2.09518345e-14
 2.11177797e-14 2.12836028e-14 2.14483128e-14 2.16138255e-14
 2.17791488e-14 2.19442603e-14 2.21091372e-14 2.22737569e-14
 2.24380964e-14 2.26021329e-14 2.27658434e-14 2.29292048e-14
 2.30931461e-14 2.32557377e-14 2.34179106e-14 2.35805861e-14
 2.37418493e-14 2.39026238e-14 2.40638222e-14 2.42235466e-14
 2.43836413e-14 2.45431472e-14 2.47011184e-14 2.48593789e-14
 2.50169795e-14 2.51729862e-14 2.53292001e-14 2.54846832e-14
 2.56394120e-14 2.57933630e-14 2.59465128e-14 2.60988380e-14
 2.62503152e-14 2.64009212e-14 2.65506330e-14 2.67002898e-14
 2.68481383e-14 2.69950236e-14 2.71409229e-14 2.72866530e-14
 2.74305064e-14 2.75741334e-14 2.77158512e-14 2.78572852e-14
 2.79967785e-14 2.81359309e-14 2.82739062e-14 2.84098955e-14
 2.85454585e-14 2.86797796e-14 2.88128377e-14 2.89446116e-14
 2.90750806e-14 2.92042240e-14 2.93320215e-14 2.94584527e-14
 2.95834979e-14 2.97071372e-14 2.98293512e-14 2.99508145e-14
 3.00701119e-14 3.01879270e-14 3.03049092e-14 3.04196956e-14
 3.05329451e-14 3.06452810e-14 3.07072158e-14 3.07553947e-14
 3.08170673e-14 3.08645420e-14 3.09246843e-14 3.09720647e-14
 3.10312939e-14 3.10773421e-14 3.11362531e-14 3.11815752e-14
 3.12389565e-14 3.12841345e-14 3.13405758e-14 3.13850041e-14
 3.14404967e-14 3.14841686e-14 3.15387041e-14 3.15810577e-14
 3.16351828e-14 3.16767768e-14 3.17299184e-14 3.17707465e-14
 3.18228964e-14 3.18629525e-14 3.19141030e-14 3.19533810e-14
 3.20035245e-14 3.20425228e-14 3.20911476e-14 3.21293460e-14
 3.21769595e-14 3.22143523e-14 3.22609476e-14 3.22975294e-14
 3.23435665e-14 3.23788653e-14 3.24238601e-14 3.24587996e-14
 3.25022944e-14 3.25364074e-14 3.25792928e-14 3.26125698e-14
 3.26539645e-14 3.26864058e-14 3.27271575e-14 3.27587536e-14
 3.27980251e-14 3.28287766e-14 3.28673723e-14 3.28972702e-14
 3.29343972e-14 3.29634424e-14 3.29998613e-14 3.30280451e-14
 3.30633653e-14 3.30906839e-14 3.31249008e-14 3.31510098e-14
 3.31841255e-14 3.32097087e-14 3.32417127e-14 3.32664208e-14
 3.32973093e-14 3.33211394e-14 3.33509087e-14 3.33738581e-14
 3.34025047e-14 3.34245708e-14 3.34520916e-14 3.34732718e-14
 3.34996638e-14 3.35199560e-14 3.35452164e-14 3.35646185e-14
 3.35887447e-14 3.36072548e-14 3.36302446e-14 3.36480871e-14
 3.36699319e-14 3.36866479e-14 3.37073523e-14 3.37231715e-14
 3.37427339e-14 3.37576554e-14 3.37762590e-14 3.37902764e-14
 3.38075443e-14 3.38206619e-14 3.38369455e-14 3.38491576e-14
 3.38641271e-14 3.38754384e-14 3.38893989e-14 3.38998038e-14
 3.39124729e-14 3.39219765e-14 3.39336128e-14 3.39422100e-14
 3.39525784e-14 3.39603719e-14 3.39695872e-14 3.39763775e-14
 3.39845259e-14 3.39904110e-14 3.39973959e-14 3.40023764e-14
 3.40081990e-14 3.40122759e-14 3.40168935e-14 3.40201118e-14
 3.40235815e-14 3.40258868e-14 3.40282103e-14 3.40296041e-14
 3.40307834e-14 3.40312673e-14 3.40313044e-14 3.40308802e-14
 3.40297630e-14 3.40284471e-14 3.40261812e-14 3.40239728e-14
 3.40205609e-14 3.40174623e-14 3.40129074e-14 3.40088667e-14
 3.40032263e-14 3.39982890e-14 3.39914514e-14 3.39856925e-14
 3.39777222e-14 3.39709950e-14 3.39619846e-14 3.39543695e-14
 3.39441391e-14 3.39356344e-14 3.39243949e-14 3.39150090e-14
 3.39025355e-14 3.38922670e-14 3.38786757e-14 3.38676738e-14
 3.38529757e-14 3.38409584e-14 3.38251525e-14 3.38122643e-14
 3.37953556e-14 3.37817795e-14 3.37637797e-14 3.37300760e-14
 3.36944284e-14 3.36568478e-14 3.36173449e-14 3.35759311e-14
 3.35326179e-14 3.34874170e-14 3.34403408e-14 3.33914016e-14
 3.33403199e-14 3.32876827e-14 3.32332217e-14 3.31769503e-14
 3.31185491e-14 3.30586886e-14 3.29967067e-14 3.29333147e-14
 3.28678111e-14 3.28009472e-14 3.27319827e-14 3.26613064e-14
 3.25889343e-14 3.25153032e-14 3.24395976e-14 3.23622452e-14
 3.22832630e-14 3.22026679e-14 3.21204772e-14 3.20367082e-14
 3.19513784e-14 3.18645057e-14 3.17761078e-14 3.16856936e-14
 3.15942915e-14 3.15014189e-14 3.14065604e-14 3.13107945e-14
 3.12136140e-14 3.11144803e-14 3.10139544e-14 3.09126288e-14
 3.08093845e-14 3.07053944e-14 3.05995097e-14 3.04923307e-14
 3.03838772e-14 3.02741691e-14 3.01632265e-14 3.00516994e-14
 2.99383547e-14 2.98231926e-14 2.97075132e-14 2.95907001e-14
 2.94727736e-14 2.93537541e-14 2.92336620e-14 2.91118378e-14
 2.89896557e-14 2.88664622e-14 2.87415812e-14 2.86164207e-14
 2.84896030e-14 2.83625575e-14 2.82338855e-14 2.81043147e-14
 2.79745928e-14 2.78432911e-14 2.77111524e-14 2.75781973e-14
 2.74444461e-14 2.73099195e-14 2.71746377e-14 2.70386212e-14
 2.69018901e-14 2.67644648e-14 2.66263653e-14 2.64876117e-14
 2.63482241e-14 2.62074428e-14 2.60668433e-14 2.59256692e-14
 2.57831514e-14 2.56408842e-14 2.54973065e-14 2.53532269e-14
 2.52094649e-14 2.50644426e-14 2.49197814e-14 2.47738931e-14
 2.46275993e-14 2.44809190e-14 2.43338710e-14 2.41864740e-14
 2.40387467e-14 2.38907073e-14 2.37423743e-14 2.35937658e-14
 2.34448999e-14 2.32957944e-14 2.31464672e-14 2.29961090e-14
 2.28463899e-14 2.26965013e-14 2.25456313e-14 2.23954547e-14
 2.22443292e-14 2.20939322e-14 2.19426188e-14 2.17912361e-14
 2.16406328e-14 2.14891611e-14 2.13376690e-14 2.11861725e-14
 2.10346874e-14 2.08832295e-14 2.07326459e-14 2.05804566e-14
 2.04291721e-14 2.02779755e-14 2.01268818e-14 1.99759055e-14
 1.98250610e-14 1.96735351e-14 1.95229980e-14 1.93726351e-14
 1.92216356e-14 1.90716635e-14 1.89210842e-14 1.87715568e-14
 1.86214512e-14 1.84716028e-14 1.83228412e-14 1.81735442e-14
 1.80245426e-14 1.78758488e-14 1.77282847e-14 1.75802409e-14
 1.74325409e-14 1.72851964e-14 1.71382188e-14 1.69908194e-14
 1.68446117e-14 1.66988045e-14 1.65534085e-14 1.64084344e-14
 1.62631041e-14 1.61190075e-14 1.59745800e-14 1.58314016e-14
 1.56879172e-14 1.55456961e-14 1.54031936e-14 1.52619679e-14
 1.51204847e-14 1.49795263e-14 1.48391015e-14 1.46992191e-14
 1.45598876e-14 1.44218681e-14 1.42836604e-14 1.41460283e-14
 1.40082365e-14 1.38717824e-14 1.37359272e-14 1.36006782e-14
 1.34660428e-14 1.33313014e-14 1.31979177e-14 1.30651683e-14
 1.29323438e-14 1.28008865e-14 1.26693740e-14 1.25392342e-14
 1.24090586e-14 1.22795622e-14 1.21514453e-14 1.20233210e-14
 1.18958928e-14 1.17691661e-14 1.16431461e-14 1.15178378e-14
 1.13932462e-14 1.12693760e-14 1.11462317e-14 1.10238179e-14
 1.09021388e-14 1.07811987e-14 1.06603539e-14 1.05409076e-14
 1.04222120e-14 1.03036352e-14 1.01864556e-14 1.00694099e-14
 9.95375985e-15 9.83825826e-15 9.72353532e-15 9.61020439e-15
 9.49704297e-15 9.38466835e-15 9.27308297e-15 9.16288269e-15
 9.05287835e-15 8.94366981e-15 8.83525901e-15 8.72764775e-15
 8.62026564e-15 8.51426272e-15 8.40906402e-15 8.30467086e-15
 8.20108443e-15 8.09775541e-15 7.99578987e-15 7.89409227e-15
 7.79375098e-15 7.69368769e-15 7.59497306e-15 7.49654603e-15
 7.39893977e-15 7.30266982e-15 7.20670105e-15 7.11155316e-15
 7.01722595e-15 6.92371914e-15 6.83103232e-15 6.73916497e-15
 6.64811646e-15 6.55788609e-15 6.46847302e-15 6.37987631e-15
 6.29209493e-15 6.20512775e-15 6.11851500e-15 6.03317676e-15
 5.94819886e-15 5.86448379e-15 5.78113457e-15 5.69903617e-15
 5.61730870e-15 5.53681968e-15 5.45670628e-15 5.37739893e-15
 5.29889545e-15 5.22119355e-15 5.14469778e-15 5.06858756e-15
 4.99327154e-15 4.91874707e-15 4.84501146e-15 4.77167595e-15
 4.69951372e-15 4.62813169e-15 4.55752683e-15 4.48732666e-15
 4.41827084e-15 4.34998263e-15 4.28210157e-15 4.21534256e-15
 4.14899189e-15 4.08374814e-15 4.01891357e-15 3.95483352e-15
 3.89183728e-15 3.82925086e-15 3.76740739e-15 3.70630290e-15
 3.64593334e-15 3.58629462e-15 3.52738256e-15 3.46919297e-15
 3.41172156e-15 3.35496403e-15 3.29891598e-15 3.24328205e-15
 3.18864336e-15 3.13470072e-15 3.08116964e-15 3.02860897e-15
 2.97645780e-15 2.92526038e-15 2.87447013e-15 2.82461689e-15
 2.77516824e-15 2.72638479e-15 2.67826158e-15 2.63104172e-15
 2.58422053e-15 2.53804449e-15 2.49250851e-15 2.44760747e-15
 2.40333620e-15 2.35968953e-15 2.31666224e-15 2.27402751e-15
 2.23222650e-15 2.19102909e-15 2.15021790e-15 2.11021493e-15
 2.07079961e-15 2.03176376e-15 1.99351074e-15 1.95563246e-15
 1.91832631e-15 1.88177769e-15 1.84559643e-15 1.80997087e-15
 1.77489552e-15 1.74036486e-15 1.70654996e-15 1.67308938e-15
 1.64015700e-15 1.60774730e-15 1.57568914e-15 1.54431092e-15
 1.51343883e-15]

Integrated fluxes of aliphatic features
6.9 micron feature 1.4115897140227016e-14
7.2 micron feature 4.8951238136895615e-15
S/N of 6.9: 6.899466751379469
S/N of 7.2: 2.392603435752567

Section 2: 7.7 micron complex
Gaussian fitting parameters for 7.7 micron complex
[9.03617440e-14 7.78826269e+00 2.20256008e-01 7.67233146e-14
 7.80799511e+00 2.47859915e-01 2.00000000e-19 8.10000000e+00
 2.00000000e-01 6.19705730e-14 8.61973974e+00 1.65830419e-01]
Errors on fitting parameters
[1.43539160e-13 1.93380521e-02 3.69583070e-02 1.46021924e-13
 0.00000000e+00 0.00000000e+00 6.59028260e-15 0.00000000e+00
 0.00000000e+00 7.85136678e-16 3.46579219e-03 3.81350698e-03]
Fit model - 7.7 micron complex
[7.10001 7.10178 7.10356 7.10533 7.10711 7.10889 7.11067 7.11244 7.11422
 7.116   7.11778 7.11956 7.12134 7.12312 7.1249  7.12668 7.12846 7.13025
 7.13203 7.13381 7.1356  7.13738 7.13916 7.14095 7.14274 7.14452 7.14631
 7.14809 7.14988 7.15167 7.15346 7.15525 7.15704 7.15882 7.16061 7.16241
 7.1642  7.16599 7.16778 7.16957 7.17136 7.17316 7.17495 7.17674 7.17854
 7.18033 7.18213 7.18392 7.18572 7.18752 7.18931 7.19111 7.19291 7.19471
 7.19651 7.19831 7.20011 7.20191 7.20371 7.20551 7.20731 7.20911 7.21091
 7.21272 7.21452 7.21632 7.21813 7.21993 7.22174 7.22355 7.22535 7.22716
 7.22896 7.23077 7.23258 7.23439 7.2362  7.23801 7.23982 7.24163 7.24344
 7.24525 7.24706 7.24887 7.25068 7.2525  7.25431 7.25612 7.25794 7.25975
 7.26157 7.26338 7.2652  7.26702 7.26883 7.27065 7.27247 7.27429 7.27611
 7.27793 7.27974 7.28157 7.28339 7.28521 7.28703 7.28885 7.29067 7.2925
 7.29432 7.29614 7.29797 7.29979 7.30162 7.30344 7.30527 7.3071  7.30892
 7.31075 7.31258 7.31441 7.31623 7.31806 7.31989 7.32172 7.32355 7.32539
 7.32722 7.32905 7.33088 7.33271 7.33455 7.33638 7.33822 7.34005 7.34189
 7.34372 7.34556 7.34739 7.34923 7.35107 7.35291 7.35475 7.35659 7.35842
 7.36026 7.3621  7.36395 7.36579 7.36763 7.36947 7.37131 7.37316 7.375
 7.37684 7.37869 7.38053 7.38238 7.38422 7.38607 7.38792 7.38976 7.39161
 7.39346 7.39531 7.39716 7.39901 7.40086 7.40271 7.40456 7.40641 7.40826
 7.41011 7.41197 7.41382 7.41567 7.41753 7.41938 7.42124 7.42309 7.42495
 7.42681 7.42866 7.43052 7.43238 7.43424 7.43609 7.43795 7.43981 7.44167
 7.44353 7.4454  7.44726 7.44912 7.45098 7.45284 7.45471 7.45657 7.45844
 7.4603  7.46217 7.46403 7.4659  7.46777 7.46963 7.4715  7.47337 7.47524
 7.47711 7.47898 7.48085 7.48272 7.48459 7.48646 7.48833 7.4902  7.49207
 7.49395 7.49582 7.4977  7.49957 7.50145 7.50332 7.5052  7.50707 7.50895
 7.51083 7.51271 7.51459 7.51646 7.51834 7.52022 7.5221  7.52398 7.52587
 7.52775 7.52963 7.53151 7.5334  7.53528 7.53716 7.53905 7.54093 7.54282
 7.5447  7.54659 7.54848 7.55036 7.55225 7.55414 7.55603 7.55792 7.55981
 7.5617  7.56359 7.56548 7.56737 7.56926 7.57116 7.57305 7.57494 7.57684
 7.57873 7.58063 7.58252 7.58442 7.58631 7.58821 7.59011 7.59201 7.5939
 7.5958  7.5977  7.5996  7.6015  7.6034  7.6053  7.6072  7.60911 7.61101
 7.61291 7.61482 7.61672 7.61862 7.62053 7.62243 7.62434 7.62625 7.62815
 7.63006 7.63197 7.63388 7.63579 7.63769 7.6396  7.64151 7.64342 7.64534
 7.64725 7.64916 7.65107 7.65299 7.6549  7.65681 7.65873 7.66064 7.66256
 7.66447 7.66639 7.66831 7.67022 7.67214 7.67406 7.67598 7.6779  7.67982
 7.68174 7.68366 7.68558 7.6875  7.68942 7.69135 7.69327 7.69519 7.69712
 7.69904 7.70097 7.70289 7.70482 7.70674 7.70867 7.7106  7.71253 7.71445
 7.71638 7.71831 7.72024 7.72217 7.7241  7.72604 7.72797 7.7299  7.73183
 7.73377 7.7357  7.73763 7.73957 7.7415  7.74344 7.74537 7.74731 7.74925
 7.75119 7.75312 7.75506 7.757   7.75894 7.76088 7.76282 7.76476 7.7667
 7.76865 7.77059 7.77253 7.77447 7.77642 7.77836 7.78031 7.78225 7.7842
 7.78614 7.78809 7.79004 7.79199 7.79393 7.79588 7.79783 7.79978 7.80173
 7.80368 7.80563 7.80759 7.80954 7.81149 7.81344 7.8154  7.81735 7.81931
 7.82126 7.82322 7.82517 7.82713 7.82909 7.83104 7.833   7.83496 7.83692
 7.83888 7.84084 7.8428  7.84476 7.84672 7.84868 7.85065 7.85261 7.85457
 7.85654 7.8585  7.86047 7.86243 7.8644  7.86636 7.86833 7.8703  7.87226
 7.87423 7.8762  7.87817 7.88014 7.88211 7.88408 7.88605 7.88803 7.89
 7.89197 7.89394 7.89592 7.89789 7.89987 7.90184 7.90382 7.90579 7.90777
 7.90975 7.91173 7.9137  7.91568 7.91766 7.91964 7.92162 7.9236  7.92558
 7.92756 7.92955 7.93153 7.93351 7.9355  7.93748 7.93946 7.94145 7.94344
 7.94542 7.94741 7.94939 7.95138 7.95337 7.95536 7.95735 7.95934 7.96133
 7.96332 7.96531 7.9673  7.96929 7.97129 7.97328 7.97527 7.97727 7.97926
 7.98126 7.98325 7.98525 7.98724 7.98924 7.99124 7.99324 7.99524 7.99723
 7.99923 8.00123 8.00323 8.00524 8.00724 8.00924 8.01124 8.01325 8.01525
 8.01725 8.01926 8.02126 8.02327 8.02527 8.02728 8.02929 8.03129 8.0333
 8.03531 8.03732 8.03933 8.04134 8.04335 8.04536 8.04737 8.04939 8.0514
 8.05341 8.05543 8.05744 8.05945 8.06147 8.06349 8.0655  8.06752 8.06953
 8.07155 8.07357 8.07559 8.07761 8.07963 8.08165 8.08367 8.08569 8.08771
 8.08973 8.09176 8.09378 8.0958  8.09783 8.09985 8.10188 8.1039  8.10593
 8.10796 8.10998 8.11201 8.11404 8.11607 8.1181  8.12013 8.12216 8.12419
 8.12622 8.12825 8.13028 8.13232 8.13435 8.13638 8.13842 8.14045 8.14249
 8.14452 8.14656 8.1486  8.15063 8.15267 8.15471 8.15675 8.15879 8.16083
 8.16287 8.16491 8.16695 8.16899 8.17104 8.17308 8.17512 8.17717 8.17921
 8.18126 8.1833  8.18535 8.1874  8.18944 8.19149 8.19354 8.19559 8.19764
 8.19969 8.20174 8.20379 8.20584 8.20789 8.20994 8.21199 8.21405 8.2161
 8.21816 8.22021 8.22227 8.22432 8.22638 8.22843 8.23049 8.23255 8.23461
 8.23667 8.23873 8.24079 8.24285 8.24491 8.24697 8.24903 8.25109 8.25316
 8.25522 8.25729 8.25935 8.26141 8.26348 8.26555 8.26761 8.26968 8.27175
 8.27382 8.27588 8.27795 8.28002 8.28209 8.28416 8.28624 8.28831 8.29038
 8.29245 8.29453 8.2966  8.29867 8.30075 8.30282 8.3049  8.30698 8.30905
 8.31113 8.31321 8.31529 8.31737 8.31945 8.32153 8.32361 8.32569 8.32777
 8.32985 8.33194 8.33402 8.3361  8.33819 8.34027 8.34236 8.34444 8.34653
 8.34862 8.3507  8.35279 8.35488 8.35697 8.35906 8.36115 8.36324 8.36533
 8.36742 8.36951 8.37161 8.3737  8.37579 8.37789 8.37998 8.38208 8.38417
 8.38627 8.38837 8.39046 8.39256 8.39466 8.39676 8.39886 8.40096 8.40306
 8.40516 8.40726 8.40936 8.41147 8.41357 8.41567 8.41778 8.41988 8.42199
 8.42409 8.4262  8.42831 8.43041 8.43252 8.43463 8.43674 8.43885 8.44096
 8.44307 8.44518 8.44729 8.4494  8.45152 8.45363 8.45574 8.45786 8.45997
 8.46209 8.4642  8.46632 8.46844 8.47055 8.47267 8.47479 8.47691 8.47903
 8.48115 8.48327 8.48539 8.48751 8.48963 8.49176 8.49388 8.496   8.49813
 8.50025 8.50238 8.5045  8.50663 8.50876 8.51088 8.51301 8.51514 8.51727
 8.5194  8.52153 8.52366 8.52579 8.52792 8.53006 8.53219 8.53432 8.53646
 8.53859 8.54072 8.54286 8.545   8.54713 8.54927 8.55141 8.55354 8.55568
 8.55782 8.55996 8.5621  8.56424 8.56639 8.56853 8.57067 8.57281 8.57496
 8.5771  8.57924 8.58139 8.58354 8.58568 8.58783 8.58998 8.59212 8.59427
 8.59642 8.59857 8.60072 8.60287 8.60502 8.60717 8.60932 8.61148 8.61363
 8.61578 8.61794 8.62009 8.62225 8.6244  8.62656 8.62872 8.63087 8.63303
 8.63519 8.63735 8.63951 8.64167 8.64383 8.64599 8.64815 8.65032 8.65248
 8.65464 8.65681 8.65897 8.66114 8.6633  8.66547 8.66763 8.6698  8.67197
 8.67414 8.67631 8.67848 8.68064 8.68282 8.68499 8.68716 8.68933 8.6915
 8.69368 8.69585 8.69802 8.7002  8.70237 8.70455 8.70673 8.7089  8.71108
 8.71326 8.71544 8.71762 8.7198  8.72198 8.72416 8.72634 8.72852 8.7307
 8.73289 8.73507 8.73725 8.73944 8.74162 8.74381 8.74599 8.74818 8.75037
 8.75256 8.75474 8.75693 8.75912 8.76131 8.7635  8.76569 8.76789 8.77008
 8.77227 8.77447 8.77666 8.77885 8.78105 8.78324 8.78544 8.78764 8.78983
 8.79203 8.79423 8.79643 8.79863 8.80083 8.80303 8.80523 8.80743 8.80963
 8.81184 8.81404 8.81624 8.81845 8.82065 8.82286 8.82506 8.82727 8.82948
 8.83169 8.83389 8.8361  8.83831 8.84052 8.84273 8.84494 8.84715 8.84937
 8.85158 8.85379 8.85601 8.85822 8.86043 8.86265 8.86487 8.86708 8.8693
 8.87152 8.87374 8.87595 8.87817 8.88039 8.88261 8.88483 8.88706 8.88928
 8.8915  8.89372 8.89595 8.89817]
[1.98287253e-15 2.02698070e-15 2.07222165e-15 2.11810188e-15
 2.16515494e-15 2.21313953e-15 2.26207125e-15 2.31168283e-15
 2.36255073e-15 2.41441354e-15 2.46728760e-15 2.52118945e-15
 2.57613583e-15 2.63214366e-15 2.68923008e-15 2.74741239e-15
 2.80670812e-15 2.86747770e-15 2.92906012e-15 2.99180980e-15
 3.05610763e-15 3.12125377e-15 3.18762281e-15 3.25561701e-15
 3.32488642e-15 3.39505283e-15 3.46692434e-15 3.53971773e-15
 3.61427104e-15 3.69019948e-15 3.76752370e-15 3.84626453e-15
 3.92644300e-15 4.00762018e-15 4.09072951e-15 4.17581760e-15
 4.26196096e-15 4.34965010e-15 4.43890724e-15 4.52975479e-15
 4.62221536e-15 4.71684205e-15 4.81260654e-15 4.91005313e-15
 5.00976393e-15 5.11065469e-15 5.21387670e-15 5.31830708e-15
 5.42513703e-15 5.53381284e-15 5.64373999e-15 5.75617165e-15
 5.87052413e-15 5.98682280e-15 6.10509323e-15 6.22536113e-15
 6.34765239e-15 6.47199305e-15 6.59840931e-15 6.72692755e-15
 6.85757426e-15 6.99037612e-15 7.12535992e-15 7.26332102e-15
 7.40276221e-15 7.54446676e-15 7.68926844e-15 7.83559486e-15
 7.98509978e-15 8.13700498e-15 8.29047937e-15 8.44725649e-15
 8.60563220e-15 8.76739470e-15 8.93169974e-15 9.09857614e-15
 9.26805280e-15 9.44015869e-15 9.61492287e-15 9.79237447e-15
 9.97254268e-15 1.01554567e-14 1.03411460e-14 1.05296397e-14
 1.07209673e-14 1.09162391e-14 1.11133389e-14 1.13133610e-14
 1.15174646e-14 1.17234365e-14 1.19335824e-14 1.21456227e-14
 1.23619300e-14 1.25813714e-14 1.28027450e-14 1.30285265e-14
 1.32575314e-14 1.34897895e-14 1.37253305e-14 1.39641839e-14
 1.42050394e-14 1.44519462e-14 1.47009139e-14 1.49533115e-14
 1.52091683e-14 1.54685132e-14 1.57313750e-14 1.59992561e-14
 1.62692574e-14 1.65428615e-14 1.68216299e-14 1.71025439e-14
 1.73887189e-14 1.76770548e-14 1.79707480e-14 1.82682521e-14
 1.85679372e-14 1.88731236e-14 1.91822020e-14 1.94951990e-14
 1.98103981e-14 2.01312890e-14 2.04561762e-14 2.07850851e-14
 2.11180407e-14 2.14569204e-14 2.17980653e-14 2.21433299e-14
 2.24927375e-14 2.28463115e-14 2.32060410e-14 2.35680383e-14
 2.39362819e-14 2.43067905e-14 2.46836346e-14 2.50627387e-14
 2.54482663e-14 2.58360462e-14 2.62303359e-14 2.66290469e-14
 2.70321975e-14 2.74398053e-14 2.78518873e-14 2.82661839e-14
 2.86872387e-14 2.91128153e-14 2.95452782e-14 2.99799663e-14
 3.04192182e-14 3.08630465e-14 3.13114631e-14 3.17669541e-14
 3.22246057e-14 3.26868775e-14 3.31563286e-14 3.36278922e-14
 3.41067019e-14 3.45875880e-14 3.50757836e-14 3.55686933e-14
 3.60636189e-14 3.65659437e-14 3.70729932e-14 3.75847694e-14
 3.81012733e-14 3.86225049e-14 3.91484634e-14 3.96791471e-14
 4.02145531e-14 4.07546780e-14 4.12995171e-14 4.18490647e-14
 4.24063231e-14 4.29652925e-14 4.35289477e-14 4.41003638e-14
 4.46733859e-14 4.52541970e-14 4.58365389e-14 4.64266932e-14
 4.70215096e-14 4.76177365e-14 4.82218023e-14 4.88304780e-14
 4.94437441e-14 5.00582458e-14 5.06806045e-14 5.13074877e-14
 5.19388710e-14 5.25747290e-14 5.32184893e-14 5.38632389e-14
 5.45123791e-14 5.51658796e-14 5.58237089e-14 5.64894054e-14
 5.71558152e-14 5.78300682e-14 5.85049164e-14 5.91875780e-14
 5.98707124e-14 6.05616243e-14 6.12566097e-14 6.19518762e-14
 6.26548550e-14 6.33617727e-14 6.40725815e-14 6.47872327e-14
 6.55056759e-14 6.62278596e-14 6.69537309e-14 6.76832357e-14
 6.84163182e-14 6.91529218e-14 6.98929881e-14 7.06364577e-14
 7.13872722e-14 7.21373818e-14 7.28947447e-14 7.36512390e-14
 7.44148883e-14 7.51775012e-14 7.59471643e-14 7.67156192e-14
 7.74910126e-14 7.82691689e-14 7.90500129e-14 7.98334681e-14
 8.06152695e-14 8.14036997e-14 8.21945045e-14 8.29876020e-14
 8.37829095e-14 8.45845900e-14 8.53840743e-14 8.61855119e-14
 8.69888150e-14 8.77981812e-14 8.86049554e-14 8.94133236e-14
 9.02275049e-14 9.10387893e-14 9.18557116e-14 9.26695305e-14
 9.34888052e-14 9.43091103e-14 9.51259972e-14 9.59480547e-14
 9.67708367e-14 9.75942391e-14 9.84181567e-14 9.92424831e-14
 1.00067111e-13 1.00891932e-13 1.01716838e-13 1.02541717e-13
 1.03366460e-13 1.04195315e-13 1.05019445e-13 1.05843099e-13
 1.06670516e-13 1.07492870e-13 1.08318746e-13 1.09139334e-13
 1.09963198e-13 1.10781548e-13 1.11602922e-13 1.12422867e-13
 1.13241261e-13 1.14053686e-13 1.14868619e-13 1.15681631e-13
 1.16492599e-13 1.17301398e-13 1.18107904e-13 1.18911990e-13
 1.19713531e-13 1.20516598e-13 1.21312656e-13 1.22105788e-13
 1.22900019e-13 1.23686903e-13 1.24470480e-13 1.25254718e-13
 1.26031279e-13 1.26808207e-13 1.27581275e-13 1.28346338e-13
 1.29111320e-13 1.29872054e-13 1.30628410e-13 1.31380260e-13
 1.32123573e-13 1.32866047e-13 1.33603627e-13 1.34336185e-13
 1.35067388e-13 1.35789490e-13 1.36506186e-13 1.37217350e-13
 1.37926533e-13 1.38626221e-13 1.39319998e-13 1.40011323e-13
 1.40692871e-13 1.41371652e-13 1.42040473e-13 1.42706215e-13
 1.43365234e-13 1.44014030e-13 1.44659276e-13 1.45297435e-13
 1.45928389e-13 1.46552019e-13 1.47168207e-13 1.47776836e-13
 1.48377791e-13 1.48970957e-13 1.49556222e-13 1.50133473e-13
 1.50705542e-13 1.51266391e-13 1.51818898e-13 1.52365767e-13
 1.52901224e-13 1.53430743e-13 1.53948732e-13 1.54460487e-13
 1.54960603e-13 1.55454191e-13 1.55938525e-13 1.56413508e-13
 1.56876658e-13 1.57332708e-13 1.57779130e-13 1.58215833e-13
 1.58642731e-13 1.59059738e-13 1.59468853e-13 1.59865776e-13
 1.60252561e-13 1.60629131e-13 1.60997281e-13 1.61353140e-13
 1.61698562e-13 1.62035183e-13 1.62359466e-13 1.62674705e-13
 1.62977585e-13 1.63271183e-13 1.63553841e-13 1.63825502e-13
 1.64084795e-13 1.64334353e-13 1.64572754e-13 1.64799947e-13
 1.65015888e-13 1.65220531e-13 1.65413835e-13 1.65595760e-13
 1.65767118e-13 1.65926117e-13 1.66073633e-13 1.66209635e-13
 1.66334709e-13 1.66447545e-13 1.66549286e-13 1.66638866e-13
 1.66717192e-13 1.66783445e-13 1.66838295e-13 1.66881360e-13
 1.66912633e-13 1.66932038e-13 1.66939773e-13 1.66935708e-13
 1.66919844e-13 1.66892186e-13 1.66852743e-13 1.66801523e-13
 1.66738187e-13 1.66663395e-13 1.66576872e-13 1.66478639e-13
 1.66368123e-13 1.66246478e-13 1.66112484e-13 1.65967538e-13
 1.65810187e-13 1.65642071e-13 1.65461504e-13 1.65269360e-13
 1.65066748e-13 1.64851636e-13 1.64625082e-13 1.64387137e-13
 1.64137851e-13 1.63877281e-13 1.63605484e-13 1.63322519e-13
 1.63028448e-13 1.62723336e-13 1.62405608e-13 1.62078560e-13
 1.61740676e-13 1.61390225e-13 1.61030839e-13 1.60658931e-13
 1.60278354e-13 1.59885310e-13 1.59483872e-13 1.59070030e-13
 1.58645895e-13 1.58213789e-13 1.57769396e-13 1.57314989e-13
 1.56850665e-13 1.56376523e-13 1.55892663e-13 1.55399189e-13
 1.54896204e-13 1.54381189e-13 1.53859455e-13 1.53328534e-13
 1.52788537e-13 1.52236767e-13 1.51678911e-13 1.51109424e-13
 1.50534176e-13 1.49947445e-13 1.49355280e-13 1.48751790e-13
 1.48140085e-13 1.47520290e-13 1.46895723e-13 1.46260171e-13
 1.45616913e-13 1.44966080e-13 1.44307803e-13 1.43642215e-13
 1.42969449e-13 1.42289641e-13 1.41599439e-13 1.40905918e-13
 1.40205764e-13 1.39495529e-13 1.38782490e-13 1.38063235e-13
 1.37334225e-13 1.36599220e-13 1.35862099e-13 1.35115562e-13
 1.34367254e-13 1.33609759e-13 1.32846990e-13 1.32079092e-13
 1.31306210e-13 1.30528491e-13 1.29746081e-13 1.28959127e-13
 1.28167777e-13 1.27372176e-13 1.26572472e-13 1.25764763e-13
 1.24957275e-13 1.24146126e-13 1.23327360e-13 1.22509312e-13
 1.21683910e-13 1.20859553e-13 1.20028105e-13 1.19198028e-13
 1.18361124e-13 1.17521708e-13 1.16679925e-13 1.15835922e-13
 1.14994081e-13 1.14146086e-13 1.13296307e-13 1.12444890e-13
 1.11587710e-13 1.10733441e-13 1.09877963e-13 1.09021420e-13
 1.08159663e-13 1.07301408e-13 1.06442509e-13 1.05578808e-13
 1.04719038e-13 1.03854739e-13 1.02994648e-13 1.02130303e-13
 1.01266138e-13 1.00406588e-13 9.95431910e-14 9.86803785e-14
 9.78182836e-14 9.69570377e-14 9.60967715e-14 9.52376142e-14
 9.43796942e-14 9.35231385e-14 9.26638229e-14 9.18103810e-14
 9.09586784e-14 9.01046143e-14 8.92567666e-14 8.84110224e-14
 8.75633097e-14 8.67179606e-14 8.58792595e-14 8.50389773e-14
 8.42055478e-14 8.33707916e-14 8.25389749e-14 8.17102091e-14
 8.08846042e-14 8.00622691e-14 7.92433111e-14 7.84278364e-14
 7.76159497e-14 7.68077544e-14 7.60033525e-14 7.51988916e-14
 7.44023973e-14 7.36099950e-14 7.28178897e-14 7.20339811e-14
 7.12506028e-14 7.04755657e-14 6.97012884e-14 6.89317101e-14
 6.81706763e-14 6.74107401e-14 6.66557682e-14 6.59058463e-14
 6.51610590e-14 6.44214895e-14 6.36872196e-14 6.29583299e-14
 6.22348997e-14 6.15170069e-14 6.08047282e-14 6.00946725e-14
 5.93938756e-14 5.86989156e-14 5.80064846e-14 5.73234418e-14
 5.66431276e-14 5.59722800e-14 5.53043572e-14 5.46427456e-14
 5.39907069e-14 5.33418808e-14 5.26995582e-14 5.20638008e-14
 5.14346694e-14 5.08122235e-14 5.01965215e-14 4.95876207e-14
 4.89855774e-14 4.83904467e-14 4.77994167e-14 4.72183068e-14
 4.66442686e-14 4.60745918e-14 4.55148842e-14 4.49597077e-14
 4.44145269e-14 4.38740440e-14 4.33409960e-14 4.28179739e-14
 4.22998943e-14 4.17893830e-14 4.12864824e-14 4.07912342e-14
 4.03036790e-14 3.98238565e-14 3.93518055e-14 3.88875637e-14
 3.84311681e-14 3.79826547e-14 3.75420583e-14 3.71073224e-14
 3.66827008e-14 3.62640836e-14 3.58555666e-14 3.54531949e-14
 3.50609048e-14 3.46748980e-14 3.42989499e-14 3.39294198e-14
 3.35681879e-14 3.32152796e-14 3.28707191e-14 3.25345300e-14
 3.22067346e-14 3.18873545e-14 3.15764103e-14 3.12739213e-14
 3.09799063e-14 3.06943828e-14 3.04160434e-14 3.01475928e-14
 2.98864395e-14 2.96351202e-14 2.93923649e-14 2.91570689e-14
 2.89304420e-14 2.87135253e-14 2.85042209e-14 2.83036097e-14
 2.81116972e-14 2.79293522e-14 2.77548074e-14 2.75889711e-14
 2.74318440e-14 2.72834255e-14 2.71430597e-14 2.70120932e-14
 2.68898253e-14 2.67762500e-14 2.66708740e-14 2.65747017e-14
 2.64871950e-14 2.64079818e-14 2.63378104e-14 2.62759874e-14
 2.62228558e-14 2.61785900e-14 2.61427421e-14 2.61155248e-14
 2.60969141e-14 2.60868845e-14 2.60854086e-14 2.60924570e-14
 2.61079987e-14 2.61320005e-14 2.61644274e-14 2.62052424e-14
 2.62546629e-14 2.63121747e-14 2.63779511e-14 2.64523223e-14
 2.65345291e-14 2.66253118e-14 2.67237497e-14 2.68307347e-14
 2.69457559e-14 2.70681465e-14 2.71990218e-14 2.73377484e-14
 2.74842596e-14 2.76384865e-14 2.78003578e-14 2.79697994e-14
 2.81467351e-14 2.83310860e-14 2.85227705e-14 2.87226739e-14
 2.89288055e-14 2.91420107e-14 2.93632679e-14 2.95903753e-14
 2.98254080e-14 3.00660278e-14 3.03144338e-14 3.05693844e-14
 3.08295108e-14 3.10971907e-14 3.13710805e-14 3.16510628e-14
 3.19370180e-14 3.22288234e-14 3.25263540e-14 3.28294817e-14
 3.31380763e-14 3.34520045e-14 3.37726625e-14 3.40968719e-14
 3.44259995e-14 3.47615029e-14 3.51000554e-14 3.54447314e-14
 3.57921123e-14 3.61453517e-14 3.65026475e-14 3.68621188e-14
 3.72270270e-14 3.75955045e-14 3.79673842e-14 3.83424966e-14
 3.87206702e-14 3.91017314e-14 3.94855046e-14 3.98718122e-14
 4.02604746e-14 4.06531678e-14 4.10460032e-14 4.14406434e-14
 4.18387835e-14 4.22364789e-14 4.26373077e-14 4.30372969e-14
 4.34400440e-14 4.38434594e-14 4.42454401e-14 4.46495988e-14
 4.50538320e-14 4.54579398e-14 4.58617212e-14 4.62649748e-14
 4.66674985e-14 4.70690898e-14 4.74695458e-14 4.78686633e-14
 4.82681106e-14 4.86639328e-14 4.90578060e-14 4.94513693e-14
 4.98407240e-14 5.02293388e-14 5.06133624e-14 5.09962144e-14
 5.13758737e-14 5.17503798e-14 5.21230654e-14 5.24919559e-14
 5.28568526e-14 5.32175581e-14 5.35738766e-14 5.39256142e-14
 5.42725783e-14 5.46145785e-14 5.49529955e-14 5.52844792e-14
 5.56104395e-14 5.59321842e-14 5.62465268e-14 5.65548076e-14
 5.68582558e-14 5.71552363e-14 5.74442378e-14 5.77278072e-14
 5.80044081e-14 5.82726375e-14 5.85348572e-14 5.87896377e-14
 5.90368290e-14 5.92762849e-14 5.95078631e-14 5.97324509e-14
 5.99478244e-14 6.01549170e-14 6.03536029e-14 6.05446289e-14
 6.07261007e-14 6.08988143e-14 6.10634064e-14 6.12189445e-14
 6.13646694e-14 6.15018482e-14 6.16296887e-14 6.17475769e-14
 6.18565349e-14 6.19559150e-14 6.20456476e-14 6.21256680e-14
 6.21959172e-14 6.22563412e-14 6.23068915e-14 6.23475247e-14
 6.23783225e-14 6.23989671e-14 6.24095974e-14 6.24101710e-14
 6.24006666e-14 6.23809848e-14 6.23513028e-14 6.23113446e-14
 6.22612307e-14 6.22012746e-14 6.21309352e-14 6.20504902e-14
 6.19599672e-14 6.18593993e-14 6.17488249e-14 6.16282878e-14
 6.14978370e-14 6.13575267e-14 6.12066987e-14 6.10468081e-14
 6.08772519e-14 6.06972532e-14 6.05085509e-14 6.03094830e-14
 6.01019737e-14 5.98841965e-14 5.96582574e-14 5.94221683e-14
 5.91770631e-14 5.89230550e-14 5.86602618e-14 5.83888051e-14
 5.81101207e-14 5.78204093e-14 5.75237337e-14 5.72189219e-14
 5.69061149e-14 5.65854573e-14 5.62555665e-14 5.59196209e-14
 5.55762793e-14 5.52240671e-14 5.48663767e-14 5.45000760e-14
 5.41269652e-14 5.37489718e-14 5.33627843e-14 5.29703046e-14
 5.25717101e-14 5.21671800e-14 5.17568955e-14 5.13410395e-14
 5.09197961e-14 5.04933511e-14 5.00618916e-14 4.96256057e-14
 4.91826494e-14 4.87372587e-14 4.82876120e-14 4.78318102e-14
 4.73742082e-14 4.69108015e-14 4.64460149e-14 4.59757782e-14
 4.55024100e-14 4.50261046e-14 4.45492491e-14 4.40676613e-14
 4.35837151e-14 4.30976022e-14 4.26095136e-14 4.21196390e-14
 4.16259197e-14 4.11330320e-14 4.06389212e-14 4.01415087e-14
 3.96454998e-14 3.91488171e-14 3.86493684e-14 3.81518722e-14
 3.76519621e-14 3.71520846e-14 3.66546833e-14 3.61553859e-14
 3.56566324e-14 3.51585887e-14 3.46614179e-14 3.41652803e-14
 3.36703337e-14 3.31767328e-14 3.26846294e-14 3.21941724e-14
 3.17032907e-14 3.12165700e-14 3.07319243e-14 3.02473025e-14
 2.97672236e-14 2.92874546e-14 2.88124639e-14 2.83380578e-14
 2.78665225e-14 2.73979759e-14 2.69346310e-14 2.64723860e-14
 2.60134610e-14 2.55579598e-14 2.51059822e-14 2.46576245e-14
 2.42129797e-14 2.37701507e-14 2.33332129e-14 2.29002448e-14
 2.24693933e-14 2.20446149e-14 2.16240308e-14 2.12058346e-14
 2.07920040e-14 2.03844344e-14 1.99794951e-14 1.95790946e-14
 1.91832837e-14 1.87938616e-14 1.84073477e-14 1.80255552e-14
 1.76485215e-14 1.72762805e-14 1.69072189e-14 1.65446741e-14
 1.61870048e-14 1.58342320e-14 1.54848183e-14 1.51419125e-14]
Integrated fluxes
Total integrated flux of complex: 9.740966555799132e-14
Section 3: 11.2 micron feature
Integrated flux of 11.2 micron feature:
1.2807431687893503e-14
