# col1: wavelength, col2: cont_sub flux, col3: Flux error

5.126520156860351562e+00,3.813311062206063435e-03,3.795479424297809601e-04

5.156760215759277344e+00,3.121490683307497158e-03,2.157796407118439674e-04
5.186999797821044922e+00,2.449134851223883861e-03,5.201440581004135311e-05
5.217249870300292969e+00,1.794554537899737626e-03,1.118079817388206720e-04
5.247489929199218750e+00,1.129517808006860660e-03,3.027964266948401928e-04
5.277729988098144531e+00,6.022365302910236834e-04,3.974699939135462046e-04
5.307970046997070312e+00,4.851784343617945340e-04,4.566062416415661573e-04
5.338210105895996094e+00,1.304484792713435544e-04,3.436653933022171259e-04
5.368460178375244141e+00,-4.336808689942017736e-19,1.483300093241268769e-05
5.398700237274169922e+00,-7.866047666985152148e-05,4.452044959180057049e-04
5.428939819335937500e+00,2.884477157303836498e-04,2.001263055717572570e-04
5.459179878234863281e+00,-1.734723475976807094e-18,1.004039040708448738e-05
5.489419937133789062e+00,-4.124231640859760128e-05,2.388195134699344635e-04
5.519670009613037109e+00,3.691836679314327435e-04,6.258186185732483864e-04
5.549910068511962891e+00,5.897975863333390634e-04,6.858857232145965099e-04
5.580150127410888672e+00,5.192537577867559900e-04,5.062067648395895958e-04
5.610390186309814453e+00,5.808713515858864376e-04,2.838539367076009512e-04
5.640629768371582031e+00,6.848227257152082748e-04,1.393898710375651717e-04
5.670879840850830078e+00,5.142955900286124565e-04,2.607677306514233351e-04
5.701119899749755859e+00,7.444957791232645686e-04,3.981144400313496590e-04
5.731359958648681641e+00,6.623175632387550554e-04,7.741501030977815390e-05
5.761600017547607422e+00,6.437288780081103223e-04,2.910996227001305670e-05
5.791840076446533203e+00,3.239460349569976694e-04,2.676004260138142854e-05
5.822090148925781250e+00,-1.205412714892772907e-05,2.892525517381727695e-04
5.852330207824707031e+00,0.000000000000000000e+00,4.767873324453830719e-04
5.882569789886474609e+00,2.236811684519545221e-04,5.927534075453877449e-04
5.912809848785400391e+00,3.387196484187131665e-04,6.107299122959375381e-04
5.943049907684326172e+00,4.550132023753471547e-04,2.899891696870326996e-04
5.973299980163574219e+00,6.367945859439482978e-04,6.965489592403173447e-05
6.003540039062500000e+00,1.014100767198854343e-03,2.863292465917766094e-04
6.033780097961425781e+00,1.405423361265507355e-03,5.100966081954538822e-04
6.064020156860351562e+00,1.768336860864726419e-03,4.691667272709310055e-04
6.094260215759277344e+00,2.899215626496342776e-03,2.402366226306185126e-04
6.124509811401367188e+00,5.100260984618545240e-03,7.513925083912909031e-05
6.154749870300292969e+00,7.912041069282556988e-03,2.569659263826906681e-04
6.184989929199218750e+00,1.030179820438114832e-02,2.285254013258963823e-04
6.215229988098144531e+00,1.130065978169777358e-02,1.802705373847857118e-04
6.245470046997070312e+00,1.090279288923245993e-02,1.510890142526477575e-04
6.275720119476318359e+00,9.532466400076603646e-03,2.385707921348512173e-05
6.305960178375244141e+00,7.893037973205981397e-03,3.795608427026309073e-05
6.336200237274169922e+00,6.375357722223584656e-03,2.679191820789128542e-04
6.366439819335937500e+00,4.838355708641115319e-03,2.219177113147452474e-04
6.396679878234863281e+00,3.504782399053520819e-03,3.356005618115887046e-05
6.426929950714111328e+00,2.559430881327751789e-03,6.011129153193905950e-05
6.457170009613037109e+00,1.758410257813154687e-03,7.386065408354625106e-05
6.487410068511962891e+00,9.374983612100221131e-04,1.391898113070055842e-04
6.517650127410888672e+00,3.705952593524748651e-04,1.541492820251733065e-04
6.547890186309814453e+00,2.203731649882984672e-04,1.166427318821661174e-04
6.578139781951904297e+00,1.259928429640424369e-04,3.280773307778872550e-05
6.608379840850830078e+00,-3.469446951953614189e-18,1.070401704055257142e-04
6.638619899749755859e+00,2.577213787858731453e-05,6.681887316517531872e-05
6.668859958648681641e+00,2.504588178415048660e-04,2.207894722232595086e-04
6.699100017547607422e+00,6.928738319276258467e-04,2.989637432619929314e-04
6.729350090026855469e+00,1.588139591268515616e-03,2.626281930133700371e-04
6.759590148925781250e+00,3.545421048631570982e-03,2.304275694768875837e-04
6.789830207824707031e+00,7.325767672006284342e-03,1.006714228424243629e-04
6.820069789886474609e+00,1.237497264892128968e-02,7.339927105931565166e-05
6.850309848785400391e+00,1.632212755555828565e-02,2.581312437541782856e-04
6.880559921264648438e+00,1.751905565031041528e-02,2.969544730149209499e-04
6.910799980163574219e+00,1.593257378191171442e-02,3.738233936019241810e-04
6.941040039062500000e+00,1.278571764404448641e-02,3.903745382558554411e-04
6.971280097961425781e+00,9.518885776479291821e-03,1.144130510510876775e-04
7.001520156860351562e+00,6.159917418325590310e-03,6.547231168951839209e-05
7.031770229339599609e+00,2.928329724599519623e-03,2.755721798166632652e-04
7.062009811401367188e+00,8.235150669958571368e-04,1.274790847674012184e-04
7.092249870300292969e+00,-3.469446951953614189e-18,1.917144545586779714e-04
7.122489929199218750e+00,-3.834512981785477559e-04,2.597502025309950113e-04
7.152729988098144531e+00,1.634945664674945787e-04,9.219212806783616543e-04
7.182980060577392578e+00,1.319177619037777138e-03,8.449247688986361027e-04
7.213220119476318359e+00,3.341991867160745006e-03,3.336025984026491642e-04
7.243460178375244141e+00,6.271071756977469880e-03,2.980131830554455519e-04
7.273700237274169922e+00,8.143289638487184734e-03,6.310946773737668991e-04
7.303939819335937500e+00,7.223014070037905854e-03,8.907024166546761990e-04
7.334189891815185547e+00,6.877693032243635540e-03,1.522005622973665595e-04
7.364429950714111328e+00,6.299228532368111866e-03,5.380278453230857849e-04
7.394670009613037109e+00,6.331230877254460238e-03,1.065463526174426079e-03
7.424910068511962891e+00,6.214617906332337710e-03,1.109652337618172169e-03
7.455150127410888672e+00,6.257856449281049005e-03,4.454430309124290943e-04
7.485400199890136719e+00,7.678232467054096899e-03,4.723423917312175035e-04
7.515639781951904297e+00,1.004691760657144828e-02,9.021013975143432617e-04
7.576119899749755859e+00,1.151478277672779785e-02,4.443851939868181944e-04
7.636600017547607422e+00,1.288431040207851236e-02,6.110434769652783871e-04
7.697090148925781250e+00,1.378338849440912187e-02,4.939559730701148510e-04
7.757569789886474609e+00,1.331437657331216440e-02,5.679329624399542809e-04
7.818049907684326172e+00,1.324451720488352760e-02,4.698512784671038389e-04
7.878540039062500000e+00,1.337012985771522666e-02,3.015231341123580933e-04
7.939020156860351562e+00,1.345155961400064035e-02,1.907713740365579724e-04
7.999509811401367188e+00,1.301539096943530108e-02,1.517331693321466446e-04
8.059989929199218750e+00,1.191465310052879784e-02,3.706499992404133081e-04
8.120470046997070312e+00,1.087644729267759486e-02,1.572587061673402786e-04
8.180959701538085938e+00,1.050518633217879805e-02,1.274110691156238317e-04
8.241439819335937500e+00,1.047318524562734082e-02,6.462851888500154018e-05
8.301919937133789062e+00,9.981420076765896987e-03,1.080283182091079652e-04
8.362409591674804688e+00,9.020596371005749209e-03,1.583622506586834788e-04
8.422889709472656250e+00,8.148191291147320603e-03,5.450227181427180767e-04
8.483369827270507812e+00,8.313895035115051457e-03,6.838461267761886120e-04
8.543860435485839844e+00,8.306136063299253414e-03,4.177336231805384159e-04
8.604339599609375000e+00,7.589983506190799145e-03,6.162009231047704816e-05
8.664830207824707031e+00,6.365855598819393502e-03,1.807434164220467210e-04
8.725310325622558594e+00,4.929674400214949931e-03,1.435344747733324766e-04
8.785790443420410156e+00,3.430362993673118782e-03,6.558270979439839721e-05
8.846280097961425781e+00,1.873916134085086560e-03,2.090595953632146120e-04
8.906760215759277344e+00,8.080279855527672250e-04,3.323818673379719257e-04
8.967240333557128906e+00,1.040834085586084257e-17,1.537155476398766041e-04
9.027729988098144531e+00,4.181410241244770676e-05,7.074727909639477730e-05
9.088210105895996094e+00,0.000000000000000000e+00,1.231438654940575361e-04
9.148690223693847656e+00,-6.799452246204068517e-05,3.645528704510070384e-05
9.209179878234863281e+00,-2.184745145058265836e-04,2.083254803437739611e-04
9.269659996032714844e+00,-4.259791686062608385e-04,8.387821435462683439e-05
9.330149650573730469e+00,-5.134178089739212247e-04,3.160715277772396803e-05
9.390629768371582031e+00,-2.575435585295618446e-04,3.225299587938934565e-04
9.451109886169433594e+00,-3.469446951953614189e-18,6.654580938629806042e-04
9.511599540710449219e+00,8.630731154137330496e-05,6.923379842191934586e-04
9.572079658508300781e+00,1.424937196061147604e-04,5.593114765360951424e-04
9.632559776306152344e+00,3.939343923134615288e-04,5.612968816421926022e-04
9.693050384521484375e+00,6.814216846582829556e-04,5.066890153102576733e-04
9.753529548645019531e+00,4.325837418948756674e-04,4.223292926326394081e-04
9.814009666442871094e+00,4.198109674526454005e-04,1.067326811607927084e-04
9.874500274658203125e+00,-1.040834085586084257e-17,2.312817377969622612e-04
9.934980392456054688e+00,-3.189516891058397086e-06,4.463551886146888137e-05
9.995470046997070312e+00,3.360074786438807526e-04,1.916997280204668641e-04
1.005595016479492188e+01,-3.694017962144191536e-07,3.944837953895330429e-04
1.011643028259277344e+01,-3.318046376575983780e-04,1.154773854068480432e-04
1.017691993713378906e+01,-2.907062597452061969e-04,4.833799321204423904e-04
1.023740005493164062e+01,-2.901428255303942216e-04,1.041883369907736778e-03
1.029788017272949219e+01,1.387778780781445676e-17,1.119363238103687763e-03
1.035836982727050781e+01,-1.195881765640380290e-04,4.186898295301944017e-04
1.041884994506835938e+01,-2.951846710741931612e-04,1.039062044583261013e-04
1.047933006286621094e+01,-3.146265767311959283e-04,3.173520381096750498e-04
1.053981971740722656e+01,-2.364926112978713024e-04,4.727137275040149689e-04
1.060029983520507812e+01,-6.938893903907228378e-18,6.007247138768434525e-04
1.066079044342041016e+01,2.703074033676838850e-04,6.925065536051988602e-04
1.072126960754394531e+01,1.578216779837618433e-04,7.093275780789554119e-04
1.078174972534179688e+01,-1.857853066268844167e-04,7.015134324319660664e-04
1.084224033355712891e+01,-6.938893903907228378e-18,6.697219796478748322e-04
1.090272045135498047e+01,9.417067555498939702e-04,7.127617718651890755e-04
1.096319961547851562e+01,2.523125968075100312e-03,7.200536201708018780e-04
1.102369022369384766e+01,5.134027957577148860e-03,6.155181908980011940e-04
1.108417034149169922e+01,9.691875905689005533e-03,7.740948931314051151e-04
1.114465045928955078e+01,1.654065306244707767e-02,1.133506884798407555e-03
1.120514011383056641e+01,2.438663286829940297e-02,1.273261732421815395e-03
1.126562023162841797e+01,3.044753088246319322e-02,1.125256763771176338e-03
1.132610988616943359e+01,3.202718474207050248e-02,7.816172437742352486e-04
1.138659000396728516e+01,2.932664268328465801e-02,4.994383198209106922e-04
1.144707012176513672e+01,2.467343946395569171e-02,3.762988490052521229e-04
1.150755977630615234e+01,1.936627351435760147e-02,6.464151083491742611e-04
1.156803989410400391e+01,1.371461847552281343e-02,1.297263661399483681e-03
1.162852001190185547e+01,8.296347804161469108e-03,1.589078688994050026e-03
1.168900966644287109e+01,3.884458187949642316e-03,1.300319447182118893e-03
1.174948978424072266e+01,1.096948120257401627e-03,9.126468212343752384e-04
1.180996990203857422e+01,2.775557561562891351e-17,6.828991463407874107e-04
1.187045955657958984e+01,1.766757223212178651e-04,5.470864125527441502e-04
1.193093967437744141e+01,1.132003420751301337e-03,6.088102818466722965e-04
1.199143028259277344e+01,1.975866426244823892e-03,6.286706775426864624e-04
1.205191040039062500e+01,1.702767828350645885e-03,3.768643364310264587e-04
