# col1: wavelength, col2: cont_sub flux, col3: Flux error

5.126520156860351562e+00,1.051504347195203123e-03,1.240707933902740479e-04

5.156760215759277344e+00,8.327177262382788950e-04,6.505102646769955754e-05
5.186999797821044922e+00,5.989200972660038095e-04,6.032229975971858948e-06
5.217249870300292969e+00,3.505256755675964075e-04,5.300679185893386602e-05
5.247489929199218750e+00,2.002341598053192402e-04,2.101367572322487831e-04
5.277729988098144531e+00,-2.168404344971008868e-19,1.450664130970835686e-04
5.307970046997070312e+00,1.262908285549189415e-04,2.568085910752415657e-04
5.338210105895996094e+00,3.821077459410021290e-04,4.245963064022362232e-04
5.368460178375244141e+00,2.728143509213836609e-04,1.616932422621175647e-04
5.398700237274169922e+00,3.314225904357944938e-04,1.143330155173316598e-04
5.428939819335937500e+00,4.645978085707467859e-04,2.263527130708098412e-05
5.459179878234863281e+00,2.344724048399624439e-04,9.118704474531114101e-05
5.489419937133789062e+00,1.528078163639001209e-04,1.088273638742975891e-04
5.519670009613037109e+00,9.121615471725883634e-05,7.214985816972330213e-05
5.549910068511962891e+00,2.168404344971008868e-19,2.354643766011577100e-05
5.580150127410888672e+00,5.743854481758919710e-05,1.805265201255679131e-04
5.610390186309814453e+00,-1.629719391552141364e-05,1.466671674279496074e-04
5.640629768371582031e+00,6.559938753184944502e-05,7.982382521731778979e-05
5.670879840850830078e+00,1.207462034573253407e-04,4.356386853032745421e-05
5.701119899749755859e+00,1.567500407222545498e-04,3.958896922995336354e-05
5.731359958648681641e+00,1.790303983210798401e-04,1.875444104371126741e-05
5.761600017547607422e+00,1.790667618230055817e-04,8.871825230016838759e-06
5.791840076446533203e+00,1.185148739903264109e-04,2.998146555910352618e-05
5.822090148925781250e+00,-8.673617379884035472e-19,1.065341493813320994e-04
5.852330207824707031e+00,-6.590173081554235104e-05,1.550314918858930469e-04
5.882569789886474609e+00,-1.213593610665105946e-04,1.505227737652603537e-05
5.912809848785400391e+00,-1.390942005585222435e-04,9.288791625294834375e-05
5.943049907684326172e+00,-2.177097361174677205e-04,5.267382948659360409e-05
5.973299980163574219e+00,5.763858507211016419e-05,1.379351451760157943e-04
6.003540039062500000e+00,6.682214564402168787e-04,2.416959323454648256e-04
6.033780097961425781e+00,1.307945048746970030e-03,1.759843289619311690e-04
6.064020156860351562e+00,1.758137837629146494e-03,8.174515096470713615e-05
6.094260215759277344e+00,2.230484311380809617e-03,2.455157809890806675e-04
6.124509811401367188e+00,3.068995689442901784e-03,2.404726401437073946e-04
6.154749870300292969e+00,4.266380999085823793e-03,2.049992326647043228e-04
6.184989929199218750e+00,5.436309855907700030e-03,3.800782724283635616e-04
6.215229988098144531e+00,6.089853497246656283e-03,1.898635819088667631e-04
6.245470046997070312e+00,5.888153220485341059e-03,2.458608651068061590e-04
6.275720119476318359e+00,5.648194375658319166e-03,2.674654242582619190e-04
6.305960178375244141e+00,5.558585124490707241e-03,6.004781607771292329e-05
6.336200237274169922e+00,4.852780583820003740e-03,3.765023138839751482e-04
6.366439819335937500e+00,3.865408689663154575e-03,1.895669629448093474e-05
6.396679878234863281e+00,3.030032642428345108e-03,5.664198761223815382e-05
6.426929950714111328e+00,2.481114932317333988e-03,3.877612180076539516e-04
6.457170009613037109e+00,2.111862844980452736e-03,3.855845352518372238e-05
6.487410068511962891e+00,1.726527136524208875e-03,2.957581455120816827e-05
6.517650127410888672e+00,1.319599256108517499e-03,1.079618086805567145e-04
6.547890186309814453e+00,8.905513660223459554e-04,4.099911893717944622e-05
6.578139781951904297e+00,6.820555461877556014e-04,2.269001124659553170e-04
6.608379840850830078e+00,3.926772225903204377e-04,3.674509935081005096e-04
6.638619899749755859e+00,1.207913169251825791e-04,2.966885513160377741e-04
6.668859958648681641e+00,-1.734723475976807094e-18,9.514598059467971325e-05
6.699100017547607422e+00,-3.901460385565512501e-05,3.144909715047106147e-05
6.729350090026855469e+00,4.542972424181022928e-05,1.413801364833489060e-04
6.759590148925781250e+00,3.125411122400743869e-04,1.894211891340091825e-04
6.789830207824707031e+00,8.507792736457200911e-04,2.607787318993359804e-04
6.820069789886474609e+00,1.810007607693264395e-03,2.865302085410803556e-04
6.850309848785400391e+00,2.593432066212902898e-03,5.050490144640207291e-04
6.880559921264648438e+00,2.822724990842146592e-03,1.186777488328516483e-03
6.910799980163574219e+00,3.413766917056358305e-03,1.177475904114544392e-03
6.941040039062500000e+00,4.124454956741822539e-03,3.357786044944077730e-04
6.971280097961425781e+00,3.597829574702223615e-03,1.105149494833312929e-04
7.001520156860351562e+00,2.462497926305420512e-03,5.183274333830922842e-05
7.031770229339599609e+00,1.460483764734999551e-03,1.481933577451854944e-04
7.062009811401367188e+00,1.157133964157053968e-03,4.509374848566949368e-04
7.092249870300292969e+00,3.829060232684172727e-04,3.541380283422768116e-04
7.122489929199218750e+00,-3.469446951953614189e-18,1.188089154311455786e-04
7.152729988098144531e+00,1.063296415020169305e-04,3.473969118203967810e-04
7.182980060577392578e+00,1.385872188452395848e-04,3.721520770341157913e-04
7.213220119476318359e+00,9.350571186137988933e-04,1.755421835696324706e-04
7.243460178375244141e+00,1.943167252779615800e-03,1.124645423260517418e-04
7.273700237274169922e+00,2.561040670368979616e-03,2.775646571535617113e-04
7.303939819335937500e+00,2.735984314675976581e-03,4.488903796300292015e-04
7.334189891815185547e+00,2.779730412872317286e-03,4.632377531379461288e-04
7.364429950714111328e+00,2.891845864647180769e-03,2.245152136310935020e-04
7.394670009613037109e+00,3.113420158778655578e-03,3.592320135794579983e-04
7.424910068511962891e+00,3.523034144919775373e-03,7.896374445408582687e-04
7.455150127410888672e+00,4.533151541013556024e-03,8.584728930145502090e-04
7.485400199890136719e+00,5.458587086261647986e-03,3.528867964632809162e-04
7.515639781951904297e+00,5.936402291205306742e-03,4.034803714603185654e-04
7.576119899749755859e+00,4.974819219510782931e-03,5.059173563495278358e-04
7.636600017547607422e+00,5.890209480475437631e-03,5.081571871414780617e-04
7.697090148925781250e+00,6.048022940348847520e-03,3.352358180563896894e-04
7.757569789886474609e+00,6.082585616668131218e-03,3.166308160871267319e-04
7.818049907684326172e+00,7.006377589814559437e-03,2.977655967697501183e-04
7.878540039062500000e+00,6.095810536055925460e-03,1.024399069137871265e-03
7.939020156860351562e+00,5.943864695386592151e-03,1.450649229809641838e-03
7.999509811401367188e+00,6.506068176883126469e-03,3.168966213706880808e-04
8.059989929199218750e+00,7.046502813540564403e-03,2.752065774984657764e-04
8.120470046997070312e+00,6.943484547171304561e-03,1.935328036779537797e-04
8.180959701538085938e+00,7.062470629895435670e-03,1.099465443985536695e-04
8.241439819335937500e+00,7.161751328443023701e-03,6.133552233222872019e-05
8.301919937133789062e+00,7.200071514869798434e-03,1.463162334403023124e-04
8.362409591674804688e+00,7.136168812171897469e-03,6.139557808637619019e-05
8.422889709472656250e+00,7.194104368018629236e-03,7.457571336999535561e-05
8.483369827270507812e+00,7.539299471651085549e-03,3.458588034845888615e-04
8.543860435485839844e+00,7.198529452720675570e-03,6.830165511928498745e-04
8.604339599609375000e+00,7.219685045644051030e-03,5.028884042985737324e-04
8.664830207824707031e+00,6.187524486778155780e-03,4.533626779448240995e-04
8.725310325622558594e+00,4.908754051717020839e-03,3.587587852962315083e-04
8.785790443420410156e+00,3.671780492092671655e-03,2.888043236453086138e-04
8.846280097961425781e+00,2.576308283695882134e-03,2.254700375488027930e-04
8.906760215759277344e+00,1.630252497856334720e-03,2.694508293643593788e-04
8.967240333557128906e+00,9.297543401663409257e-04,4.229875921737402678e-04
9.027729988098144531e+00,4.194198227791927358e-04,4.710826615337282419e-04
9.088210105895996094e+00,-3.469446951953614189e-18,3.980671172030270100e-04
9.148690223693847656e+00,-1.511804877282509063e-04,3.114136634394526482e-04
9.209179878234863281e+00,7.227020052791299776e-06,2.938482502941042185e-04
9.269659996032714844e+00,2.269270221762660633e-04,3.690966404974460602e-04
9.330149650573730469e+00,1.151275551740764402e-04,2.800419169943779707e-04
9.390629768371582031e+00,3.437429625712355719e-04,2.822270616888999939e-04
9.451109886169433594e+00,-6.938893903907228378e-18,1.105548944906331599e-04
9.511599540710449219e+00,1.475225729748660952e-04,2.676376898307353258e-04
9.572079658508300781e+00,3.394563660851675213e-04,3.708756703417748213e-04
9.632559776306152344e+00,6.239234628143026928e-04,2.606631314847618341e-04
9.693050384521484375e+00,8.773111799353083828e-04,1.288150670006871223e-04
9.753529548645019531e+00,7.670582785420064498e-04,1.862520584836602211e-04
9.814009666442871094e+00,5.761502707075892571e-04,4.498226626310497522e-04
9.874500274658203125e+00,4.337934268353119127e-04,6.975164869800209999e-04
9.934980392456054688e+00,-3.469446951953614189e-18,8.583029266446828842e-04
9.995470046997070312e+00,-6.100413969563379946e-04,1.100017107091844082e-03
1.005595016479492188e+01,-5.977297488322305674e-04,9.921799646690487862e-04
1.011643028259277344e+01,-1.300510509515059865e-04,4.292222438380122185e-04
1.017691993713378906e+01,-1.465071528472944307e-04,2.980378048960119486e-04
1.023740005493164062e+01,-3.525907044025222703e-04,6.744905258528888226e-04
1.029788017272949219e+01,-6.938893903907228378e-18,9.758876403793692589e-04
1.035836982727050781e+01,6.802403138410767491e-04,1.114239334128797054e-03
1.041884994506835938e+01,1.037168323689822980e-03,1.120927743613719940e-03
1.047933006286621094e+01,8.539144855291488923e-04,9.662926895543932915e-04
1.053981971740722656e+01,4.207798784293739769e-04,7.534635951742529869e-04
1.060029983520507812e+01,-6.938893903907228378e-18,6.181689677760004997e-04
1.066079044342041016e+01,-4.512861949177923715e-04,5.952302599325776100e-04
1.072126960754394531e+01,-7.659084642917535213e-04,6.956089637242257595e-04
1.078174972534179688e+01,-6.356791423281354936e-04,7.557667559012770653e-04
1.084224033355712891e+01,0.000000000000000000e+00,6.377663812600076199e-04
1.090272045135498047e+01,1.096944635443200533e-03,5.465399590320885181e-04
1.096319961547851562e+01,2.914027559971055226e-03,6.951572140678763390e-04
1.102369022369384766e+01,5.883819454401917337e-03,1.101589412428438663e-03
1.108417034149169922e+01,1.023502131522126268e-02,1.600768067874014378e-03
1.114465045928955078e+01,1.581609710972409211e-02,1.746690715663135052e-03
1.120514011383056641e+01,2.241827874868467657e-02,1.529677072539925575e-03
1.126562023162841797e+01,2.867207532396429115e-02,1.449323608539998531e-03
1.132610988616943359e+01,3.170280192919336382e-02,1.606235629878938198e-03
1.138659000396728516e+01,3.054207625946597782e-02,1.612918102182447910e-03
1.144707012176513672e+01,2.681700006349561904e-02,1.325000310316681862e-03
1.150755977630615234e+01,2.188392198780893250e-02,1.117745297960937023e-03
1.156803989410400391e+01,1.641054985229904728e-02,1.303431112319231033e-03
1.162852001190185547e+01,1.127321832001317026e-02,1.648161327466368675e-03
1.168900966644287109e+01,6.726704494277507829e-03,1.523914397694170475e-03
1.174948978424072266e+01,2.679092735649701851e-03,1.234040828421711922e-03
1.180996990203857422e+01,0.000000000000000000e+00,1.341083785519003868e-03
1.187045955657958984e+01,-6.210272301442470999e-04,1.500718644820153713e-03
1.193093967437744141e+01,-2.775557561562891351e-17,1.502100261859595776e-03
1.199143028259277344e+01,4.159509611580125554e-04,1.247373525984585285e-03
1.205191040039062500e+01,4.107164865278928323e-04,1.179204205982387066e-03
