# col1: wavelength, col2: cont_sub flux, col3: Flux error
5.126520156860351562e+00,1.053960618188836573e+00,1.183824911713600159e-01
5.156760215759277344e+00,3.992925318325682982e-01,1.012074798345565796e-01
5.186999797821044922e+00,5.671507366810601969e-02,2.175007611513137817e-01
5.217249870300292969e+00,1.828184088564155374e-01,4.656139016151428223e-02
5.247489929199218750e+00,1.184174370917242813e-01,1.866405457258224487e-01
5.277729988098144531e+00,3.185197233488974988e-01,9.401053190231323242e-02
5.307970046997070312e+00,0.000000000000000000e+00,5.264353752136230469e-01
5.338210105895996094e+00,2.596684311769010822e-01,4.262064993381500244e-01
5.368460178375244141e+00,3.450911929424450575e-01,3.847574070096015930e-02
5.398700237274169922e+00,1.712589583569236185e-01,1.643190532922744751e-01
5.428939819335937500e+00,1.898374041252445799e-01,4.175414517521858215e-02
5.459179878234863281e+00,3.993800123117395573e-02,1.991124749183654785e-01
5.489419937133789062e+00,1.848767044096877310e-01,1.093242689967155457e-01
5.519670009613037109e+00,2.319104104458527549e-01,1.189987882971763611e-01
5.549910068511962891e+00,3.689282875772070813e-01,2.001893892884254456e-02
5.580150127410888672e+00,2.166891783494726276e-01,1.914484426379203796e-02
5.610390186309814453e+00,2.533117279917401765e-01,2.018438465893268585e-02
5.640629768371582031e+00,7.521556601643686335e-02,3.487309068441390991e-02
5.670879840850830078e+00,1.387778780781445676e-17,6.973198056221008301e-02
5.701119899749755859e+00,2.344153768155649575e-01,2.743198163807392120e-02
5.731359958648681641e+00,2.362438343061044888e-01,3.972307965159416199e-02
5.761600017547607422e+00,1.016073758338465471e-01,1.030070856213569641e-01
5.791840076446533203e+00,5.557193514106547466e-02,6.024209037423133850e-02
5.822090148925781250e+00,2.053693910133618239e-01,1.466833204030990601e-01
5.852330207824707031e+00,7.920312103626937772e-02,1.381988525390625000e-01
5.882569789886474609e+00,7.483028050796597386e-02,1.239903941750526428e-01
5.912809848785400391e+00,2.105758596726813869e-01,6.740750372409820557e-02
5.943049907684326172e+00,2.335958201528715306e-01,8.770741522312164307e-02
5.973299980163574219e+00,2.292173548098389579e-01,1.332633197307586670e-01
6.003540039062500000e+00,9.987701993389433430e-02,8.224875479936599731e-02
6.033780097961425781e+00,1.498489539308029972e-01,1.426522731781005859e-01
6.064020156860351562e+00,2.278890102529985418e-01,1.199026778340339661e-01
6.094260215759277344e+00,1.890108744032381882e-01,4.930435866117477417e-02
6.124509811401367188e+00,1.901035710949746660e-01,1.565033756196498871e-02
6.154749870300292969e+00,2.756769767724518982e-01,1.963675171136856079e-01
6.184989929199218750e+00,3.970425067105868289e-01,2.543234825134277344e-01
6.215229988098144531e+00,3.657597655920531432e-01,2.389358431100845337e-01
6.245470046997070312e+00,2.320501539540926750e-01,1.615980267524719238e-01
6.275720119476318359e+00,2.232349621181254351e-01,1.305983960628509521e-01
6.305960178375244141e+00,2.068389869211533783e-01,1.301187872886657715e-01
6.336200237274169922e+00,1.488761474020791897e-01,3.873109072446823120e-02
6.366439819335937500e+00,3.019091610042778373e-01,1.036190390586853027e-01
6.396679878234863281e+00,2.680908880807604810e-01,1.192746087908744812e-01
6.426929950714111328e+00,2.775557561562891351e-17,6.987425684928894043e-02
6.457170009613037109e+00,1.547763833337356676e-02,5.679174512624740601e-02
6.487410068511962891e+00,8.828695743975573107e-02,3.083348274230957031e-02
6.517650127410888672e+00,3.314128085776793520e-01,1.539520267397165298e-02
6.547890186309814453e+00,1.361746457192622162e-01,4.433642327785491943e-02
6.578139781951904297e+00,-5.880346829220024774e-02,2.954799532890319824e-01
6.608379840850830078e+00,-1.390559425966279572e-01,1.261250674724578857e-01
6.638619899749755859e+00,-2.293778386394434987e-02,1.975185573101043701e-01
6.668859958648681641e+00,2.258583303956055166e-01,2.080044299364089966e-01
6.699100017547607422e+00,5.089605545666786579e-02,1.300944089889526367e-01
6.729350090026855469e+00,3.208509119031320855e-01,2.763034701347351074e-01
6.759590148925781250e+00,9.517330194342508987e-02,5.212129652500152588e-02
6.789830207824707031e+00,4.919854180983038172e-02,3.011624217033386230e-01
6.820069789886474609e+00,2.773562440636898607e-01,7.001326233148574829e-02
6.850309848785400391e+00,1.405640126041145244e-01,2.890136539936065674e-01
6.880559921264648438e+00,1.387778780781445676e-17,2.121298760175704956e-01
6.910799980163574219e+00,1.426181228893256270e-01,7.978349179029464722e-02
6.941040039062500000e+00,2.628313480520093059e-01,1.709623634815216064e-01
6.971280097961425781e+00,1.683388310736803062e-01,4.557489603757858276e-02
7.001520156860351562e+00,3.648811889481062831e-01,2.698196768760681152e-01
7.031770229339599609e+00,1.520544057068961286e-01,1.245422959327697754e-01
7.062009811401367188e+00,-1.188234264111992233e-01,2.473232448101043701e-01
7.092249870300292969e+00,-8.764742789261145695e-02,2.137893289327621460e-01
7.122489929199218750e+00,1.207700257768695162e-01,1.667861826717853546e-02
7.152729988098144531e+00,2.790547651449167832e-01,2.555940449237823486e-01
7.182980060577392578e+00,1.344568999597027248e-01,1.847017705440521240e-01
7.213220119476318359e+00,2.364487153536180275e-01,1.591994911432266235e-01
7.243460178375244141e+00,4.945692296128681997e-01,4.172121286392211914e-01
7.273700237274169922e+00,2.563914441983456416e-01,2.997958362102508545e-01
7.303939819335937500e+00,1.431932954517115553e-01,1.302686333656311035e-01
7.334189891815185547e+00,3.869877277893606915e-01,1.283858865499496460e-01
7.364429950714111328e+00,3.400154406310152977e-01,5.078195407986640930e-02
7.394670009613037109e+00,1.341848657939273826e-01,1.341881603002548218e-01
7.424910068511962891e+00,2.402786600238709380e-01,3.523965775966644287e-01
7.455150127410888672e+00,3.412718962577212523e-01,2.528405487537384033e-01
7.485400199890136719e+00,4.348791070948293536e-01,2.284294068813323975e-01
7.515639781951904297e+00,4.965632840135430492e-01,1.390226781368255615e-01
7.545879840850830078e+00,4.679871015929157885e-01,1.585044898092746735e-03
7.576119899749755859e+00,4.571529751285464682e-01,1.658903658390045166e-01
7.636600017547607422e+00,3.798178106155208900e-01,1.299033910036087036e-01
7.697090148925781250e+00,3.540187107009557521e-01,8.808396011590957642e-02
7.757569789886474609e+00,3.637653019611272742e-01,3.208217024803161621e-02
7.818049907684326172e+00,4.343167074205778744e-01,9.708708524703979492e-02
7.878540039062500000e+00,4.340873052200599491e-01,5.343982577323913574e-02
7.939020156860351562e+00,3.894532792533307308e-01,1.016238331794738770e-02
7.999509811401367188e+00,2.714367626872651873e-01,1.400768756866455078e-02
8.059989929199218750e+00,1.062697680290115021e-01,6.517112255096435547e-03
8.120470046997070312e+00,-7.967215247372372300e-03,5.569973587989807129e-02
8.180959701538085938e+00,2.958078840781347418e-02,9.420169889926910400e-02
8.241439819335937500e+00,2.668062847769292478e-02,4.942110180854797363e-02
8.301919937133789062e+00,-2.241392120156060486e-02,3.081811964511871338e-02
8.362409591674804688e+00,-2.535534196372113414e-02,1.046627759933471680e-02
8.422889709472656250e+00,5.715478096344261960e-02,9.644615650177001953e-02
8.483369827270507812e+00,1.008954613648096466e-01,1.590457744896411896e-02
8.543860435485839844e+00,-2.474846623006810020e-02,5.403583124279975891e-02
8.604339599609375000e+00,1.456171481695784919e-01,8.100502192974090576e-02
8.664830207824707031e+00,1.757301244679452257e-01,6.505887210369110107e-02
8.725310325622558594e+00,-1.342975106884303216e-03,1.216105967760086060e-01
8.785790443420410156e+00,3.147682878340418711e-02,9.207346290349960327e-02
8.846280097961425781e+00,2.551245123650347502e-02,1.944503374397754669e-02
8.906760215759277344e+00,7.483159846378439894e-02,1.872716099023818970e-02
8.967240333557128906e+00,2.541750065541414916e-02,8.890473283827304840e-03
9.027729988098144531e+00,5.551115123125782702e-17,1.238636374473571777e-01
9.088210105895996094e+00,4.928055706727951790e-02,1.458801925182342529e-01
9.148690223693847656e+00,-1.216423321268278457e-02,1.241026148200035095e-01
9.209179878234863281e+00,7.340559346408065400e-02,4.510854184627532959e-02
9.269659996032714844e+00,-5.551115123125782702e-17,1.488625407218933105e-01
9.330149650573730469e+00,5.146340129256476992e-02,2.953999638557434082e-01
9.390629768371582031e+00,1.604960837401074314e-01,1.527678370475769043e-01
9.451109886169433594e+00,1.309962603252234903e-01,7.247380167245864868e-02
9.511599540710449219e+00,5.551115123125782702e-17,2.435722053050994873e-01
9.572079658508300781e+00,4.078710328447504585e-02,1.690230071544647217e-01
9.632559776306152344e+00,1.669405123689706727e-01,2.505953796207904816e-02
9.693050384521484375e+00,1.577896520542763081e-01,7.151257246732711792e-02
9.753529548645019531e+00,6.935859488278406371e-02,4.472188185900449753e-03
9.814009666442871094e+00,1.027713203118827967e-01,3.033065237104892731e-02
9.874500274658203125e+00,0.000000000000000000e+00,3.489392623305320740e-02
9.934980392456054688e+00,2.984751886973602275e-02,6.601796299219131470e-02
9.995470046997070312e+00,8.289721490987600472e-02,6.675372365862131119e-03
1.005595016479492188e+01,8.140912885203477334e-02,7.649520784616470337e-02
1.011643028259277344e+01,6.383201771317154050e-02,1.311524957418441772e-01
1.017691993713378906e+01,8.193349011630285395e-02,1.320749819278717041e-01
1.023740005493164062e+01,1.069538452099380588e-01,1.034193634986877441e-01
1.029788017272949219e+01,1.096217363427021696e-01,7.646819949150085449e-02
1.035836982727050781e+01,4.414184199391846253e-02,1.098725125193595886e-01
1.041884994506835938e+01,0.000000000000000000e+00,1.155636385083198547e-01
1.047933006286621094e+01,6.302124814580395418e-02,1.596852391958236694e-02
1.053981971740722656e+01,9.170744640590372532e-02,7.068368047475814819e-02
1.060029983520507812e+01,8.240896332932384771e-02,7.262373715639114380e-02
1.066079044342041016e+01,5.889902550764447575e-02,2.409345060586929321e-01
1.072126960754394531e+01,0.000000000000000000e+00,1.470360606908798218e-01
1.078174972534179688e+01,1.117677996193823242e-01,9.748535603284835815e-02
1.084224033355712891e+01,1.705078013115377544e-01,1.527020358480513096e-03
1.090272045135498047e+01,7.298462281977735611e-02,1.304679643362760544e-02
1.096319961547851562e+01,1.728586699317785635e-01,5.990501865744590759e-02
1.102369022369384766e+01,2.670052906720407071e-01,4.946674779057502747e-02
1.108417034149169922e+01,1.866197878683132361e-01,6.379318237304687500e-02
1.114465045928955078e+01,4.550169524556657574e-01,0.000000000000000000e+00
1.120514011383056641e+01,7.155359239043017627e-01,1.433179527521133423e-01
1.126562023162841797e+01,7.629664762722840887e-01,9.846395254135131836e-02
1.132610988616943359e+01,6.015157088416736020e-01,3.656317293643951416e-02
1.138659000396728516e+01,4.440541027744819846e-01,1.022295877337455750e-01
1.144707012176513672e+01,3.420407095564566013e-01,7.158583402633666992e-02
1.150755977630615234e+01,4.530907777774183520e-01,1.772123426198959351e-01
1.156803989410400391e+01,3.440255172147888008e-01,1.620980910956859589e-02
1.162852001190185547e+01,2.413434030444260303e-01,9.313719719648361206e-02
1.168900966644287109e+01,8.031261221424168539e-02,1.017512828111648560e-01
1.174948978424072266e+01,1.515111106249884543e-01,4.562459141016006470e-02
1.180996990203857422e+01,9.313544177109100985e-02,1.635573431849479675e-02
1.187045955657958984e+01,2.220446049250313081e-16,3.212938085198402405e-02
1.193093967437744141e+01,2.062866948482172669e-01,2.030180990695953369e-01
1.199143028259277344e+01,1.824705769095169572e-01,1.342479735612869263e-01
1.205191040039062500e+01,1.774130582735862216e-01,1.703994870185852051e-01
1.211238956451416016e+01,9.447740121441638994e-02,1.776998043060302734e-01
1.217288017272949219e+01,2.691838814295177684e-02,8.846024423837661743e-02
1.223336029052734375e+01,-2.220446049250313081e-16,6.615597009658813477e-02
1.229384040832519531e+01,1.094446625822427244e-01,1.054228469729423523e-01
1.235433006286621094e+01,1.833507756012294765e-01,1.398625522851943970e-01
1.241481018066406250e+01,1.237118175080657023e-01,2.147156298160552979e-01
1.247529029846191406e+01,1.655052769190805684e-01,2.889288663864135742e-01
1.253577995300292969e+01,2.479022065026875721e-01,3.820841312408447266e-01
1.259626007080078125e+01,2.401896872117367243e-01,3.082242310047149658e-01
1.265674972534179688e+01,1.351167659429233225e-01,1.689425855875015259e-01
1.271722984313964844e+01,1.026407907286186472e-01,1.350296139717102051e-01
1.277770996093750000e+01,1.353960644249758705e-01,1.429470926523208618e-01
1.283819961547851562e+01,9.046188705149871279e-02,1.179813370108604431e-01
1.289867973327636719e+01,-1.110223024625156540e-16,1.949599385261535645e-01
1.295915985107421875e+01,1.324724952951594759e-02,1.227909177541732788e-01
1.301965045928955078e+01,3.538379353375131764e-02,1.802812912501394749e-03
1.308012962341308594e+01,5.876167719335223527e-02,1.232053712010383606e-01
1.314060974121093750e+01,1.071316504761922195e-01,1.649343818426132202e-01
1.320110034942626953e+01,1.786854384677338814e-02,1.331273913383483887e-01
1.326158046722412109e+01,-8.216345346635067770e-03,1.587325036525726318e-01
1.332205963134765625e+01,8.058161278690922913e-02,9.231782704591751099e-02
1.338255023956298828e+01,9.151482339062111393e-02,2.330334037542343140e-01
1.344303035736083984e+01,8.883179127340423697e-02,2.719157636165618896e-01
1.350352001190185547e+01,0.000000000000000000e+00,7.857598364353179932e-02
1.356400012969970703e+01,2.015898054641152015e-02,4.363496974110603333e-02
1.362448024749755859e+01,6.347456354851255256e-02,1.902306228876113892e-01
1.368496990203857422e+01,-2.853777002184831879e-02,8.063158392906188965e-02
1.374545001983642578e+01,1.125904119244809376e-01,1.237716376781463623e-01
1.380593013763427734e+01,2.307694820911243561e-02,1.606844365596771240e-01
1.386641979217529297e+01,1.441935020029943004e-01,2.446831017732620239e-01
