# col1: wavelength, col2: cont_sub flux, col3: Flux error

4.903369999999999784e+00,-1.101228331715735465e+01,6.762409999999999810e-01
4.908269999999999911e+00,-1.064766247739704852e+01,3.250040000000000151e-01
4.913179999999999659e+00,-9.984736832838748910e+00,3.248659999999999881e-01
4.918099999999999916e+00,-9.208709997749465970e+00,4.807060000000000222e-01
4.923020000000000174e+00,-9.472044576458756637e+00,5.704090000000000549e-01
4.927950000000000053e+00,-9.284673629085446578e+00,4.560600000000000209e-01
4.932879999999999932e+00,-8.308148409889469121e+00,4.058229999999999893e-01
4.937809999999999810e+00,-8.061955444060330933e+00,5.076730000000000409e-01
4.942750000000000199e+00,-8.046344306390437850e+00,3.826410000000000089e-01
4.947700000000000209e+00,-7.740517976507774733e+00,3.541420000000000123e-01
4.952650000000000219e+00,-7.414305277595545363e+00,3.424920000000000186e-01
4.957600000000000229e+00,-7.852792570183936505e+00,2.515229999999999966e-01
4.962559999999999860e+00,-7.385551093537713996e+00,2.559870000000000201e-01
4.967530000000000001e+00,-7.310483397585656462e+00,3.602670000000000039e-01
4.972500000000000142e+00,-7.077996222259301362e+00,5.253419999999999757e-01
4.977470000000000283e+00,-6.452575762092592981e+00,3.978720000000000034e-01
4.982450000000000045e+00,-5.896014563647128170e+00,4.393150000000000110e-01
4.987440000000000317e+00,-5.609314741797660986e+00,4.126380000000000048e-01
4.992429999999999701e+00,-5.922161306384026602e+00,5.013659999999999783e-01
4.997419999999999973e+00,-6.425340284602768293e+00,6.040440000000000254e-01
5.002419999999999867e+00,-6.475165167762369833e+00,3.021269999999999789e-01
5.007430000000000270e+00,-6.479137630307533868e+00,2.931880000000000042e-01
5.012439999999999785e+00,-6.106421310503520772e+00,2.700080000000000258e-01
5.017450000000000188e+00,-5.559702066863067671e+00,2.251499999999999890e-01
5.022470000000000212e+00,-5.718913967496533246e+00,2.268459999999999921e-01
5.027499999999999858e+00,-5.607858241020863943e+00,3.089439999999999964e-01
5.032530000000000392e+00,-5.166977518022846994e+00,4.055880000000000041e-01
5.037560000000000038e+00,-4.502657486979543933e+00,2.906980000000000119e-01
5.042600000000000193e+00,-4.720952419441331926e+00,2.806139999999999746e-01
5.047649999999999970e+00,-4.760763092777878569e+00,3.248860000000000081e-01
5.052699999999999747e+00,-3.529011499195050305e+00,5.539060000000000095e-01
5.057750000000000412e+00,-2.996083155776005924e+00,4.057129999999999903e-01
5.062809999999999810e+00,-3.946352158711661673e+00,3.769589999999999885e-01
5.067879999999999718e+00,-4.440618828683042807e+00,5.169749999999999623e-01
5.072949999999999626e+00,-3.840384894234148305e+00,6.226699999999999458e-01
5.078020000000000422e+00,-3.291635699691710215e+00,5.172809999999999908e-01
5.083099999999999952e+00,-3.506464781626988270e+00,4.948899999999999966e-01
5.088189999999999991e+00,-2.666871998569675384e+00,5.354069999999999663e-01
5.093280000000000030e+00,-2.319239195565188538e+00,2.818450000000000122e-01
5.098379999999999690e+00,-3.200074199723530910e+00,4.202069999999999972e-01
5.103480000000000238e+00,-2.769249053861258858e+00,4.305390000000000050e-01
5.108579999999999899e+00,-1.875148840602619771e+00,3.225500000000000034e-01
5.113690000000000069e+00,-1.634795529209583265e+00,4.618399999999999728e-01
5.118809999999999860e+00,-2.074688274609115979e+00,4.145220000000000016e-01
5.123929999999999652e+00,-2.301179816732371819e+00,2.376659999999999884e-01
5.129059999999999953e+00,-2.158305969005596125e+00,2.845869999999999789e-01
5.134190000000000254e+00,-1.666109962697433389e+00,2.897759999999999780e-01
5.139330000000000176e+00,-8.622367427474557644e-01,3.739529999999999799e-01
5.144470000000000098e+00,1.828798689671771172e-01,2.031840000000000035e-01
5.149619999999999642e+00,-1.169614102658528054e+00,4.051420000000000021e-01
5.154770000000000074e+00,-1.870743170072188377e+00,3.394789999999999752e-01
5.159930000000000128e+00,-1.405270236501408476e+00,3.884299999999999975e-01
5.165090000000000181e+00,-1.632310605618528143e+00,2.665649999999999964e-01
5.170259999999999856e+00,-1.318736006034512798e+00,3.484229999999999827e-01
5.175430000000000419e+00,-1.138752633994258190e+00,4.320080000000000031e-01
5.180609999999999715e+00,-1.139040940055608075e+00,3.929880000000000040e-01
5.185789999999999900e+00,-1.624298115078445903e+00,2.759630000000000138e-01
5.190979999999999706e+00,-1.495713227431565429e+00,2.403170000000000028e-01
5.196170000000000400e+00,-1.638274565329268739e+00,2.468079999999999996e-01
5.201369999999999827e+00,-4.694797101151237939e-01,4.355240000000000222e-01
5.206570000000000142e+00,6.401918492054505805e-01,3.407700000000000173e-01
5.211780000000000079e+00,3.443341238521355763e-01,3.455070000000000086e-01
5.216999999999999638e+00,2.997503033125923366e-01,3.442180000000000240e-01
5.222220000000000084e+00,7.921739458000160994e-01,2.506260000000000154e-01
5.227439999999999642e+00,8.282210466519757119e-01,3.442589999999999817e-01
5.232669999999999710e+00,4.342691137713075022e-01,5.310660000000000380e-01
5.237910000000000288e+00,-1.127815989282510145e-02,4.389970000000000261e-01
5.243149999999999977e+00,3.237297614356862141e-01,3.735289999999999999e-01
5.248389999999999667e+00,2.944090576542066628e-01,3.683640000000000247e-01
5.253639999999999866e+00,-2.618788355737393658e-01,3.111400000000000277e-01
5.258899999999999686e+00,6.469702838086703878e-01,4.063180000000000125e-01
5.264160000000000394e+00,5.248235022976359687e-01,4.289819999999999744e-01
5.269429999999999836e+00,1.996305268482245765e-01,5.074250000000000149e-01
5.274700000000000166e+00,1.641266561273795332e+00,4.390589999999999771e-01
5.279980000000000118e+00,1.774073601570265168e+00,4.422920000000000185e-01
5.285260000000000069e+00,1.897134859919020755e+00,4.838160000000000238e-01
5.290549999999999642e+00,1.966684732439489380e+00,4.951189999999999758e-01
5.290560000000000151e+00,1.664802568074577493e+00,1.049009999999999998e+00
5.295840000000000103e+00,1.531914330022146942e+00,4.023970000000000047e-01
5.295849999999999724e+00,2.746283623765890525e-01,8.377989999999999604e-01
5.301140000000000185e+00,9.730505607064259266e-01,3.637560000000000238e-01
5.301149999999999807e+00,3.374608141496509006e-01,4.057259999999999756e-01
5.306449999999999889e+00,3.243988298425790617e-01,7.039689999999999559e-01
5.311759999999999593e+00,-8.263380650544434047e-01,6.941389999999999505e-01
5.317070000000000185e+00,-1.088143286955400413e+00,3.777579999999999827e-01
5.322390000000000398e+00,-8.501045725905669315e-01,4.348219999999999863e-01
5.327720000000000233e+00,9.404840120739095255e-01,7.776229999999999531e-01
5.333050000000000068e+00,4.934404026332401827e-01,3.951939999999999897e-01
5.338390000000000413e+00,4.705662190846027215e-01,3.129449999999999732e-01
5.343729999999999869e+00,1.161886800338564285e+00,1.095460000000000100e+00
5.349070000000000213e+00,-1.648072958693092005e-02,1.008680000000000021e+00
5.354420000000000179e+00,-2.812452205289162066e-01,5.540180000000000105e-01
5.359779999999999767e+00,-8.532999345627132470e-01,4.009340000000000126e-01
5.365140000000000242e+00,-1.451305074908262327e+00,4.361249999999999849e-01
5.370510000000000339e+00,-2.085579613088412998e+00,6.723179999999999712e-01
5.375890000000000057e+00,-2.496163652011915701e-01,8.357539999999999969e-01
5.381260000000000154e+00,6.390780830930111733e-01,8.060629999999999740e-01
5.386650000000000382e+00,-2.192078288840662026e-01,6.706109999999999571e-01
5.392039999999999722e+00,4.763228475037664111e-01,6.066869999999999763e-01
5.397429999999999950e+00,-2.905122781958908718e-01,8.137069999999999581e-01
5.402829999999999799e+00,-2.035351724728727163e+00,9.792079999999999673e-01
5.408240000000000158e+00,4.455125166744267062e-01,1.564920000000000089e+00
5.413649999999999629e+00,1.952151147555525768e+00,2.352859999999999951e-01
5.419059999999999988e+00,1.413281974215024661e+00,5.695999999999999952e-01
5.424489999999999590e+00,2.830852749471688412e-01,4.979810000000000070e-01
5.429909999999999570e+00,-3.595240836453683642e-01,4.509549999999999947e-01
5.435349999999999682e+00,-1.717436546789912200e-01,4.370249999999999968e-01
5.440780000000000172e+00,3.445601239896802781e-01,6.013300000000000312e-01
5.446229999999999905e+00,2.841715666259148065e-01,7.647129999999999761e-01
5.451679999999999637e+00,-3.422413180304602065e-01,4.310169999999999835e-01
5.457130000000000258e+00,-1.305603257873855227e-01,7.906320000000000014e-01
5.462589999999999613e+00,-6.410569703577095879e-01,8.360330000000000261e-01
5.468060000000000365e+00,-5.536216536556537449e-01,6.162590000000000012e-01
5.473530000000000229e+00,-9.671491546618256052e-01,3.626869999999999816e-01
5.479000000000000092e+00,3.115789319652861877e-01,4.367619999999999836e-01
5.484490000000000087e+00,-1.861210269880899659e-01,7.395599999999999952e-01
5.489969999999999573e+00,-1.438935793538725250e+00,8.524990000000000068e-01
5.495459999999999567e+00,1.497484136276625577e-01,5.288610000000000255e-01
5.500960000000000072e+00,8.742056666676489840e-03,5.037049999999999583e-01
5.506470000000000198e+00,7.355578672536466911e-02,8.435430000000000428e-01
5.511980000000000324e+00,-1.038785102803970517e+00,6.917969999999999953e-01
5.517489999999999561e+00,1.260382001534878782e-01,3.298659999999999926e-01
5.523010000000000197e+00,2.820249120496782780e-01,3.832450000000000023e-01
5.528539999999999566e+00,8.374862700216283429e-01,8.365599999999999703e-01
5.534069999999999823e+00,2.462258328116845973e+00,8.068830000000000169e-01
5.539609999999999701e+00,1.944933018565905058e+00,9.209249999999999936e-01
5.545149999999999579e+00,2.204451587540376067e+00,8.271020000000000039e-01
5.550699999999999967e+00,6.895012395548292261e-01,7.037579999999999947e-01
5.556250000000000355e+00,1.466282848048905407e-01,4.885650000000000270e-01
5.561810000000000365e+00,5.263153304320695725e-01,2.715640000000000276e-01
5.567370000000000374e+00,5.851362180958119552e-02,3.916520000000000001e-01
5.572940000000000005e+00,5.820129979919386187e-02,4.599440000000000195e-01
5.578520000000000145e+00,3.695909884338846041e-01,6.614240000000000119e-01
5.584100000000000286e+00,4.477411440789325070e-01,7.634999999999999565e-01
5.589690000000000047e+00,-1.575764986513092936e-01,6.875160000000000160e-01
5.595279999999999809e+00,-1.682988694028750842e-01,4.793919999999999848e-01
5.600880000000000081e+00,4.966416278621466063e-01,4.549839999999999995e-01
5.606480000000000352e+00,2.514912545766719632e+00,6.960079999999999600e-01
5.612090000000000245e+00,2.769477475754911211e+00,7.139520000000000310e-01
5.617700000000000138e+00,1.458408320246121548e+00,2.870400000000000174e-01
5.623330000000000162e+00,1.181204663916076925e+00,2.763650000000000273e-01
5.628949999999999676e+00,1.041060963200564515e+00,3.857610000000000205e-01
5.634579999999999700e+00,8.021750369688334104e-01,4.470270000000000077e-01
5.640220000000000233e+00,1.153161240907863316e+00,5.023260000000000502e-01
5.645859999999999879e+00,1.915901823576987795e+00,6.117160000000000375e-01
5.651510000000000034e+00,1.807947471316879273e+00,6.576070000000000526e-01
5.657169999999999810e+00,2.306813056668786999e+00,3.741059999999999941e-01
5.662829999999999586e+00,1.474486655738601826e+00,4.495149999999999979e-01
5.668490000000000251e+00,6.548865918217927629e-02,6.671500000000000208e-01
5.674159999999999648e+00,6.924630992995730594e-01,4.123089999999999811e-01
5.679840000000000444e+00,8.729254787109681502e-01,4.168410000000000171e-01
5.685520000000000351e+00,1.128671097849505145e+00,4.708069999999999755e-01
5.691209999999999880e+00,1.510539415503387772e+00,3.678529999999999855e-01
5.696909999999999918e+00,1.423946461458371004e+00,5.391820000000000501e-01
5.702609999999999957e+00,1.549292648192292177e+00,3.162539999999999796e-01
5.708309999999999995e+00,1.636598801734109543e+00,3.842400000000000260e-01
5.714019999999999655e+00,1.509698701769877971e+00,3.214339999999999975e-01
5.719739999999999824e+00,9.337090200448727728e-01,4.471260000000000234e-01
5.725459999999999994e+00,7.807364274961656747e-01,6.910600000000000076e-01
5.731189999999999785e+00,1.402810870455425629e+00,9.801180000000000447e-01
5.736919999999999575e+00,1.306641939014667742e+00,5.869750000000000245e-01
5.742659999999999876e+00,1.263557167050194607e+00,5.717470000000000052e-01
5.748409999999999798e+00,1.158074089947731977e+00,6.531439999999999468e-01
5.754159999999999719e+00,9.038064652084329964e-01,6.510650000000000048e-01
5.759920000000000151e+00,2.246785311978101163e-01,4.471269999999999967e-01
5.765679999999999694e+00,8.823066104148296063e-01,3.976379999999999915e-01
5.771449999999999747e+00,1.837712889640002345e+00,1.301150000000000029e+00
5.777219999999999800e+00,4.897161121767794612e-01,1.681200000000000028e+00
5.783000000000000362e+00,2.461736559745858699e+00,5.973420000000000396e-01
5.788789999999999658e+00,3.214929756817497264e-01,8.707040000000000335e-01
5.794579999999999842e+00,-5.749248150118546619e-02,5.527630000000000043e-01
5.800379999999999647e+00,-4.996020573307404788e-01,4.524949999999999806e-01
5.806180000000000341e+00,1.275884654756112013e-01,3.016750000000000265e-01
5.811989999999999768e+00,1.273953051265834802e-01,2.599049999999999971e-01
5.817809999999999704e+00,2.280380973568583158e-01,5.868400000000000283e-01
5.823629999999999640e+00,-5.322560718633582155e-01,4.290499999999999869e-01
5.829449999999999577e+00,-3.700650332914534602e-01,3.818929999999999825e-01
5.835289999999999644e+00,5.803162306223157429e-01,4.001810000000000089e-01
5.841120000000000090e+00,2.612337628960403890e-01,4.555520000000000125e-01
5.846969999999999779e+00,-2.213176253632553880e-01,4.822659999999999725e-01
5.852820000000000356e+00,-7.518982686266539872e-01,5.271150000000000002e-01
5.858670000000000044e+00,-1.520885653058080322e+00,6.499960000000000182e-01
5.864530000000000243e+00,-1.115968557888926682e+00,7.699160000000000448e-01
5.870400000000000063e+00,4.046742443264861322e-01,3.515460000000000113e-02
5.876280000000000392e+00,-2.520357891629814162e-01,3.289190000000000169e-01
5.882150000000000212e+00,3.374796313320871377e-02,4.100309999999999788e-01
5.888040000000000163e+00,5.617109638742761035e-01,3.464349999999999929e-01
5.893930000000000113e+00,4.390004191359651031e-01,2.846130000000000049e-01
5.899829999999999686e+00,2.260159869962308221e-04,3.017139999999999822e-01
5.905730000000000146e+00,-6.050790983456337813e-01,4.820780000000000065e-01
5.911640000000000228e+00,-4.675201648054354564e-01,3.781189999999999829e-01
5.917550000000000310e+00,-1.450378643235524123e+00,2.468170000000000086e-01
5.923470000000000013e+00,-8.189633717225177634e-01,3.991460000000000008e-01
5.929400000000000226e+00,2.843036780387819817e-02,2.513920000000000043e-01
5.935330000000000439e+00,4.752177786890854350e-02,1.833609999999999962e-01
5.941270000000000273e+00,4.328015692894382482e-01,5.234699999999999909e-01
5.947219999999999729e+00,-1.546254075009443341e-01,6.626090000000000035e-01
5.953170000000000073e+00,4.737606346471494589e-01,5.698830000000000284e-01
5.959120000000000417e+00,9.356650513391286950e-01,3.427020000000000066e-01
5.965080000000000382e+00,1.142178058243459304e+00,2.986309999999999798e-01
5.971049999999999969e+00,1.725304666383536301e+00,4.464250000000000163e-01
5.977030000000000065e+00,1.689249940460655353e+00,2.846040000000000236e-01
5.983010000000000161e+00,1.728734457435450622e+00,3.658359999999999945e-01
5.988990000000000258e+00,2.592663654331602174e+00,4.113370000000000082e-01
5.994979999999999976e+00,1.863327343001373038e+00,3.190310000000000090e-01
6.000980000000000203e+00,1.417130750828775376e+00,1.896970000000000045e-01
6.006990000000000052e+00,1.711279159651127202e+00,1.980840000000000101e-01
6.012999999999999901e+00,2.244593713902844456e+00,3.750990000000000157e-01
6.019009999999999749e+00,2.923779932846940710e+00,3.068409999999999749e-01
6.025030000000000108e+00,2.961527451919835130e+00,1.084910000000000041e-01
6.031060000000000088e+00,2.709241717745001665e+00,2.097519999999999940e-01
6.037099999999999689e+00,2.077928232178408052e+00,2.719010000000000038e-01
6.043140000000000178e+00,2.180608481374150642e+00,2.953129999999999922e-01
6.049179999999999779e+00,2.217088067659602757e+00,2.620350000000000179e-01
6.055229999999999890e+00,2.148256680897986826e+00,3.008199999999999763e-01
6.061289999999999623e+00,1.357319989845365171e+00,3.864349999999999730e-01
6.067359999999999864e+00,9.346837192736785482e-01,4.340370000000000061e-01
6.073430000000000106e+00,1.477694678683576512e-01,3.736169999999999769e-01
6.079500000000000348e+00,8.282921850508273565e-03,3.853940000000000143e-01
6.085589999999999833e+00,-1.737016477112263146e-01,6.318110000000000115e-01
6.091680000000000206e+00,-7.401468626452327726e-01,2.813990000000000102e-01
6.097769999999999690e+00,-2.619469803384930628e-01,1.331869999999999929e-02
6.103869999999999685e+00,-1.633117292735875026e-01,1.781129999999999936e-01
6.109980000000000189e+00,-2.905350734343414842e-01,4.249049999999999772e-01
6.116089999999999804e+00,4.081043459919300176e-01,7.079189999999999650e-01
6.122209999999999930e+00,-9.884028201324497331e-01,8.079560000000000075e-01
6.128339999999999677e+00,1.147496075918468250e-01,7.595950000000000202e-01
6.134470000000000312e+00,3.600827513434410321e-01,5.578349999999999698e-01
6.140600000000000058e+00,1.160024676350701611e-01,4.775659999999999905e-01
6.146749999999999936e+00,1.086485446494691587e+00,8.120290000000000008e-01
6.152899999999999814e+00,2.113567372540202882e+00,5.772680000000000033e-01
6.159049999999999692e+00,3.320454159794735460e+00,5.084260000000000446e-01
6.165219999999999700e+00,4.422623608821950825e+00,6.052699999999999747e-01
6.171380000000000088e+00,5.674224388007800712e+00,1.036319999999999908e+00
6.177559999999999718e+00,5.662320885190595732e+00,9.082919999999999883e-01
6.183740000000000236e+00,6.794647214822589376e+00,7.165920000000000067e-01
6.189930000000000376e+00,8.279796161383373487e+00,4.979919999999999902e-01
6.196119999999999628e+00,8.235387411503012345e+00,6.736170000000000213e-01
6.202320000000000277e+00,1.008761425849533566e+01,7.916539999999999688e-01
6.208520000000000039e+00,1.178319597831703902e+01,1.164930000000000021e+00
6.214739999999999931e+00,1.278661419624194195e+01,4.424560000000000159e-01
6.220950000000000202e+00,1.285251244637510126e+01,2.480940000000000090e-01
6.227179999999999715e+00,1.275436102184316667e+01,2.009070000000000022e-01
6.233410000000000117e+00,1.265839050464524007e+01,1.843279999999999919e-01
6.239639999999999631e+00,1.314360704261086710e+01,4.433509999999999951e-01
6.245890000000000164e+00,1.497319530270829091e+01,5.342999999999999972e-01
6.252139999999999809e+00,1.568468421548692504e+01,2.190900000000000070e-01
6.258390000000000342e+00,1.585617998817514263e+01,2.064870000000000039e-01
6.264649999999999608e+00,1.599877909618997762e+01,7.540689999999999893e-01
6.270920000000000272e+00,1.440028881592978394e+01,9.794220000000000148e-01
6.277190000000000047e+00,1.338612549264121299e+01,9.337440000000000184e-01
6.283470000000000333e+00,1.334108676301819685e+01,8.700149999999999828e-01
6.289760000000000240e+00,1.253628005685156666e+01,6.117679999999999785e-01
6.296050000000000146e+00,1.208822070919455882e+01,6.913049999999999473e-01
6.302349999999999675e+00,9.966707612396135119e+00,8.067309999999999759e-01
6.308659999999999712e+00,9.796148350885033551e+00,4.941960000000000242e-01
6.314969999999999750e+00,1.020035715619665950e+01,4.179669999999999774e-01
6.321290000000000298e+00,9.884834271578426979e+00,4.245539999999999869e-01
6.327609999999999957e+00,9.726993130229843132e+00,1.754310000000000036e-01
6.333940000000000126e+00,9.200534918440567367e+00,4.718570000000000264e-01
6.340279999999999916e+00,7.586667470184991657e+00,4.112460000000000004e-01
6.346630000000000216e+00,5.973898682871393362e+00,5.342959999999999932e-01
6.352970000000000006e+00,5.263844079830022338e+00,3.071940000000000226e-01
6.359329999999999927e+00,5.510598826480489265e+00,2.237169999999999992e-01
6.365689999999999849e+00,5.765978015279202396e+00,2.233199999999999907e-01
6.372060000000000279e+00,5.285885951320281606e+00,4.817930000000000268e-01
6.378440000000000332e+00,4.318130785471282707e+00,8.833630000000000093e-01
6.384820000000000384e+00,5.501621882463851421e+00,6.594079999999999941e-01
6.391210000000000058e+00,3.866465253869279195e+00,5.380810000000000315e-01
6.397599999999999731e+00,2.992669231584002887e+00,3.881589999999999763e-01
6.403999999999999915e+00,3.065241008595620542e+00,4.742350000000000176e-01
6.410409999999999719e+00,2.892488992340290110e+00,7.743120000000000003e-01
6.416820000000000412e+00,1.733919900658307256e+00,6.867370000000000418e-01
6.423239999999999839e+00,2.688342797790070904e+00,7.247339999999999893e-01
6.429669999999999774e+00,1.538366253462200461e+00,5.840919999999999446e-01
6.436099999999999710e+00,3.749952728252452516e-01,5.043570000000000553e-01
6.442540000000000155e+00,-6.404591080382999735e-01,5.725130000000000496e-01
6.448990000000000222e+00,1.120911844161852855e+00,5.505440000000000333e-01
6.455440000000000289e+00,1.118911322374302131e+00,4.605159999999999809e-01
6.461899999999999977e+00,4.102524359975916468e-01,3.890600000000000169e-01
6.468359999999999665e+00,1.093037103167119994e+00,2.942199999999999815e-01
6.474840000000000373e+00,1.120987544223595478e+00,4.158000000000000029e-01
6.481309999999999683e+00,1.573289705235040969e+00,9.401589999999999669e-01
6.487800000000000011e+00,1.505975701296421221e+00,9.795359999999999623e-01
6.494290000000000340e+00,9.754371163540298539e-01,6.182590000000000030e-01
6.500790000000000290e+00,1.434691513250200501e+00,7.153580000000000494e-01
6.507290000000000241e+00,9.347367491864986278e-01,6.226420000000000288e-01
6.513799999999999812e+00,6.613919521178956984e-01,4.814180000000000126e-01
6.520319999999999894e+00,3.256664539668463476e-01,4.810679999999999956e-01
6.526839999999999975e+00,1.217155928440803336e+00,5.558990000000000320e-01
6.533369999999999678e+00,7.489819550830389971e-01,5.951159999999999783e-01
6.539909999999999890e+00,9.758540352074618340e-01,4.323480000000000101e-01
6.546450000000000102e+00,4.158655554792574094e-01,5.510249999999999870e-01
6.552999999999999936e+00,1.002140652567419465e+00,5.138230000000000297e-01
6.559560000000000279e+00,8.332889984722839927e-01,4.856190000000000229e-01
6.566119999999999735e+00,4.840015883750510284e-01,2.265099999999999891e-01
6.572689999999999699e+00,7.132052225075398155e-01,4.474079999999999724e-01
6.579270000000000174e+00,1.016109744855427266e+00,7.661320000000000352e-01
6.585849999999999760e+00,1.635003653778070998e+00,5.567429999999999879e-01
6.592439999999999856e+00,9.966165204093613283e-01,4.285550000000000193e-01
6.599029999999999951e+00,1.721135108094969723e+00,5.439869999999999983e-01
6.605640000000000178e+00,8.591150739204493902e-01,4.837929999999999731e-01
6.612239999999999895e+00,1.188193965631299420e+00,2.356469999999999954e-01
6.618859999999999744e+00,2.334954548283533882e+00,4.991209999999999813e-01
6.625479999999999592e+00,2.966155817329578781e+00,5.559549999999999770e-01
6.632109999999999950e+00,3.052433209853091967e+00,5.659779999999999811e-01
6.638749999999999929e+00,2.014097093578683939e+00,6.577920000000000433e-01
6.645389999999999908e+00,8.051278368479870551e-01,2.979020000000000001e-01
6.652040000000000397e+00,-3.374360249445089721e-01,4.362539999999999751e-01
6.658689999999999998e+00,1.979839255244684182e-01,8.008349999999999635e-01
6.665350000000000108e+00,1.533628337957679832e+00,6.897320000000000118e-01
6.672019999999999840e+00,5.858078632829943899e-01,4.788999999999999924e-01
6.678700000000000081e+00,-4.386677506565206386e-02,3.829609999999999959e-01
6.685380000000000322e+00,-3.326211713067053211e-01,8.387440000000000451e-01
6.692070000000000185e+00,5.185897387721070118e-01,9.382040000000000379e-01
6.698769999999999669e+00,-1.046123141533236378e+00,7.224500000000000366e-01
6.705470000000000041e+00,-1.306388554163099514e+00,3.302300000000000235e-01
6.712180000000000035e+00,-1.079158000966671693e+00,3.963619999999999921e-01
6.718890000000000029e+00,-7.301623963659338301e-01,6.210069999999999757e-01
6.725609999999999644e+00,-4.690509029764982074e-01,8.343500000000000361e-01
6.732339999999999769e+00,-4.281232803660373065e-02,7.290959999999999663e-01
6.739080000000000403e+00,-4.366354045933107386e-01,5.872180000000000177e-01
6.745820000000000149e+00,-9.721555042799110424e-01,5.655550000000000299e-01
6.752570000000000405e+00,-1.198616920749380199e+00,4.189339999999999731e-01
6.759330000000000283e+00,-1.604308203194790394e+00,4.537840000000000207e-01
6.766090000000000160e+00,-1.656568208741482806e+00,5.409370000000000012e-01
6.772859999999999658e+00,-1.603937453183220896e+00,4.406519999999999881e-01
6.779630000000000045e+00,-1.263757193098349774e+00,4.800329999999999875e-01
6.786419999999999675e+00,-5.685112078212313236e-01,3.329670000000000130e-01
6.793210000000000193e+00,-7.686947965069919064e-01,2.986389999999999878e-01
6.799999999999999822e+00,-7.105427357601001859e-15,4.546780000000000266e-01
6.806809999999999583e+00,6.679304376849160008e-02,4.859430000000000138e-01
6.813620000000000232e+00,1.340602902522860518e-01,6.091450000000000475e-01
6.820429999999999993e+00,1.716684368659471716e+00,7.131910000000000194e-01
6.827259999999999884e+00,1.638471487308166274e+00,6.416849999999999499e-01
6.834089999999999776e+00,4.350854807958839388e-01,8.394749999999999712e-01
6.840930000000000177e+00,3.347729869974287453e-01,1.171000000000000041e+00
6.847769999999999690e+00,-4.350453859032512582e-01,1.286710000000000020e+00
6.854619999999999713e+00,-1.920120804932828662e+00,8.933229999999999782e-01
6.861480000000000246e+00,-2.682675767802606970e-01,6.780009999999999648e-01
6.868350000000000399e+00,-6.404001583444483003e-01,6.211750000000000327e-01
6.875219999999999665e+00,-4.826028179623236269e-01,6.618699999999999584e-01
6.882100000000000328e+00,-6.649227054409934112e-01,7.541740000000000110e-01
6.888980000000000103e+00,-7.946463423973924023e-01,5.635219999999999674e-01
6.895870000000000388e+00,-7.607189832822029985e-01,3.796579999999999955e-01
6.902770000000000294e+00,-1.322655695345687832e+00,5.134849999999999692e-01
6.909679999999999822e+00,-1.767371698543556136e+00,5.409270000000000467e-01
6.916590000000000238e+00,-1.634357797722060468e+00,6.082089999999999996e-01
6.923510000000000275e+00,-7.578558364119416524e-01,3.019209999999999949e-01
6.930439999999999934e+00,-6.257814205900444904e-01,4.571520000000000028e-01
6.937369999999999592e+00,-9.729282859386074733e-01,6.288019999999999721e-01
6.944309999999999761e+00,-1.404035967178892008e+00,4.551780000000000270e-01
6.951260000000000439e+00,-1.276420459277602504e+00,3.840999999999999970e-01
6.958219999999999850e+00,-6.140979129900472344e-01,5.777830000000000465e-01
6.965180000000000149e+00,-1.362865643053041254e+00,1.111429999999999918e+00
6.972150000000000070e+00,-2.027460493580619527e+00,6.798499999999999543e-01
6.979119999999999990e+00,-1.463181376276338597e+00,4.119889999999999941e-01
6.986100000000000421e+00,-2.480663907781718081e+00,4.991539999999999866e-01
6.993089999999999584e+00,-2.071724870099060922e+00,7.170349999999999779e-01
7.000989999999999824e+00,-8.308988285024341280e-01,1.486140000000000017e+00
7.008000000000000007e+00,-2.458117147861315743e+00,1.269339999999999913e+00
7.015010000000000190e+00,-4.529529391594664389e-01,1.423189999999999955e+00
7.022029999999999994e+00,8.551607332840447384e-01,6.929380000000000539e-01
7.029049999999999798e+00,4.474199973589492174e-01,7.561430000000000096e-01
7.036080000000000112e+00,2.152892638590181207e+00,1.111339999999999995e+00
7.043120000000000047e+00,2.371260904428680760e+00,1.116009999999999946e+00
7.050169999999999604e+00,1.544068808703684681e-01,9.026410000000000267e-01
7.057220000000000049e+00,1.702244817082956274e-01,8.883600000000000385e-01
7.064289999999999736e+00,-1.033528856576218402e+00,8.830339999999999856e-01
7.071349999999999802e+00,-9.582365194489312898e-01,4.226770000000000249e-01
7.078430000000000000e+00,1.004248073667838526e+00,1.491600000000000037e+00
7.085510000000000197e+00,1.257028693535396258e+00,1.367010000000000058e+00
7.092600000000000016e+00,8.271752820750322144e-01,9.950670000000000348e-01
7.099700000000000344e+00,-5.811310560271749637e-01,8.576740000000000475e-01
7.106799999999999784e+00,-8.898992325744501386e-01,1.191100000000000048e+00
7.113909999999999734e+00,2.520410709097049562e-01,1.575649999999999995e+00
7.121030000000000193e+00,2.543370544857985749e+00,1.270720000000000072e+00
7.128149999999999764e+00,-5.230205144382580329e-01,9.488090000000000135e-01
7.135279999999999845e+00,-7.405616621858897020e-01,4.767569999999999864e-01
7.142420000000000435e+00,-1.324072625255951152e+00,5.289270000000000360e-01
7.149569999999999759e+00,-1.866973298287724958e+00,6.666720000000000423e-01
7.156719999999999970e+00,2.460259166409883846e-01,1.266499999999999959e+00
7.163879999999999804e+00,5.154952116126594319e-01,1.189559999999999951e+00
7.171050000000000146e+00,-1.067185729789400739e+00,7.410719999999999530e-01
7.178219999999999601e+00,-2.061827520513844547e+00,5.474499999999999922e-01
7.185399999999999565e+00,-2.203060434812357471e+00,4.929890000000000105e-01
7.192590000000000039e+00,-1.039905213951030305e+00,8.535859999999999559e-01
7.199790000000000134e+00,-1.882770153862622919e-03,1.005309999999999926e+00
7.206990000000000229e+00,-1.423100295943370952e+00,7.427759999999999918e-01
7.214199999999999946e+00,-1.247071155146869614e+00,7.308369999999999589e-01
7.221420000000000172e+00,-1.160094586180285603e+00,7.681919999999999860e-01
7.228650000000000020e+00,-1.480369816904612890e+00,7.916990000000000416e-01
7.235879999999999868e+00,1.301115255401441573e+00,1.370870000000000033e+00
7.243120000000000225e+00,2.571250485400696562e+00,1.200739999999999919e+00
7.250370000000000203e+00,8.609366719509381483e-01,7.936729999999999619e-01
7.257620000000000182e+00,4.972865113527120684e-01,7.421539999999999804e-01
7.264879999999999782e+00,-4.229106919761136396e-01,6.315549999999999775e-01
7.272149999999999892e+00,1.577445887744787001e+00,1.530200000000000005e+00
7.279429999999999623e+00,2.288457086972194077e+00,1.222080000000000055e+00
7.286710000000000242e+00,-5.279636285802240536e-01,9.979670000000000485e-01
7.293999999999999595e+00,-1.278727662137647769e+00,4.803299999999999792e-01
7.301300000000000345e+00,-2.284434150021482424e+00,6.902040000000000397e-01
7.308600000000000207e+00,-1.713869068774265259e+00,1.663200000000000012e+00
7.315909999999999691e+00,9.751556647460688509e-01,1.772459999999999924e+00
7.323229999999999684e+00,1.473640941645292912e+00,1.209950000000000081e+00
7.330560000000000187e+00,6.835876639187645765e-01,6.630129999999999635e-01
7.337889999999999802e+00,3.190105761447199484e-01,4.120170000000000221e-01
7.345240000000000435e+00,-2.044168946438773560e-01,3.818960000000000132e-01
7.352579999999999671e+00,1.019148174901694404e+00,1.302280000000000104e+00
7.359939999999999927e+00,1.869964731896999410e+00,9.315160000000000107e-01
7.367300000000000182e+00,8.276622119628100904e-01,6.643329999999999513e-01
7.374679999999999680e+00,1.196912765377057042e+00,5.158819999999999517e-01
7.382049999999999557e+00,2.724612959598999851e-01,4.436019999999999963e-01
7.389439999999999564e+00,1.215264848578286205e+00,7.829960000000000253e-01
7.396829999999999572e+00,7.627541708278826604e-01,9.706740000000000368e-01
7.404230000000000089e+00,7.629154573930065908e-01,8.140779999999999683e-01
7.411640000000000228e+00,2.898549716523895370e+00,5.942589999999999817e-01
7.419059999999999988e+00,1.416057967743249435e+00,7.745880000000000543e-01
7.426479999999999748e+00,1.889856949748065063e+00,7.193899999999999739e-01
7.433910000000000018e+00,2.762732286001515547e+00,1.128540000000000099e+00
7.441349999999999909e+00,3.097585024665796993e+00,8.332760000000000167e-01
7.448789999999999800e+00,2.675232360974682422e+00,6.336249999999999938e-01
7.456240000000000201e+00,2.463359508156166555e+00,3.396089999999999942e-01
7.463700000000000223e+00,2.829667543221290771e+00,2.935590000000000144e-01
7.471169999999999867e+00,6.347757554670884872e+00,1.259439999999999893e+00
7.478650000000000020e+00,5.954930642536027108e+00,1.083360000000000101e+00
7.486130000000000173e+00,5.334304729881388596e+00,8.646679999999999922e-01
7.493619999999999948e+00,5.451964387613386975e+00,7.751700000000000257e-01
7.501120000000000232e+00,4.878710745016192618e+00,8.232779999999999543e-01
7.508619999999999628e+00,6.255562137226789332e+00,1.177899999999999947e+00
7.516130000000000422e+00,7.819002770329433361e+00,1.052969999999999962e+00
7.523649999999999949e+00,6.588133803072310002e+00,8.380140000000000366e-01
7.531179999999999986e+00,6.767056405952878606e+00,5.937459999999999960e-01
7.538719999999999644e+00,6.547471761258847778e+00,7.317040000000000211e-01
7.546260000000000190e+00,7.726998856975463070e+00,1.085650000000000004e+00
7.553810000000000358e+00,1.061892133362282209e+01,1.661659999999999915e+00
7.561370000000000147e+00,9.693040403360114965e+00,1.236480000000000024e+00
7.568929999999999936e+00,1.009287542061561993e+01,8.903060000000000418e-01
7.576500000000000234e+00,1.057510970767270209e+01,7.229079999999999950e-01
7.584080000000000155e+00,1.279954450677470845e+01,1.125110000000000054e+00
7.591669999999999696e+00,1.729148107217597641e+01,1.686239999999999961e+00
7.599269999999999747e+00,1.552382067018302081e+01,1.307309999999999972e+00
7.606869999999999798e+00,1.577398323114114476e+01,9.963560000000000194e-01
7.614480000000000359e+00,1.436995159048979787e+01,9.156950000000000367e-01
7.622099999999999653e+00,1.372812704503034809e+01,1.053220000000000045e+00
7.629730000000000345e+00,1.632681090374801869e+01,1.747549999999999937e+00
7.637360000000000149e+00,1.554142352129205307e+01,1.383429999999999938e+00
7.644999999999999574e+00,1.539564737847943121e+01,1.039879999999999916e+00
7.652650000000000396e+00,1.499588381510383783e+01,7.760770000000000168e-01
7.660309999999999953e+00,1.389883418327513454e+01,5.738400000000000167e-01
7.667970000000000397e+00,1.674371923011646857e+01,1.518329999999999957e+00
7.675639999999999574e+00,1.684062111434685960e+01,1.456609999999999960e+00
7.683320000000000149e+00,1.521724121919942263e+01,1.196490000000000054e+00
7.691010000000000346e+00,1.524418094035627291e+01,7.598190000000000222e-01
7.698699999999999655e+00,1.478806138518805824e+01,7.211039999999999672e-01
7.706409999999999982e+00,1.808874465006994825e+01,1.508680000000000021e+00
7.714120000000000310e+00,1.892397163654060677e+01,1.449149999999999938e+00
7.721829999999999750e+00,1.686424400006927016e+01,1.178390000000000049e+00
7.729560000000000208e+00,1.704392343087904038e+01,5.256319999999999881e-01
7.737289999999999779e+00,1.635135128744656896e+01,5.675670000000000437e-01
7.745029999999999859e+00,1.909110912628531054e+01,1.678190000000000071e+00
7.752779999999999561e+00,2.122369843158001856e+01,1.375080000000000080e+00
7.760539999999999772e+00,1.981932070027365000e+01,1.075599999999999890e+00
7.768299999999999983e+00,1.950679773212460333e+01,6.402029999999999665e-01
7.776080000000000325e+00,1.882129052485695553e+01,8.738479999999999581e-01
7.783859999999999779e+00,2.067194124483485496e+01,1.719019999999999992e+00
7.791640000000000121e+00,2.209585159302874757e+01,1.536129999999999995e+00
7.799439999999999706e+00,2.074698227519433402e+01,1.220169999999999977e+00
7.807240000000000180e+00,2.078217580159147815e+01,7.185470000000000468e-01
7.815050000000000274e+00,1.996181329777016344e+01,8.378889999999999949e-01
7.822869999999999990e+00,2.133379635127421636e+01,1.652519999999999989e+00
7.830700000000000216e+00,2.378332656271744838e+01,1.452749999999999986e+00
7.838530000000000442e+00,2.224082625464880891e+01,1.176670000000000105e+00
7.846379999999999910e+00,2.219235567204648163e+01,6.899140000000000272e-01
7.854230000000000267e+00,2.207255790396659734e+01,7.268590000000000328e-01
7.862090000000000245e+00,2.403931388833380822e+01,1.688919999999999977e+00
7.869950000000000223e+00,2.550864612365338502e+01,1.518070000000000030e+00
7.877830000000000332e+00,2.317631463312469009e+01,1.174320000000000030e+00
7.885710000000000441e+00,2.378986280286306965e+01,7.027299999999999658e-01
7.893600000000000172e+00,2.320647148769928236e+01,5.202630000000000310e-01
7.901489999999999903e+00,2.512086332718656223e+01,1.540110000000000090e+00
7.909399999999999764e+00,2.541859819384006158e+01,1.384630000000000027e+00
7.917309999999999626e+00,2.183721970045603200e+01,1.127890000000000059e+00
7.925229999999999997e+00,1.974130865460087847e+01,8.421060000000000212e-01
7.933159999999999989e+00,1.809516681019079698e+01,5.215079999999999716e-01
7.941099999999999604e+00,2.037499593470668202e+01,1.343769999999999909e+00
7.949049999999999727e+00,2.093329780923703964e+01,1.267309999999999937e+00
7.956999999999999851e+00,1.912639524007784075e+01,9.910210000000000408e-01
7.964959999999999596e+00,1.759246902843643312e+01,8.910770000000000080e-01
7.972929999999999851e+00,1.538202098960306330e+01,5.888849999999999918e-01
7.980909999999999727e+00,1.705185295261346567e+01,1.289179999999999993e+00
7.988889999999999603e+00,1.652178776674006855e+01,1.496380000000000043e+00
7.996879999999999988e+00,1.437150626811122578e+01,1.143999999999999906e+00
8.004879999999999995e+00,1.530051032029246727e+01,5.397750000000000048e-01
8.012890000000000512e+00,1.445240180073305680e+01,5.305050000000000043e-01
8.020910000000000650e+00,1.606908260080943762e+01,1.400390000000000024e+00
8.028930000000000788e+00,1.627917557388688152e+01,1.166779999999999928e+00
8.036970000000000169e+00,1.469974072457588221e+01,8.512560000000000127e-01
8.045009999999999550e+00,1.446542185891973276e+01,6.076639999999999819e-01
8.053060000000000329e+00,1.305849996931490864e+01,7.714750000000000218e-01
8.061120000000000729e+00,1.402807701028575593e+01,1.216050000000000075e+00
8.069179999999999353e+00,1.360327578142650395e+01,1.028440000000000021e+00
8.077249999999999375e+00,1.216537737361424121e+01,6.866400000000000281e-01
8.085330000000000794e+00,1.017348377677213023e+01,5.576100000000000501e-01
8.093420000000000059e+00,9.319096995072911227e+00,1.008729999999999905e+00
8.101520000000000721e+00,1.215831904698269739e+01,1.136230000000000073e+00
8.109629999999999228e+00,1.037005196530464701e+01,7.494509999999999783e-01
8.117739999999999512e+00,9.461618408973400562e+00,6.691270000000000273e-01
8.125859999999999417e+00,8.653899737870574427e+00,6.949410000000000309e-01
8.133990000000000720e+00,8.833698020741408641e+00,8.549430000000000085e-01
8.142129999999999868e+00,9.704615340808835811e+00,1.038599999999999968e+00
8.150280000000000413e+00,8.770553795817697562e+00,9.047300000000000342e-01
8.158429999999999183e+00,8.797835860594744872e+00,8.115919999999999801e-01
8.166589999999999350e+00,6.293643185111569949e+00,1.075970000000000093e+00
8.174759999999999138e+00,6.653577903495488499e+00,1.267910000000000093e+00
8.182940000000000325e+00,9.348342164536887822e+00,1.065479999999999983e+00
8.191129999999999356e+00,7.947438131733584044e+00,9.070820000000000549e-01
8.199329999999999785e+00,7.696567983335107499e+00,4.914649999999999852e-01
8.207530000000000214e+00,6.426753894533007383e+00,2.695310000000000206e-01
8.215740000000000265e+00,7.493077946779472143e+00,8.347860000000000280e-01
8.223959999999999937e+00,7.244442355255721111e+00,1.027449999999999974e+00
8.232189999999999230e+00,6.041749350036894839e+00,1.017269999999999897e+00
8.240429999999999922e+00,5.591401176136528761e+00,7.628719999999999946e-01
8.248670000000000613e+00,4.630119689943150263e+00,6.132790000000000186e-01
8.256919999999999149e+00,6.706387400552436873e+00,1.024639999999999995e+00
8.265180000000000859e+00,6.645206590355108744e+00,8.665359999999999729e-01
8.273450000000000415e+00,5.888579556823053451e+00,6.293720000000000425e-01
8.281729999999999592e+00,5.231008612554198578e+00,3.937100000000000044e-01
8.290020000000000167e+00,5.761296085317326288e+00,5.283849999999999936e-01
8.298310000000000741e+00,6.345463367647646180e+00,7.734830000000000316e-01
8.306609999999999161e+00,5.597593567878824672e+00,6.771559999999999802e-01
8.314920000000000755e+00,5.711789051712059972e+00,5.616440000000000321e-01
8.323240000000000194e+00,4.306652200163071598e+00,3.565050000000000163e-01
8.331569999999999254e+00,6.158185409607213501e+00,8.400250000000000217e-01
8.339909999999999712e+00,7.031491091824513262e+00,7.701339999999999852e-01
8.348250000000000171e+00,6.593390083634361076e+00,6.891190000000000371e-01
8.356600000000000250e+00,5.755966186447139421e+00,5.142609999999999681e-01
8.364959999999999951e+00,4.399521850533915313e+00,5.735170000000000545e-01
8.373329999999999274e+00,6.074159541714990951e+00,9.879200000000000204e-01
8.381709999999999994e+00,5.408381741405264620e+00,8.350199999999999845e-01
8.390100000000000335e+00,5.359990946659515032e+00,6.873690000000000078e-01
8.398490000000000677e+00,3.866607345103105331e+00,8.443819999999999659e-01
8.406890000000000640e+00,3.757915526689636465e+00,7.742560000000000553e-01
8.415300000000000225e+00,6.227318027526976607e+00,8.311049999999999827e-01
8.423719999999999430e+00,6.418217399508328924e+00,7.761649999999999938e-01
8.432150000000000034e+00,6.103816210357848604e+00,7.049229999999999663e-01
8.440590000000000259e+00,5.382617043676290791e+00,4.341389999999999971e-01
8.449030000000000484e+00,7.190039342790967680e+00,4.909669999999999868e-01
8.457489999999999952e+00,7.144051887452953054e+00,7.614600000000000257e-01
8.465949999999999420e+00,6.466590843294433455e+00,7.788629999999999720e-01
8.474420000000000286e+00,5.756642005762266479e+00,7.620000000000000107e-01
8.482900000000000773e+00,4.855808030176390844e+00,7.146689999999999987e-01
8.491379999999999484e+00,7.532407664323606866e+00,1.254890000000000061e+00
8.499879999999999214e+00,8.126111281254388530e+00,9.592859999999999721e-01
8.508380000000000720e+00,7.818953570220259053e+00,5.491369999999999862e-01
8.516899999999999693e+00,7.579105583686448711e+00,4.525129999999999986e-01
8.525420000000000442e+00,9.511001385219842064e+00,8.005250000000000421e-01
8.533950000000000813e+00,1.093582796895917397e+01,8.072089999999999543e-01
8.542479999999999407e+00,1.046110315955103687e+01,7.767990000000000173e-01
8.551030000000000797e+00,9.884399427185833531e+00,7.160149999999999570e-01
8.559590000000000032e+00,8.783434805084382901e+00,8.472070000000000434e-01
8.568149999999999267e+00,1.118692662312517427e+01,9.246619999999999839e-01
8.576719999999999899e+00,1.021056281362336193e+01,7.566140000000000088e-01
8.585300000000000153e+00,1.177514621095308911e+01,6.639420000000000321e-01
8.593890000000000029e+00,1.107337966608351110e+01,6.368080000000000407e-01
8.602489999999999526e+00,1.180736604662529743e+01,7.610759999999999748e-01
8.611100000000000421e+00,1.191260823687716197e+01,7.500360000000000360e-01
8.619709999999999539e+00,1.161742249308847619e+01,6.415469999999999784e-01
8.628339999999999677e+00,1.072058481830261201e+01,6.840840000000000254e-01
8.636969999999999814e+00,9.789824647633430743e+00,6.901690000000000325e-01
8.645609999999999573e+00,1.119173156856858498e+01,8.823910000000000364e-01
8.654260000000000730e+00,1.132170854069594412e+01,9.808540000000000036e-01
8.662919999999999732e+00,1.426745854053424267e+01,9.633369999999999989e-01
8.671590000000000131e+00,1.404718456157999640e+01,5.498739999999999739e-01
8.680260000000000531e+00,1.535560147910424433e+01,8.666409999999999947e-01
8.688950000000000173e+00,1.527348836642492103e+01,1.006909999999999972e+00
8.697639999999999816e+00,1.323797176725923208e+01,8.939219999999999944e-01
8.706340000000000856e+00,1.159884286974261158e+01,7.716349999999999598e-01
8.715049999999999741e+00,1.097820474393545709e+01,7.844759999999999511e-01
8.723770000000000024e+00,1.278506047712058091e+01,9.980179999999999607e-01
8.732499999999999929e+00,1.170541317385021785e+01,8.867429999999999479e-01
8.741239999999999455e+00,1.057786595599339563e+01,6.686980000000000146e-01
8.749980000000000757e+00,9.228931947310570649e+00,7.481510000000000105e-01
8.758739999999999526e+00,9.682694086733839356e+00,8.244359999999999467e-01
8.767500000000000071e+00,9.166275262931371515e+00,7.520010000000000305e-01
8.776270000000000238e+00,7.416168673785101362e+00,5.465200000000000058e-01
8.785050000000000026e+00,6.495577519220077534e+00,4.234510000000000218e-01
8.793839999999999435e+00,6.283005016724693803e+00,6.961610000000000298e-01
8.802640000000000242e+00,7.830454401398121433e+00,8.566219999999999946e-01
8.811450000000000671e+00,5.819928925998070213e+00,7.531529999999999614e-01
8.820259999999999323e+00,5.043639772490898565e+00,4.851909999999999834e-01
8.829090000000000771e+00,4.274974133017906297e+00,3.499470000000000081e-01
8.837920000000000442e+00,4.755550857585483016e+00,5.127110000000000278e-01
8.846769999999999357e+00,4.104458265627684455e+00,5.638239999999999919e-01
8.855620000000000047e+00,3.623814138671072271e+00,4.917670000000000097e-01
8.864480000000000359e+00,3.422614464406620982e+00,4.745849999999999791e-01
8.873350000000000293e+00,2.868562611023655506e+00,5.212109999999999799e-01
8.882220000000000226e+00,3.081867900624608581e+00,4.471559999999999979e-01
8.891109999999999403e+00,2.880021570799677022e+00,3.814890000000000225e-01
8.900009999999999977e+00,1.558633271443049750e+00,4.380830000000000002e-01
8.908910000000000551e+00,4.948114852029519284e-01,4.358400000000000052e-01
8.917820000000000746e+00,7.746540200654976616e-01,4.157080000000000219e-01
8.926750000000000185e+00,5.938599125230155096e-01,4.486479999999999912e-01
8.935679999999999623e+00,1.584341820176121018e+00,4.852569999999999939e-01
8.944620000000000459e+00,1.052298508779188069e+00,4.014099999999999890e-01
8.953569999999999141e+00,1.344433500515698654e+00,4.291820000000000079e-01
8.962519999999999598e+00,6.907535052023945354e-01,3.606460000000000221e-01
8.971489999999999299e+00,7.938554198827318942e-01,4.019409999999999927e-01
8.980470000000000397e+00,4.357463115607487225e-01,5.482550000000000479e-01
8.989449999999999719e+00,2.035831965524423026e+00,4.747279999999999833e-01
8.998450000000000060e+00,1.510911284610429561e+00,4.484199999999999853e-01
9.007450000000000401e+00,9.213919409851811793e-01,4.027689999999999881e-01
9.016460000000000363e+00,5.203753874812022673e-01,3.352310000000000012e-01
9.025479999999999947e+00,4.687652848598631294e-01,4.585049999999999959e-01
9.034509999999999152e+00,5.761653126314172368e-01,5.189629999999999521e-01
9.043549999999999756e+00,4.037791691039060993e-01,4.016120000000000245e-01
9.052599999999999980e+00,3.383105714319967205e-01,3.633009999999999851e-01
9.061659999999999826e+00,-6.017367443339480815e-01,4.218009999999999815e-01
9.070719999999999672e+00,2.632400497318982957e-01,4.290180000000000105e-01
9.079800000000000537e+00,6.193462187679230624e-01,3.553499999999999992e-01
9.088879999999999626e+00,2.867833323176611771e-01,4.598169999999999757e-01
9.097979999999999734e+00,-8.648418552153529504e-01,5.660800000000000276e-01
9.107079999999999842e+00,-2.727292007806951801e-01,3.084439999999999960e-01
9.116189999999999571e+00,-4.442732081341063122e-01,2.758090000000000264e-01
9.125310000000000699e+00,-6.281700178559717074e-01,2.702470000000000150e-01
9.134439999999999671e+00,-8.351575127685606503e-02,4.610659999999999759e-01
9.143580000000000041e+00,-1.184065104280023206e-01,4.342030000000000056e-01
9.152730000000000032e+00,2.846145957427381745e-02,4.047029999999999794e-01
9.161880000000000024e+00,-3.087255093420111507e-01,3.701849999999999863e-01
9.171049999999999258e+00,-7.747892390837236576e-01,4.216050000000000075e-01
9.180229999999999890e+00,-1.313667218239856993e+00,4.168270000000000031e-01
9.189410000000000522e+00,-2.749838150900529854e-02,4.196529999999999982e-01
9.198610000000000397e+00,-5.129054957956356020e-01,3.525570000000000093e-01
9.207810000000000272e+00,-1.288336162873733315e-01,3.932350000000000012e-01
9.217019999999999769e+00,-5.946111676485799080e-01,5.255079999999999751e-01
9.226240000000000663e+00,1.570276660171288086e-01,3.513459999999999916e-01
9.235469999999999402e+00,-5.337515246524304757e-01,3.785629999999999828e-01
9.244709999999999539e+00,-8.218337489034865939e-02,5.026059999999999972e-01
9.253959999999999297e+00,-3.602027464139396784e-01,3.819440000000000057e-01
9.263220000000000454e+00,-1.187544728038510300e+00,3.683649999999999980e-01
9.272489999999999455e+00,-1.881944636291919437e+00,3.612929999999999753e-01
9.281769999999999854e+00,-1.001238016029638800e+00,7.226960000000000051e-01
9.291050000000000253e+00,-2.378766451553495642e+00,1.105560000000000098e+00
9.300349999999999895e+00,2.604458780267790985e-01,5.863559999999999883e-01
9.309649999999999537e+00,2.095513983034962280e-01,3.936609999999999832e-01
9.318970000000000198e+00,-5.598753430130685160e-01,3.582679999999999754e-01
9.328290000000000859e+00,-5.755814151649403243e-01,2.651689999999999880e-01
9.337619999999999365e+00,-5.322982633485366932e-01,2.418279999999999874e-01
9.346970000000000667e+00,-5.767589190601185578e-01,2.451049999999999895e-01
9.356320000000000192e+00,-1.587309117233530742e+00,2.524259999999999837e-01
9.365679999999999339e+00,-1.556881958822714296e+00,2.044749999999999901e-01
9.375049999999999883e+00,-1.621715187205168718e+00,2.222750000000000004e-01
9.384430000000000049e+00,-1.281446780398027840e+00,1.877070000000000127e-01
9.393819999999999837e+00,-6.249149516804166637e-01,2.394249999999999989e-01
9.403219999999999246e+00,-4.730581502166444352e-01,3.765879999999999783e-01
9.412630000000000052e+00,-7.172150616800294642e-01,5.047099999999999920e-01
9.422040000000000859e+00,-1.330624026880421695e+00,5.504750000000000476e-01
9.431469999999999132e+00,-1.080724616954711337e+00,4.892079999999999762e-01
9.440910000000000579e+00,5.697436379671145801e-01,4.568389999999999951e-01
9.450350000000000250e+00,9.073440622706243630e-01,4.800449999999999995e-01
9.459809999999999164e+00,-2.746827146670938191e-02,4.359549999999999814e-01
9.469269999999999854e+00,-7.834266017939555127e-01,3.456640000000000268e-01
9.478740000000000165e+00,-9.489741274479541744e-01,3.318439999999999723e-01
9.488229999999999720e+00,-2.476580271724486693e-01,5.058209999999999651e-01
9.497719999999999274e+00,-2.100665423033376555e-02,4.210670000000000246e-01
9.507220000000000226e+00,4.603978565580746363e-02,2.900920000000000165e-01
9.516740000000000421e+00,-1.554086960564902142e-01,2.542769999999999753e-01
9.526260000000000616e+00,2.881382975210300401e-02,3.266120000000000134e-01
9.535790000000000433e+00,2.627463896980870572e-01,2.532829999999999804e-01
9.545329999999999870e+00,-2.080628833562556679e-01,3.092480000000000229e-01
9.554880000000000706e+00,-9.812655389718543120e-01,4.066690000000000027e-01
9.564439999999999387e+00,-2.890128082926182174e-01,3.262990000000000057e-01
9.574009999999999465e+00,-6.466556032042873881e-01,2.293010000000000048e-01
9.583589999999999165e+00,-1.327344515492306698e+00,3.339340000000000086e-01
9.593170000000000641e+00,-2.899613905043878503e+00,5.481120000000000436e-01
9.602769999999999584e+00,-1.175945016723368042e+00,4.719320000000000181e-01
9.612379999999999924e+00,-8.202721457533925786e-01,2.984430000000000138e-01
9.621999999999999886e+00,-1.215844595249684801e+00,3.754680000000000240e-01
9.631619999999999848e+00,-1.440993651590062541e+00,5.527849999999999708e-01
9.641260000000000829e+00,-7.209030426950562287e-01,4.141119999999999801e-01
9.650909999999999656e+00,2.091962313866773115e-01,3.740629999999999789e-01
9.660560000000000258e+00,9.455746304104550859e-01,2.825259999999999994e-01
9.670230000000000103e+00,-1.898522930459591862e-01,3.161140000000000061e-01
9.679899999999999949e+00,-4.610949249480995604e-01,2.003850000000000076e-01
9.689590000000000813e+00,-8.367376432110589235e-01,2.963259999999999783e-01
9.699279999999999902e+00,6.503101938722508635e-01,5.460530000000000106e-01
9.708990000000000009e+00,1.275564720262650553e+00,3.986890000000000156e-01
9.718700000000000117e+00,2.000617168427908155e+00,4.298460000000000059e-01
9.728419999999999845e+00,8.349029627759847472e-01,3.452009999999999801e-01
9.738160000000000593e+00,-4.638415134994460232e-01,4.029969999999999941e-01
9.747899999999999565e+00,-3.283249668024339485e-01,3.972829999999999973e-01
9.757649999999999935e+00,9.338941492411123591e-02,4.801750000000000185e-01
9.767419999999999547e+00,-6.072599244418128706e-01,4.752290000000000125e-01
9.777189999999999159e+00,-1.519682628241405098e+00,5.336790000000000145e-01
9.786970000000000169e+00,-1.845439986927225107e+00,3.870109999999999939e-01
9.796760000000000801e+00,-1.185775507335897316e+00,3.069439999999999946e-01
9.806559999999999278e+00,-9.732357285471948671e-03,2.896869999999999723e-01
9.816369999999999152e+00,6.212466352869938646e-01,3.605329999999999924e-01
9.826200000000000045e+00,3.101055874337177443e-01,5.173400000000000221e-01
9.836029999999999163e+00,5.732995207023350304e-02,3.595019999999999882e-01
9.845869999999999678e+00,-3.653621901283798934e-02,3.480159999999999920e-01
9.855719999999999814e+00,-7.924384339461028048e-01,3.514849999999999919e-01
9.865579999999999572e+00,-5.471874735398927214e-01,2.543210000000000193e-01
9.875450000000000728e+00,-3.660474136290190472e-01,2.273199999999999943e-01
9.885329999999999728e+00,2.003157334859011485e-01,3.176800000000000179e-01
9.895220000000000127e+00,3.336355418971166387e-01,4.298440000000000039e-01
9.905120000000000147e+00,8.385451710362303857e-01,3.417390000000000150e-01
9.915029999999999788e+00,-6.902263538010089405e-02,4.320160000000000111e-01
9.924950000000000827e+00,-2.763355504056406176e-01,4.993500000000000161e-01
9.934879999999999711e+00,-2.179616649212121615e-01,4.033570000000000211e-01
9.944819999999999993e+00,-3.967694886921506736e-01,2.370339999999999947e-01
9.954769999999999897e+00,-5.002279514271279481e-01,2.302250000000000130e-01
9.964729999999999421e+00,-3.204064038378220403e-01,2.755259999999999931e-01
9.974700000000000344e+00,-1.226274618699669361e+00,4.458909999999999818e-01
9.984680000000000888e+00,-1.056602791913881845e+00,3.857410000000000005e-01
9.994669999999999277e+00,-2.096615435702844366e-01,3.158239999999999936e-01
1.000469999999999970e+01,-6.831382165436679088e-01,3.668680000000000274e-01
1.001469999999999949e+01,-8.455666613663623821e-01,3.972970000000000113e-01
1.002469999999999928e+01,1.106614472860201204e-02,3.318200000000000038e-01
1.003470000000000084e+01,-4.322108740457650811e-01,3.482799999999999785e-01
1.004480000000000040e+01,-8.180355367040661463e-01,3.835069999999999868e-01
1.005480000000000018e+01,-2.054950311275341335e+00,6.958429999999999893e-01
1.006489999999999974e+01,-1.871566119698464092e+00,5.065950000000000175e-01
1.007489999999999952e+01,-1.771005803353681074e+00,3.315790000000000126e-01
1.008500000000000085e+01,-6.465027823615372427e-01,5.172539999999999916e-01
1.009510000000000041e+01,5.907469846871080676e-01,4.787179999999999769e-01
1.010519999999999996e+01,2.706702683378665597e-01,4.497599999999999931e-01
1.011529999999999951e+01,-2.837061608637156951e-01,4.580919999999999992e-01
1.012540000000000084e+01,-8.651555323720145907e-01,4.234620000000000051e-01
1.013560000000000016e+01,-7.093881903123673283e-01,4.329569999999999808e-01
1.014569999999999972e+01,-9.907145840891971034e-01,4.366550000000000153e-01
1.015590000000000082e+01,2.992048039586023833e-01,3.895150000000000001e-01
1.016600000000000037e+01,4.586055627404945767e-01,3.833579999999999766e-01
1.017619999999999969e+01,3.305782426415291297e-01,3.827610000000000179e-01
1.018640000000000079e+01,-2.155917200707975212e-01,3.680660000000000043e-01
1.019660000000000011e+01,-3.203797515902877535e-01,3.068469999999999809e-01
1.020679999999999943e+01,-2.327612781107077922e-01,2.736600000000000144e-01
1.021700000000000053e+01,9.904882741741900531e-01,2.545439999999999925e-01
1.022719999999999985e+01,8.342934790705953674e-01,3.561790000000000234e-01
1.023739999999999917e+01,2.400789103847529304e-01,5.647199999999999998e-01
1.024770000000000003e+01,1.203464316711581716e+00,3.925089999999999968e-01
1.025789999999999935e+01,1.050264229056359966e+00,2.353550000000000086e-01
1.026820000000000022e+01,1.103072194653215377e+00,2.977879999999999971e-01
1.027849999999999930e+01,1.509615372281928103e+00,4.711850000000000205e-01
1.028880000000000017e+01,1.498816095511024571e+00,4.122020000000000128e-01
1.029909999999999926e+01,2.156196697908988824e+00,4.351249999999999840e-01
1.030940000000000012e+01,1.479979513044320072e+00,4.773370000000000113e-01
1.031969999999999921e+01,1.723386874485484554e+00,3.553379999999999872e-01
1.033000000000000007e+01,1.129041115801015849e+00,3.943320000000000158e-01
1.034029999999999916e+01,1.532645705593793650e-01,4.444859999999999922e-01
1.035069999999999979e+01,3.241925758189267981e-03,2.696339999999999848e-01
1.036100000000000065e+01,1.684582654674557034e+00,5.142569999999999641e-01
1.037139999999999951e+01,2.041476007208267163e+00,4.980809999999999960e-01
1.038180000000000014e+01,8.517789011181591263e-01,4.623090000000000255e-01
1.039220000000000077e+01,2.841106012164829053e-01,2.776210000000000067e-01
1.040259999999999962e+01,1.099690372315471620e+00,3.523490000000000233e-01
1.041300000000000026e+01,2.319037479227397114e+00,3.340310000000000223e-01
1.042340000000000089e+01,2.123571186764515062e+00,4.598960000000000270e-01
1.043379999999999974e+01,1.128910759739078173e+00,5.025870000000000060e-01
1.044430000000000014e+01,-2.455605121836015314e-01,3.575769999999999782e-01
1.045470000000000077e+01,-4.825677158122303467e-01,3.065180000000000127e-01
1.046519999999999939e+01,5.616223148546879429e-01,3.073690000000000033e-01
1.047560000000000002e+01,9.836499920067822700e-01,3.231709999999999861e-01
1.048610000000000042e+01,8.408876139682135431e-01,3.408780000000000143e-01
1.049660000000000082e+01,7.862549142419794634e-02,4.166130000000000111e-01
1.050709999999999944e+01,4.118636270425213297e-02,3.459559999999999858e-01
1.051759999999999984e+01,1.936929661378954393e-01,3.391259999999999830e-01
1.052810000000000024e+01,4.635680400546249302e-01,3.759149999999999991e-01
1.053870000000000040e+01,6.164924135920628601e-01,4.884839999999999738e-01
1.054920000000000080e+01,2.415666996613765605e-01,4.136389999999999789e-01
1.055979999999999919e+01,7.682261724235246447e-01,3.544160000000000088e-01
1.057029999999999959e+01,2.214995310842077458e+00,3.302320000000000255e-01
1.058089999999999975e+01,2.159590243408445076e+00,3.023609999999999909e-01
1.059149999999999991e+01,1.842289916481021805e+00,3.127889999999999837e-01
1.060210000000000008e+01,2.107206087029354080e-01,5.752800000000000136e-01
1.061270000000000024e+01,-1.825914012826643784e-01,4.646410000000000262e-01
1.062330000000000041e+01,5.133801651673479682e-01,3.690470000000000139e-01
1.063400000000000034e+01,1.280208572555146418e+00,3.265910000000000202e-01
1.064460000000000051e+01,8.863308435482437631e-01,5.523719999999999741e-01
1.065520000000000067e+01,8.112989716174467958e-03,4.851520000000000277e-01
1.066590000000000060e+01,1.177150665136800001e+00,4.466660000000000075e-01
1.067660000000000053e+01,1.219531559787121466e+00,6.172760000000000469e-01
1.068730000000000047e+01,-7.743093465152810495e-01,4.217330000000000245e-01
1.069790000000000063e+01,-5.985123595672519059e-01,2.918930000000000136e-01
1.070870000000000033e+01,4.920833572920528809e-01,3.485770000000000257e-01
1.071940000000000026e+01,1.017886927036926181e+00,4.781650000000000067e-01
1.073010000000000019e+01,1.420408615099361782e+00,5.082889999999999908e-01
1.074080000000000013e+01,6.008834012969330729e-01,6.053979999999999917e-01
1.075159999999999982e+01,-1.613869759445005769e+00,5.671030000000000237e-01
1.076229999999999976e+01,-3.391839287034486006e-01,8.023940000000000516e-01
1.077309999999999945e+01,5.616425076478819278e-01,7.128409999999999469e-01
1.078389999999999915e+01,1.634958714232574550e+00,4.501339999999999786e-01
1.079470000000000063e+01,-1.146021692179743923e-01,4.117609999999999881e-01
1.080550000000000033e+01,3.632929970276066456e-01,3.887869999999999937e-01
1.081630000000000003e+01,8.036773527006957352e-01,2.728030000000000177e-01
1.082709999999999972e+01,7.953840375326919343e-01,4.105240000000000000e-01
1.083789999999999942e+01,1.013646191254977680e+00,4.060909999999999798e-01
1.084880000000000067e+01,6.161577878753519144e-01,4.038880000000000248e-01
1.085960000000000036e+01,1.041246319860675840e-01,5.284790000000000321e-01
1.087049999999999983e+01,-2.069054339612890203e-01,6.927370000000000472e-01
1.088139999999999930e+01,8.523802100891941791e-02,9.360060000000000047e-01
1.089230000000000054e+01,-1.983713737851243053e+00,1.460259999999999891e+00
1.090320000000000000e+01,4.071043923367767547e-03,9.196159999999999890e-01
1.091409999999999947e+01,-2.582359850887279151e-01,7.568479999999999652e-01
1.092500000000000071e+01,-1.215943699072177253e-01,8.262659999999999449e-01
1.093590000000000018e+01,1.328343160302850379e+00,9.858209999999999473e-01
1.094689999999999941e+01,-9.093796574600041538e-01,6.252410000000000467e-01
1.095780000000000065e+01,-7.471477543142768241e-02,4.667100000000000137e-01
1.096879999999999988e+01,1.339072534434905037e+00,4.041589999999999905e-01
1.097969999999999935e+01,1.649255590310090724e+00,3.865569999999999840e-01
1.099070000000000036e+01,3.411245600494552832e+00,3.969269999999999743e-01
1.100169999999999959e+01,3.140206882201056260e+00,3.788250000000000228e-01
1.101270000000000060e+01,3.201288019269316720e+00,2.098760000000000070e-01
1.102369999999999983e+01,5.096037595539037568e+00,4.431220000000000159e-01
1.103480000000000061e+01,6.625762283814871978e+00,5.077970000000000539e-01
1.104579999999999984e+01,7.394291672912409297e+00,8.086769999999999792e-01
1.105690000000000062e+01,5.651688571280661932e+00,8.844450000000000367e-01
1.106789999999999985e+01,4.063493879265084985e+00,9.236140000000000461e-01
1.107900000000000063e+01,4.782860876567209374e+00,8.894940000000000069e-01
1.109009999999999962e+01,4.774586607243708869e+00,5.880319999999999991e-01
1.110120000000000040e+01,3.763320992230202222e+00,7.145200000000000440e-01
1.111229999999999940e+01,3.742313952462268389e+00,9.838069999999999871e-01
1.112340000000000018e+01,3.837715408875517653e+00,7.689369999999999816e-01
1.113449999999999918e+01,6.855975282405527338e+00,8.401699999999999724e-01
1.114569999999999972e+01,7.736793401505700274e+00,2.726439999999999975e-01
1.115680000000000049e+01,6.659521524727608721e+00,6.095629999999999660e-01
1.116799999999999926e+01,5.690311961154872478e+00,6.798030000000000461e-01
1.117919999999999980e+01,7.235566085611356613e+00,7.747270000000000545e-01
1.119040000000000035e+01,8.491735180438706010e+00,8.550189999999999735e-01
1.120149999999999935e+01,1.138470772704382128e+01,9.959130000000000482e-01
1.121279999999999966e+01,1.563722341057268395e+01,6.880079999999999529e-01
1.122400000000000020e+01,1.494044511056262436e+01,6.134920000000000373e-01
1.123520000000000074e+01,1.574518691029005879e+01,4.855430000000000024e-01
1.124639999999999951e+01,1.553930009209665997e+01,6.521169999999999467e-01
1.125769999999999982e+01,1.517902314619839643e+01,7.896710000000000118e-01
1.126900000000000013e+01,1.646583270164379798e+01,5.391129999999999534e-01
1.128020000000000067e+01,1.679548114031197770e+01,5.871920000000000472e-01
1.129149999999999920e+01,1.555901446487724371e+01,8.724549999999999805e-01
1.130279999999999951e+01,1.522149182952593094e+01,9.964420000000000499e-01
1.131409999999999982e+01,1.359786590253493088e+01,1.111169999999999991e+00
1.132540000000000013e+01,1.388828935218115745e+01,1.170600000000000085e+00
1.133680000000000021e+01,1.146995598603945510e+01,9.773140000000000160e-01
1.134810000000000052e+01,9.723545762643688306e+00,7.674520000000000231e-01
1.135950000000000060e+01,9.061404220786851482e+00,9.170859999999999568e-01
1.137079999999999913e+01,6.440172865945175573e+00,7.803170000000000384e-01
1.138219999999999921e+01,6.021337570868368516e+00,5.327659999999999618e-01
1.139359999999999928e+01,6.270691580536702503e+00,4.764760000000000106e-01
1.140499999999999936e+01,5.658288973910515551e+00,5.701089999999999769e-01
1.141639999999999944e+01,4.412283829950141012e+00,5.727590000000000181e-01
1.142779999999999951e+01,2.966730227615911986e+00,4.267020000000000257e-01
1.143929999999999936e+01,3.096027243204538593e+00,7.208390000000000075e-01
1.145069999999999943e+01,2.311752881847599639e+00,7.762780000000000236e-01
1.146219999999999928e+01,2.921666215148583490e+00,1.054140000000000077e+00
1.147359999999999935e+01,3.150089312278876008e+00,1.096130000000000049e+00
1.148509999999999920e+01,7.110390949908449443e-01,8.298179999999999445e-01
1.149660000000000082e+01,8.283976361215508177e-01,8.322889999999999455e-01
1.150810000000000066e+01,1.034420450281956505e+00,6.464699999999999891e-01
1.151960000000000051e+01,3.264630520830351657e-01,4.599710000000000187e-01
1.153110000000000035e+01,1.258809561357665530e-01,5.055420000000000469e-01
1.154269999999999996e+01,1.172518300580893680e+00,7.072359999999999758e-01
1.155419999999999980e+01,6.423717384493912164e-01,8.809940000000000548e-01
1.156579999999999941e+01,-9.829064514486560711e-01,9.287710000000000132e-01
1.157740000000000080e+01,-3.231447917195179542e+00,9.337889999999999802e-01
1.158890000000000065e+01,-4.273661269066106883e+00,8.508210000000000495e-01
1.160050000000000026e+01,-2.259578868072924962e+00,9.974619999999999598e-01
1.161209999999999987e+01,-6.838930775240470439e-02,8.352990000000000137e-01
1.162379999999999924e+01,-8.265070297096634988e-01,6.856020000000000447e-01
1.163540000000000063e+01,-1.084810242981241402e+00,7.805010000000000003e-01
1.164700000000000024e+01,2.214651205856412730e-01,8.479579999999999895e-01
1.165869999999999962e+01,-1.461027762783253081e+00,6.432050000000000267e-01
1.167040000000000077e+01,-1.707480995754810493e+00,7.041650000000000409e-01
1.168200000000000038e+01,-8.175801441222283472e-01,1.120999999999999996e+00
1.169369999999999976e+01,-1.109103354090883897e+00,1.411159999999999970e+00
1.170539999999999914e+01,-2.500812028265066544e+00,1.378649999999999931e+00
1.171710000000000029e+01,-2.022647704954891879e+00,1.114540000000000086e+00
1.172889999999999944e+01,-9.684062455063369157e-01,1.008569999999999967e+00
1.174060000000000059e+01,-1.805493880606075408e+00,1.021900000000000031e+00
1.175229999999999997e+01,-7.082326334792021783e-01,1.179939999999999989e+00
1.176409999999999911e+01,-2.796366432274624003e-01,1.050210000000000088e+00
1.177590000000000003e+01,-2.098918274810419149e+00,9.760510000000000019e-01
1.178759999999999941e+01,3.004977224316718321e-01,1.818940000000000001e+00
1.179940000000000033e+01,-5.488656371849032212e-03,1.516250000000000098e+00
1.181119999999999948e+01,-8.660756911136893166e-01,1.208569999999999922e+00
1.182310000000000016e+01,-3.612038153228880333e-02,1.023169999999999913e+00
1.183489999999999931e+01,-1.937191384118850834e+00,1.077059999999999906e+00
1.184670000000000023e+01,-2.093706267958417300e+00,1.175119999999999942e+00
1.185859999999999914e+01,1.530270259409945766e+00,4.800820000000000087e-01
1.187040000000000006e+01,3.228901775464017021e-01,8.816079999999999472e-01
1.188230000000000075e+01,-9.132908954696006276e-02,9.061339999999999950e-01
1.189419999999999966e+01,-4.063574878664262258e-01,8.736549999999999594e-01
1.190610000000000035e+01,-1.888707909528726248e-01,7.297160000000000313e-01
1.191799999999999926e+01,-4.554477234720621937e-02,8.227100000000000524e-01
1.192989999999999995e+01,-1.125555205590316632e+00,1.238250000000000073e+00
1.194190000000000040e+01,-2.436408728880824270e+00,1.039630000000000054e+00
1.195379999999999932e+01,1.609840036034050570e+00,1.192569999999999908e+00
1.196579999999999977e+01,2.568501238468581249e+00,1.320659999999999945e+00
1.197780000000000022e+01,-7.575872103314651440e-01,1.185610000000000053e+00
1.198969999999999914e+01,-1.025189490582725682e+00,1.457249999999999934e+00
1.200169999999999959e+01,1.040834913521848648e-02,1.404570000000000096e+00
1.201379999999999981e+01,-7.737348288208103497e-01,1.432779999999999943e+00
1.202580000000000027e+01,-1.175394491395305607e+00,1.776259999999999950e+00
1.203780000000000072e+01,-3.587890550496553033e-01,1.650079999999999991e+00
1.204979999999999940e+01,-2.525442558868142839e-01,1.580929999999999946e+00
1.206189999999999962e+01,7.359210827396047705e-01,1.379480000000000040e+00
1.207399999999999984e+01,-9.153235162554196336e-02,8.209600000000000231e-01
1.208610000000000007e+01,-1.301823381190747142e+00,7.252539999999999543e-01
1.209810000000000052e+01,8.347593267782471571e-02,1.058559999999999945e+00
1.211020000000000074e+01,-1.046000176949192451e+00,9.718660000000000077e-01
1.212240000000000073e+01,-1.737510263171515135e+00,9.235130000000000283e-01
1.213449999999999918e+01,5.278601043782344959e-01,1.129070000000000018e+00
1.214659999999999940e+01,-4.870012343144836109e-01,9.539889999999999759e-01
1.215879999999999939e+01,-3.928969807717706431e+00,1.099569999999999936e+00
1.217089999999999961e+01,-3.265859643627209152e-01,1.424749999999999961e+00
1.218309999999999960e+01,5.481875098835899962e-01,9.904650000000000398e-01
1.219529999999999959e+01,-4.012104471804310180e+00,1.475449999999999928e+00
1.220749999999999957e+01,-1.767373702511516598e+00,2.020760000000000112e+00
1.221969999999999956e+01,7.744680246768673726e-01,8.334409999999999874e-01
1.223199999999999932e+01,1.088676338227177354e+00,1.741489999999999982e+00
1.224419999999999931e+01,-2.797916441848879998e+00,1.799479999999999968e+00
1.225639999999999930e+01,-5.629312809328794742e-01,1.612970000000000015e+00
1.226870000000000083e+01,2.969131281093815744e+00,1.634009999999999962e+00
1.228100000000000058e+01,6.132020218699654635e+00,1.644609999999999905e+00
1.229330000000000034e+01,2.647530884104153159e+00,1.469549999999999912e+00
1.230560000000000009e+01,2.152158629526820022e+00,1.138589999999999991e+00
1.231789999999999985e+01,-6.865011928128090801e-01,1.506119999999999903e+00
1.233019999999999960e+01,-5.043153230695210709e+00,1.491349999999999953e+00
1.234249999999999936e+01,-2.163302131900884717e+00,1.707009999999999916e+00
1.235490000000000066e+01,-7.120891452338327099e-01,1.350170000000000092e+00
1.236730000000000018e+01,-1.291576712309577601e+00,1.218050000000000077e+00
1.237959999999999994e+01,-9.348336955226486111e-01,2.225709999999999855e+00
1.239199999999999946e+01,-6.763222258100256568e-01,1.919580000000000064e+00
1.239860000000000007e+01,-1.493434826871705923e+00,6.350130000000000496e-01
1.241099999999999959e+01,-1.461070424515611421e-01,8.731349999999999945e-01
1.242340000000000089e+01,-1.239107244923012274e-01,1.127269999999999994e+00
1.243580000000000041e+01,2.772567416637521376e-01,6.334670000000000023e-01
1.244829999999999970e+01,-4.853573602074519044e-01,6.729889999999999484e-01
1.246069999999999922e+01,-2.742185528375067349e-01,6.953749999999999654e-01
1.247320000000000029e+01,2.007913989720329084e-01,1.043989999999999974e+00
1.248569999999999958e+01,1.633237821284616587e+00,1.494450000000000056e+00
1.249810000000000088e+01,1.205858738416480946e-01,8.814380000000000548e-01
1.251060000000000016e+01,9.460039409575173863e-01,6.487220000000000208e-01
1.252319999999999922e+01,4.706958630573225832e-01,6.307199999999999473e-01
1.253570000000000029e+01,-1.266911880801163903e+00,1.518720000000000070e+00
1.254819999999999958e+01,1.854166821751785932e+00,1.404449999999999976e+00
1.256080000000000041e+01,1.431168349303653997e+00,8.217969999999999997e-01
1.257339999999999947e+01,-7.973592396977124963e-02,5.077709999999999724e-01
1.258590000000000053e+01,1.266544714597515053e-01,4.432039999999999869e-01
1.259849999999999959e+01,-6.029580198369757227e-01,9.091580000000000217e-01
1.261110000000000042e+01,8.767736524729698999e-01,1.339490000000000069e+00
1.262379999999999924e+01,1.150438869560410637e+00,8.989800000000000013e-01
1.263640000000000008e+01,3.840680133180995881e-01,5.524540000000000006e-01
1.264899999999999913e+01,-3.903675286483831997e-03,5.056789999999999896e-01
1.266169999999999973e+01,3.168003658859106508e-01,1.119329999999999936e+00
1.267430000000000057e+01,1.363120592614581739e+00,1.022990000000000066e+00
1.268699999999999939e+01,2.040840097156710442e+00,5.007059999999999844e-01
1.269969999999999999e+01,1.985039159494576211e+00,4.379620000000000180e-01
1.271240000000000059e+01,9.537456753606221582e-01,4.021870000000000167e-01
1.272509999999999941e+01,4.593875404872953538e-01,7.356780000000000541e-01
1.273789999999999978e+01,2.846438187076184789e+00,1.323730000000000073e+00
1.275060000000000038e+01,3.378473836532638330e+00,5.882309999999999484e-01
1.276340000000000074e+01,2.919047271757424511e+00,4.194320000000000270e-01
1.277609999999999957e+01,2.858576545583478179e+00,3.750680000000000125e-01
1.278889999999999993e+01,1.538360797200876817e+00,6.314119999999999733e-01
1.280170000000000030e+01,1.900497383819072184e+00,6.159080000000000110e-01
1.281450000000000067e+01,1.988905341912744262e+00,5.630910000000000082e-01
1.282740000000000080e+01,2.906364463983468482e+00,5.526259999999999506e-01
1.284019999999999939e+01,2.224791160971811621e+00,5.339270000000000405e-01
1.285299999999999976e+01,1.274043362582119698e+00,4.097210000000000019e-01
1.286589999999999989e+01,1.490548681372168005e+00,8.746559999999999890e-01
1.287880000000000003e+01,2.137837512499221049e+00,7.637810000000000432e-01
1.289170000000000016e+01,2.264719893667177075e+00,6.447279999999999678e-01
1.290460000000000029e+01,4.976058625799169022e-01,5.836909999999999599e-01
1.291750000000000043e+01,-2.889945430586777775e-01,9.546080000000000121e-01
1.293040000000000056e+01,6.152287144552950338e-01,1.390009999999999968e+00
1.294330000000000069e+01,5.636856728257093607e-01,8.804039999999999644e-01
1.295630000000000059e+01,4.600013910320193133e-01,6.206819999999999560e-01
1.296920000000000073e+01,-8.835531962080267476e-02,6.533729999999999816e-01
1.298220000000000063e+01,9.297382694093307975e-01,1.041150000000000020e+00
1.299520000000000053e+01,-8.623319648229994527e-01,1.023099999999999898e+00
1.300820000000000043e+01,4.862348760123360591e-01,3.366709999999999980e-01
1.302120000000000033e+01,7.152396902455002703e-01,2.320800000000000085e-01
1.303420000000000023e+01,6.908833762066244333e-01,2.216639999999999999e-01
1.304729999999999990e+01,1.634838406767467944e+00,4.733749999999999902e-01
1.306029999999999980e+01,1.220929758733028336e+00,7.565969999999999640e-01
1.307339999999999947e+01,4.392622794392444519e-01,3.540349999999999886e-01
1.308649999999999913e+01,7.005560116080182809e-01,3.420590000000000019e-01
1.309960000000000058e+01,5.170257250287946249e-02,5.237849999999999451e-01
1.311270000000000024e+01,1.087593579387284848e+00,8.269339999999999469e-01
1.312579999999999991e+01,2.177520649524765872e+00,8.452849999999999531e-01
1.313889999999999958e+01,2.464775400178808695e+00,6.709239999999999648e-01
1.315210000000000079e+01,9.646694437516032394e-01,6.133300000000000418e-01
1.316520000000000046e+01,-4.893035686106763649e-01,7.673999999999999710e-01
1.317839999999999989e+01,-6.695767184083187828e-01,2.002730000000000066e-01
1.319159999999999933e+01,-1.774878073659742483e-01,3.681659999999999933e-01
1.320480000000000054e+01,1.344535793037593407e-02,3.193320000000000047e-01
1.321799999999999997e+01,-7.919502910525721973e-02,3.560099999999999931e-01
1.323119999999999941e+01,4.255732249411359192e-01,6.522240000000000260e-01
1.324450000000000038e+01,5.265768266413459742e-01,7.562680000000000513e-01
1.325769999999999982e+01,7.488283562909288094e-01,8.093289999999999651e-01
1.327100000000000080e+01,-1.077088530151378620e+00,4.103769999999999918e-01
1.328430000000000000e+01,-5.264457201516314910e-01,3.811849999999999961e-01
1.329759999999999920e+01,-1.027705880180818099e-01,7.855809999999999738e-01
1.331090000000000018e+01,-2.590390508059005725e+00,5.519979999999999887e-01
1.332419999999999938e+01,-1.403632854582657075e+00,7.901880000000000015e-01
1.333750000000000036e+01,-1.376125001897317901e+00,6.089639999999999498e-01
1.335089999999999932e+01,-1.230789459805787800e+00,8.363350000000000506e-01
1.336420000000000030e+01,-1.777970247741791354e+00,9.068899999999999739e-01
1.337759999999999927e+01,-1.417991940105736148e-01,9.728240000000000220e-01
1.339100000000000001e+01,-9.128182501109201041e-01,6.006899999999999462e-01
1.340440000000000076e+01,-1.457564503036085313e+00,4.984310000000000129e-01
1.341779999999999973e+01,-8.609750397793405341e-01,6.952439999999999731e-01
1.343120000000000047e+01,-1.198586947334003838e+00,1.010799999999999921e+00
1.344459999999999944e+01,-9.037373126933125889e-01,9.339579999999999549e-01
1.345809999999999995e+01,-1.067911547284840168e+00,8.238459999999999672e-01
1.347160000000000046e+01,1.200332921538187492e+00,6.773299999999999876e-01
1.348499999999999943e+01,1.182670458952561177e+00,4.965040000000000009e-01
1.349849999999999994e+01,3.105295671217334075e-02,6.196359999999999646e-01
1.351200000000000045e+01,-1.194283368597485406e+00,4.856019999999999781e-01
1.352549999999999919e+01,-2.507585462707368151e+00,3.022190000000000154e-01
1.353909999999999947e+01,-2.515007283712698438e+00,2.760830000000000228e-01
1.355259999999999998e+01,-2.916936454752995900e+00,3.727809999999999735e-01
1.356620000000000026e+01,-3.584596452660953503e+00,5.290150000000000130e-01
1.357980000000000054e+01,-4.893737216683724967e+00,4.933330000000000215e-01
1.359329999999999927e+01,-5.061466317123713310e+00,3.436770000000000103e-01
1.360689999999999955e+01,-5.203470192730783594e+00,3.477879999999999860e-01
1.362059999999999960e+01,-7.212113621553875475e+00,5.141270000000000007e-01
1.363419999999999987e+01,-8.299746966148941141e+00,3.456489999999999840e-01
1.364780000000000015e+01,-8.189245834915361399e+00,2.304589999999999972e-01
1.366150000000000020e+01,-8.937497893490448320e+00,2.490310000000000024e-01
1.367510000000000048e+01,-1.002248476530972354e+01,3.284050000000000025e-01
1.368880000000000052e+01,-1.006351905531983704e+01,3.865310000000000135e-01
1.370250000000000057e+01,-1.060973715521895144e+01,3.433200000000000141e-01
1.371620000000000061e+01,-1.099450617073130587e+01,2.069519999999999971e-01
1.373000000000000043e+01,-1.211799542042158251e+01,3.654169999999999918e-01
1.374370000000000047e+01,-1.295227211268839795e+01,6.087569999999999926e-01
1.375740000000000052e+01,-1.319040444727189509e+01,4.283299999999999885e-01
1.377120000000000033e+01,-1.442758711161170737e+01,3.521480000000000166e-01
1.378500000000000014e+01,-1.595659077367157153e+01,3.093520000000000159e-01
1.379879999999999995e+01,-1.694959284261110710e+01,4.469199999999999839e-01
1.381259999999999977e+01,-1.713967072758999066e+01,3.312709999999999821e-01
1.382639999999999958e+01,-1.800040183776778946e+01,2.829360000000000208e-01
1.384019999999999939e+01,-1.922376358230414795e+01,3.023970000000000269e-01
1.385410000000000075e+01,-1.949901272290438925e+01,3.452509999999999746e-01
1.386790000000000056e+01,-1.704740510774547957e+01,1.576580000000000092e+00
1.388180000000000014e+01,-1.746042267028982664e+01,6.635400000000000187e-01
1.389569999999999972e+01,-1.929077392099932808e+01,3.307729999999999837e-01
