# col1: wavelength, col2: cont_sub flux, col3: Flux error

4.904869999999999841e+00,6.675000286231378865e+00,3.751280000000000170e-01

4.909769999999999968e+00,5.676069933560373926e+00,3.709669999999999912e-01
4.914690000000000225e+00,5.516282364185546072e+00,4.169649999999999745e-01
4.919599999999999973e+00,6.252393134732924906e+00,3.560550000000000104e-01
4.924529999999999852e+00,5.935736847745528344e+00,3.038299999999999890e-01
4.929450000000000109e+00,5.677422041864964797e+00,2.318159999999999943e-01
4.934379999999999988e+00,5.875567344794982994e+00,2.976520000000000277e-01
4.939320000000000377e+00,5.488192604493444371e+00,3.700700000000000101e-01
4.944259999999999877e+00,6.154049351533306123e+00,4.540730000000000044e-01
4.949209999999999887e+00,6.093470014213127506e+00,4.475169999999999981e-01
4.954159999999999897e+00,6.285160530157795300e+00,4.162319999999999909e-01
4.959120000000000417e+00,5.738628700484945000e+00,6.183060000000000223e-01
4.964080000000000048e+00,5.258514927593197719e+00,5.117469999999999519e-01
4.969050000000000189e+00,3.946662326436150892e+00,3.674189999999999956e-01
4.974020000000000330e+00,4.995865822327517414e+00,6.215720000000000134e-01
4.978989999999999583e+00,5.009826726244894779e+00,5.327880000000000393e-01
4.983979999999999855e+00,4.817455720199326663e+00,4.397010000000000085e-01
4.988959999999999617e+00,5.343932887393465947e+00,4.268149999999999999e-01
4.993949999999999889e+00,5.376851444820699655e+00,3.673850000000000171e-01
4.998949999999999783e+00,5.740690397513656507e+00,2.671359999999999846e-01
5.003949999999999676e+00,4.596738597815514638e+00,3.384280000000000066e-01
5.008960000000000079e+00,3.951029812652054662e+00,3.417029999999999790e-01
5.013969999999999594e+00,4.189037653988982868e+00,4.797339999999999938e-01
5.018989999999999618e+00,3.628240901394975015e+00,4.327509999999999968e-01
5.024009999999999643e+00,3.980247986710050423e+00,3.429059999999999886e-01
5.029029999999999667e+00,3.670499956020542243e+00,3.635300000000000198e-01
5.034069999999999823e+00,3.865798175507911161e+00,3.574930000000000052e-01
5.039100000000000357e+00,4.295865583851778524e+00,2.623530000000000029e-01
5.044139999999999624e+00,4.119025927545273191e+00,2.185360000000000080e-01
5.049190000000000289e+00,4.186437485902571254e+00,2.356010000000000049e-01
5.054240000000000066e+00,4.007383521021388617e+00,3.273800000000000043e-01
5.059300000000000352e+00,3.460932238751917023e+00,4.220789999999999820e-01
5.064359999999999751e+00,3.467871966257296990e+00,3.814460000000000073e-01
5.069429999999999659e+00,3.775135610179689571e+00,2.772229999999999972e-01
5.074499999999999567e+00,3.505536625131154160e+00,3.520909999999999873e-01
5.079579999999999984e+00,3.295642554873057684e+00,3.315670000000000006e-01
5.084660000000000402e+00,3.302452044278830101e+00,2.918939999999999868e-01
5.089750000000000441e+00,2.679597210124711637e+00,2.720790000000000153e-01
5.094839999999999591e+00,2.476801950787745898e+00,2.311789999999999956e-01
5.099940000000000140e+00,2.331742891522377903e+00,2.262639999999999929e-01
5.105039999999999800e+00,2.226779247882123336e+00,2.497080000000000133e-01
5.110149999999999970e+00,1.975192088629908582e+00,2.145350000000000035e-01
5.115260000000000140e+00,1.848206010599952265e+00,2.627820000000000156e-01
5.120379999999999932e+00,2.460076460659883502e+00,3.213210000000000233e-01
5.125499999999999723e+00,2.677253481461274287e+00,3.694919999999999871e-01
5.130630000000000024e+00,2.539346832137740595e+00,2.911540000000000239e-01
5.135760000000000325e+00,2.668532066128008751e+00,2.193410000000000082e-01
5.140900000000000247e+00,2.541103188557353398e+00,2.412749999999999895e-01
5.146040000000000170e+00,2.358871329055419075e+00,3.220450000000000257e-01
5.151189999999999714e+00,2.407054672028187792e+00,2.689949999999999841e-01
5.156340000000000146e+00,1.923149989134883775e+00,3.742809999999999748e-01
5.161500000000000199e+00,2.028639576913864317e+00,4.183009999999999784e-01
5.166669999999999874e+00,2.166959941484536856e+00,2.965380000000000238e-01
5.171840000000000437e+00,2.120381414612056759e+00,2.571939999999999782e-01
5.177010000000000112e+00,1.585044215518933264e+00,3.333380000000000232e-01
5.182190000000000296e+00,2.186588665669411569e+00,4.698939999999999784e-01
5.187380000000000102e+00,2.739270954361941346e+00,3.879159999999999831e-01
5.192569999999999908e+00,2.996863093644530185e+00,4.235979999999999746e-01
5.197759999999999714e+00,2.525285188790006963e+00,6.078829999999999512e-01
5.202960000000000029e+00,2.507985312031034031e+00,3.403220000000000134e-01
5.208169999999999966e+00,2.145849332325429071e+00,3.757179999999999964e-01
5.213379999999999903e+00,1.476161213521776538e+00,4.801309999999999745e-01
5.218589999999999840e+00,1.426720946061624140e+00,4.398150000000000115e-01
5.223810000000000286e+00,1.645494075256983102e+00,2.755870000000000264e-01
5.229040000000000354e+00,1.201086146191767234e+00,2.577220000000000066e-01
5.234270000000000422e+00,1.293093349554256477e+00,3.337280000000000246e-01
5.235820000000000363e+00,9.735185946896356413e-01,4.910919999999999730e-01
5.239510000000000112e+00,1.261636625542596590e+00,3.139210000000000056e-01
5.241060000000000052e+00,7.760034929005579230e-01,3.795580000000000065e-01
5.244749999999999801e+00,1.069428380744477991e+00,2.773990000000000067e-01
5.246299999999999741e+00,1.761223858040278145e+00,8.528029999999999777e-01
5.250000000000000000e+00,1.034273081865669575e+00,2.959300000000000264e-01
5.251549999999999940e+00,1.790764679884483179e+00,6.390230000000000077e-01
5.255250000000000199e+00,1.009329421553826656e+00,3.077869999999999773e-01
5.256809999999999761e+00,6.818710521306323713e-01,5.699370000000000269e-01
5.260510000000000019e+00,7.821653215266621828e-01,2.167789999999999995e-01
5.262059999999999960e+00,1.074300601152279988e+00,5.002079999999999860e-01
5.265769999999999840e+00,4.153158310965121558e-01,1.223280000000000062e-01
5.267330000000000290e+00,9.658590617283451252e-01,6.528159999999999519e-01
5.271040000000000170e+00,9.667722550505626344e-01,2.980499999999999816e-01
5.272599999999999731e+00,1.302372206558893630e+00,5.858950000000000546e-01
5.276309999999999611e+00,1.274196070415654525e+00,2.439330000000000109e-01
5.277870000000000061e+00,8.416796762679172872e-01,3.763589999999999991e-01
5.281589999999999563e+00,7.645718926583811026e-01,2.084249999999999992e-01
5.283159999999999634e+00,4.854120474282455078e-01,2.271400000000000086e-01
5.286880000000000024e+00,9.223243327648988910e-01,1.912669999999999926e-01
5.288439999999999586e+00,6.643075048949720340e-01,4.515259999999999829e-01
5.292169999999999597e+00,1.296479614644257872e+00,1.038670000000000010e-01
5.293730000000000047e+00,1.532198183829550864e+00,7.272629999999999928e-01
5.297460000000000058e+00,1.123087260528726539e+00,4.448690000000000144e-01
5.299030000000000129e+00,1.489008509128546542e+00,6.508899999999999686e-01
5.302760000000000140e+00,9.377482912856134334e-01,2.918780000000000263e-01
5.304330000000000211e+00,1.362350823024335078e+00,8.862400000000000277e-01
5.308069999999999844e+00,5.953769799811805541e-01,2.678030000000000133e-01
5.309639999999999915e+00,5.974781387114393993e-01,6.216509999999999536e-01
5.313380000000000436e+00,1.061652834415386160e+00,2.981860000000000066e-01
5.314949999999999619e+00,8.165894869204022299e-01,2.344650000000000067e-01
5.318690000000000140e+00,8.704852575301913475e-01,2.681700000000000195e-01
5.320269999999999833e+00,1.255409254602657398e-01,4.393239999999999923e-01
5.324019999999999975e+00,6.515891112689864428e-01,2.252359999999999918e-01
5.325590000000000046e+00,5.434982467949129870e-01,4.866349999999999842e-01
5.329340000000000188e+00,6.937351343903355172e-01,2.672649999999999748e-01
5.330919999999999881e+00,8.166104787597525672e-01,4.743729999999999891e-01
5.334670000000000023e+00,7.387096039242777579e-01,3.194009999999999905e-01
5.336249999999999716e+00,2.705402492372908085e-01,6.864759999999999751e-01
5.340010000000000367e+00,-4.236372075591443576e-02,3.567699999999999760e-01
5.341590000000000060e+00,-6.837105189515622072e-01,7.185340000000000060e-01
5.345349999999999824e+00,-2.170348577617131625e-01,3.959400000000000142e-01
5.346940000000000026e+00,2.593118031226273601e-01,1.304599999999999982e+00
5.350699999999999790e+00,-4.549485345270554149e-03,3.022369999999999779e-01
5.352280000000000371e+00,1.770296832959585842e-01,1.106270000000000087e+00
5.356060000000000265e+00,9.096586958024399650e-02,2.020049999999999901e-01
5.357639999999999958e+00,2.209858851182420203e+00,6.888459999999999583e-01
5.361410000000000231e+00,3.256487273195620702e-01,2.885690000000000199e-01
5.363000000000000433e+00,1.865502272545391804e-01,6.709230000000000471e-01
5.366780000000000328e+00,-4.025805674443994064e-02,3.166260000000000185e-01
5.368369999999999642e+00,-2.926673855092776222e-01,5.532949999999999813e-01
5.372150000000000425e+00,-9.574847831187938141e-02,3.516699999999999826e-01
5.373739999999999739e+00,4.023781189787918322e-01,7.190959999999999575e-01
5.377519999999999634e+00,3.095765022625993623e-01,3.314449999999999896e-01
5.379109999999999836e+00,-3.822421963590194594e-02,5.952650000000000441e-01
5.382900000000000240e+00,1.163229246123036909e+00,6.108810000000000073e-01
5.384490000000000443e+00,1.256683467737884641e-01,4.875720000000000054e-01
5.388289999999999580e+00,6.813726995103817075e-01,5.626079999999999970e-01
5.389879999999999782e+00,6.052487462851869893e-01,5.173759999999999470e-01
5.393679999999999808e+00,1.128837803375128956e-01,3.842510000000000092e-01
5.395270000000000010e+00,8.028435037735377477e-01,4.370359999999999800e-01
5.399079999999999657e+00,-2.739714187334465478e-01,2.082880000000000009e-01
5.400669999999999860e+00,5.236908067542600520e-02,2.603659999999999863e-01
5.404480000000000395e+00,-9.668668877016450836e-03,2.023189999999999988e-01
5.406080000000000219e+00,-3.269118890320346082e-01,2.461129999999999984e-01
5.409889999999999866e+00,1.220305326970345661e-01,2.977659999999999751e-01
5.411480000000000068e+00,-5.580469041563169696e-01,2.694759999999999933e-01
5.415300000000000225e+00,5.459078029454982328e-01,2.953609999999999847e-01
5.416900000000000048e+00,-2.288471516680017359e-01,2.590210000000000012e-01
5.420720000000000205e+00,6.222939761920498469e-01,5.325720000000000454e-01
5.422320000000000029e+00,7.271485292012274115e-01,5.118120000000000447e-01
5.426140000000000185e+00,4.320381352013216159e-01,5.518629999999999924e-01
5.427740000000000009e+00,1.294408869082101177e+00,6.424560000000000271e-01
5.431569999999999787e+00,-5.301166332245639268e-01,2.617970000000000019e-01
5.433169999999999611e+00,-6.006027109286531385e-01,5.847320000000000295e-01
5.437000000000000277e+00,-6.833337023779870734e-01,2.889240000000000141e-01
5.438609999999999722e+00,-1.098941171907723557e-01,3.792860000000000120e-01
5.442440000000000389e+00,-8.968378124945619589e-01,4.873589999999999867e-01
5.444049999999999834e+00,6.109970711859968873e-02,4.030560000000000254e-01
5.447890000000000121e+00,1.492629666315279380e-01,4.933600000000000207e-01
5.449499999999999567e+00,-1.352846338422910577e-01,4.308000000000000163e-01
5.453339999999999854e+00,-4.350983058602508891e-01,4.530420000000000003e-01
5.454950000000000188e+00,-3.839944111245552349e-01,5.226049999999999862e-01
5.458789999999999587e+00,-6.512930875065947589e-01,2.336950000000000138e-01
5.460410000000000430e+00,-3.687509784520068834e-01,5.882880000000000331e-01
5.464260000000000339e+00,-5.501911845970646198e-01,2.049390000000000100e-01
5.465869999999999784e+00,-1.209338552877339268e-01,6.541439999999999477e-01
5.469719999999999693e+00,-2.195935132456474648e-01,2.535009999999999764e-01
5.471339999999999648e+00,-9.965924340882779120e-01,3.105800000000000227e-01
5.475189999999999557e+00,8.638210255138325522e-01,3.710740000000000149e-01
5.476810000000000400e+00,-1.258298402804690852e+00,3.675209999999999866e-01
5.480669999999999931e+00,1.539193810458340472e+00,4.082459999999999978e-01
5.482289999999999885e+00,-1.282699273941461549e+00,3.244770000000000154e-01
5.486159999999999926e+00,2.269960984254710823e-01,6.574769999999999781e-01
5.487779999999999880e+00,-2.639238095113194404e-01,4.109590000000000187e-01
5.491649999999999920e+00,-8.858366434771367537e-01,4.135409999999999919e-01
5.493269999999999875e+00,1.771831691468062076e-01,4.031669999999999976e-01
5.497139999999999915e+00,-3.847361269183133814e-01,5.732880000000000198e-01
5.498759999999999870e+00,4.099950364082616261e-03,4.450489999999999724e-01
5.502640000000000420e+00,1.008523394301700016e+00,6.683219999999999716e-01
5.504269999999999996e+00,6.831025373345678275e-02,3.106999999999999762e-01
5.508140000000000036e+00,1.572334478860216933e+00,4.923980000000000024e-01
5.509769999999999612e+00,1.783917940552628423e-01,1.933360000000000078e-01
5.513659999999999783e+00,9.162336879675718748e-01,4.107799999999999785e-01
5.515290000000000248e+00,1.087284607011005377e-01,4.647560000000000024e-01
5.519169999999999909e+00,4.197542085751164720e-01,4.070219999999999949e-01
5.520800000000000374e+00,-2.161273159647718600e-01,3.160350000000000104e-01
5.524689999999999657e+00,3.144733209779122518e-01,3.620129999999999737e-01
5.526329999999999742e+00,-1.449467396783363782e-01,2.912170000000000036e-01
5.530219999999999914e+00,-2.421784694330666454e-01,3.850239999999999774e-01
5.531859999999999999e+00,2.231493913458519884e-01,3.850549999999999806e-01
5.535750000000000171e+00,-3.509231249031632416e-01,2.899229999999999863e-01
5.537390000000000256e+00,8.472291075765143731e-01,3.754270000000000107e-01
5.541290000000000049e+00,-2.110395327442189384e-01,2.785000000000000253e-01
5.542930000000000135e+00,-6.306263028958092320e-03,5.297669999999999879e-01
5.546840000000000437e+00,2.469224961437612720e-01,3.837240000000000095e-01
5.548479999999999634e+00,-3.096465506625358799e-01,5.170679999999999721e-01
5.552389999999999937e+00,-1.508414790616567913e-01,3.293349999999999889e-01
5.554030000000000022e+00,2.742635821534378238e-01,4.771230000000000193e-01
5.557940000000000325e+00,-3.456535582303512655e-01,2.730119999999999769e-01
5.559590000000000032e+00,7.367411964087189347e-03,4.285700000000000065e-01
5.563500000000000334e+00,-4.224400053690553491e-01,2.921400000000000108e-01
5.565150000000000041e+00,4.185587615075574419e-01,3.716329999999999911e-01
5.569069999999999965e+00,-7.927101624977606065e-02,6.672770000000000090e-01
5.570719999999999672e+00,6.446521212088782704e-01,3.997700000000000142e-01
5.574639999999999596e+00,1.616059986926590142e-01,8.416289999999999605e-01
5.576290000000000191e+00,3.909098835018376406e-01,4.010770000000000168e-01
5.580219999999999736e+00,9.912664867995619744e-01,6.585290000000000310e-01
5.581870000000000331e+00,5.134776668395213406e-01,3.224500000000000144e-01
5.585799999999999876e+00,1.514981679240166024e+00,4.204220000000000179e-01
5.587449999999999584e+00,-3.342834817420916593e-01,5.610739999999999617e-01
5.591389999999999638e+00,1.813807810288370348e-02,1.145450000000000079e+00
5.593040000000000234e+00,-7.105369020876750596e-01,3.120709999999999873e-01
5.596980000000000288e+00,-1.703664358483573338e+00,1.278159999999999963e+00
5.598639999999999617e+00,-1.045043327776946640e+00,3.363380000000000258e-01
5.602579999999999671e+00,1.051618395390843119e-01,1.267290000000000028e+00
5.604239999999999888e+00,-5.771536026542252173e-01,3.827670000000000239e-01
5.608189999999999564e+00,6.326757616582803223e-01,6.834609999999999852e-01
5.609849999999999781e+00,8.609703012831415592e-01,4.469629999999999992e-01
5.613800000000000345e+00,9.704455843660619863e-01,5.451770000000000227e-01
5.615459999999999674e+00,-6.260359192400599682e-02,6.879570000000000407e-01
5.619419999999999860e+00,1.517830033883681651e+00,4.647270000000000012e-01
5.621080000000000076e+00,-1.939664299685199822e-01,4.201540000000000274e-01
5.625040000000000262e+00,8.573462281388808393e-01,4.732700000000000240e-01
5.626699999999999591e+00,8.124876579705464508e-02,4.117770000000000041e-01
5.630670000000000286e+00,1.909536427244207246e-01,5.066190000000000415e-01
5.632329999999999615e+00,-7.460384161665283287e-01,4.032000000000000028e-01
5.636300000000000310e+00,3.854884241773328668e-01,6.557030000000000358e-01
5.637970000000000148e+00,-4.010794345370802816e-01,3.556960000000000122e-01
5.641939999999999955e+00,4.490207088563114013e-01,5.702760000000000051e-01
5.643609999999999793e+00,2.407912513229790719e-01,3.345779999999999865e-01
5.647579999999999600e+00,1.317125759557734810e+00,3.006659999999999888e-01
5.649250000000000327e+00,1.038710943304316459e+00,5.621359999999999690e-01
5.653229999999999755e+00,1.343794284321629284e+00,3.237269999999999870e-01
5.654910000000000103e+00,2.912139298626978956e-01,5.040120000000000156e-01
5.658890000000000420e+00,9.631444429305711097e-01,3.119509999999999783e-01
5.660560000000000258e+00,6.237870126708955354e-03,1.930290000000000061e-01
5.664550000000000196e+00,-2.489796958817134254e-01,3.410409999999999831e-01
5.666229999999999656e+00,-5.558987498000824701e-01,3.988650000000000251e-01
5.670219999999999594e+00,-7.653567679078827624e-01,5.788050000000000139e-01
5.671899999999999942e+00,-7.238158183012428637e-01,4.776920000000000055e-01
5.675889999999999880e+00,-1.158433675658647743e-01,5.271689999999999987e-01
5.677570000000000228e+00,-8.177623719523818835e-02,4.693689999999999807e-01
5.681569999999999787e+00,-1.347477837149364532e-01,4.224350000000000049e-01
5.683250000000000135e+00,-5.426082416495523475e-01,3.827530000000000099e-01
5.687260000000000204e+00,5.029676022932987323e-01,5.565130000000000354e-01
5.688939999999999664e+00,-2.165242332777035372e-01,3.465670000000000139e-01
5.692949999999999733e+00,1.552895334995718635e+00,5.236119999999999663e-01
5.694630000000000081e+00,-6.527817279885930191e-01,3.863420000000000187e-01
5.698640000000000150e+00,1.926432375564536059e+00,4.504239999999999911e-01
5.700330000000000119e+00,-1.376086654870007919e-01,5.302789999999999448e-01
5.706030000000000157e+00,6.525470128729802255e-01,4.403520000000000212e-01
5.711739999999999817e+00,-1.592252761509893588e-02,4.034139999999999948e-01
5.717450000000000365e+00,-3.026655628779124640e-01,3.628609999999999891e-01
5.723169999999999646e+00,-3.001991494856870446e-02,3.616179999999999950e-01
5.728900000000000325e+00,1.579912580014504186e-01,5.538720000000000310e-01
5.734630000000000116e+00,-4.332606851795253178e-01,7.301659999999999817e-01
5.740370000000000417e+00,-3.271375667300979728e-02,6.886600000000000499e-01
5.746109999999999829e+00,-2.159867030380713260e-01,1.033290000000000042e+00
5.751859999999999751e+00,-8.415777571585403294e-01,6.870720000000000161e-01
5.757620000000000182e+00,-3.151706363597241989e-01,3.863559999999999772e-01
5.763379999999999725e+00,-1.012014106517491463e+00,4.881699999999999928e-01
5.769140000000000157e+00,-6.387816936261545564e-01,5.989889999999999937e-01
5.774910000000000210e+00,2.942764462431668449e-02,3.240379999999999927e-01
5.780689999999999884e+00,-1.404023317817948424e-02,3.181419999999999804e-01
5.786480000000000068e+00,-3.939196110819240815e-01,3.057920000000000083e-01
5.792270000000000252e+00,-4.458587958318869227e-01,2.856759999999999855e-01
5.798060000000000436e+00,-1.476615258687008492e-01,2.920820000000000083e-01
5.803860000000000241e+00,-4.100882380638068980e-01,4.230039999999999911e-01
5.809669999999999668e+00,2.245463538070282539e-01,7.026160000000000183e-01
5.815479999999999983e+00,-6.466523442739635641e-02,7.409630000000000383e-01
5.821299999999999919e+00,2.770953680838612598e-01,7.414589999999999792e-01
5.827119999999999855e+00,-7.141887676355187509e-01,1.076130000000000031e+00
5.832950000000000301e+00,-1.697101634840834095e-01,4.835280000000000133e-01
5.838790000000000369e+00,-3.699541132374895014e-01,3.513729999999999909e-01
5.844630000000000436e+00,1.386834316266689626e-01,4.511879999999999780e-01
5.850480000000000125e+00,-1.732616114570229016e-01,4.645420000000000105e-01
5.856329999999999814e+00,-8.682143959944639278e-01,2.816190000000000082e-01
5.862190000000000012e+00,-7.194901443688248577e-01,2.966880000000000073e-01
5.868059999999999832e+00,-8.357947381545240972e-01,1.897179999999999978e-01
5.873929999999999652e+00,-6.800519869914127824e-01,3.178239999999999954e-01
5.879800000000000360e+00,-9.429962066937198628e-01,3.043199999999999794e-01
5.885690000000000310e+00,-4.147886860861964564e-01,2.543440000000000145e-01
5.891580000000000261e+00,-4.551894491729706616e-01,4.436370000000000036e-01
5.897470000000000212e+00,6.327041404006195080e-03,4.288250000000000117e-01
5.903369999999999784e+00,-3.275686313767813829e-01,5.212400000000000366e-01
5.909279999999999866e+00,-1.026072046819362704e+00,5.014920000000000488e-01
5.915189999999999948e+00,-3.722430972641666003e-01,2.819869999999999877e-01
5.921109999999999651e+00,3.813605864999214390e-02,2.460229999999999917e-01
5.927030000000000243e+00,4.262072506325127463e-01,3.541650000000000076e-01
5.932959999999999567e+00,5.112769874460498798e-01,2.214419999999999999e-01
5.938900000000000290e+00,2.931388161371719647e-01,3.235190000000000010e-01
5.944840000000000124e+00,-4.393532969012143852e-01,4.525810000000000111e-01
5.950789999999999580e+00,3.684552369461151500e-01,3.818369999999999820e-01
5.956739999999999924e+00,3.569756561279113782e-03,3.947450000000000125e-01
5.962699999999999889e+00,1.108336059686259034e-01,4.287110000000000087e-01
5.968670000000000364e+00,5.696005491110707197e-01,4.206119999999999859e-01
5.974639999999999951e+00,3.609879311700536775e-01,5.525250000000000439e-01
5.980620000000000047e+00,1.289373093315013818e-01,4.096540000000000181e-01
5.986600000000000144e+00,2.494773134809644688e-01,4.162930000000000241e-01
5.992589999999999861e+00,3.861483456559318128e-01,2.128639999999999977e-01
5.998579999999999579e+00,2.420802844970211254e-01,1.453560000000000130e-01
6.004590000000000316e+00,2.403259492925355900e-01,1.860700000000000132e-01
6.010589999999999655e+00,4.909287998381586249e-01,2.937799999999999856e-01
6.016610000000000014e+00,7.060535662050808625e-01,1.364360000000000017e-01
6.022630000000000372e+00,2.903190090775193966e-01,3.838480000000000225e-01
6.028649999999999842e+00,-3.529790381702513358e-01,4.202679999999999749e-01
6.034679999999999822e+00,7.695860836717649534e-01,3.998760000000000092e-01
6.040720000000000312e+00,-3.308413339329856484e-01,4.353049999999999975e-01
6.046770000000000422e+00,-7.704469436721632647e-01,4.571109999999999896e-01
6.052819999999999645e+00,6.586543496380263818e-01,4.456959999999999811e-01
6.058869999999999756e+00,1.248418467017086364e+00,6.347409999999999997e-01
6.064930000000000376e+00,1.162639674894249353e+00,5.380120000000000458e-01
6.070999999999999730e+00,7.408824918247027824e-01,3.355150000000000077e-01
6.077079999999999593e+00,1.071814930375172281e-01,2.382610000000000006e-01
6.083160000000000345e+00,5.165743426612676714e-01,2.969550000000000245e-01
6.089240000000000208e+00,1.218807050234246070e+00,3.105169999999999875e-01
6.095329999999999693e+00,1.232751724471896182e+00,3.280379999999999963e-01
6.101429999999999687e+00,9.053831140840413738e-01,4.185180000000000011e-01
6.107540000000000191e+00,5.716660252834895317e-01,2.491780000000000106e-01
6.113649999999999807e+00,3.164804578280104863e-01,4.227420000000000067e-01
6.119760000000000311e+00,9.970225106525152370e-01,4.246679999999999899e-01
6.125890000000000057e+00,1.138046463667076402e+00,4.045440000000000147e-01
6.132019999999999804e+00,-9.671254458982758706e-03,3.051280000000000103e-01
6.138150000000000439e+00,-2.236448470314567061e-02,5.676200000000000134e-01
6.144289999999999807e+00,2.511459329672760532e-01,4.500410000000000244e-01
6.150439999999999685e+00,2.616751276534730053e-01,5.402190000000000047e-01
6.156589999999999563e+00,7.721559644615032525e-01,3.644009999999999749e-01
6.162749999999999950e+00,1.234716662151981836e+00,4.235559999999999881e-01
6.168919999999999959e+00,2.042712498216228134e+00,6.202590000000000048e-01
6.175089999999999968e+00,3.549937429626234042e+00,6.022459999999999480e-01
6.181269999999999598e+00,4.923798822569758649e+00,8.970080000000000275e-01
6.187450000000000117e+00,4.828381303260552038e+00,8.473699999999999566e-01
6.193640000000000256e+00,4.729741709440447472e+00,5.466090000000000115e-01
6.199840000000000018e+00,4.225185558926330742e+00,4.723029999999999728e-01
6.206039999999999779e+00,3.546668422749212901e+00,5.324940000000000229e-01
6.212250000000000050e+00,4.557346436164715797e+00,8.374789999999999734e-01
6.218469999999999942e+00,6.028425268648984314e+00,9.414799999999999836e-01
6.224689999999999834e+00,6.890861347053885311e+00,3.300270000000000148e-01
6.230920000000000236e+00,6.332210195134555519e+00,3.183690000000000131e-01
6.237149999999999750e+00,6.107828750146211405e+00,4.022609999999999797e-01
6.243389999999999773e+00,6.137772169087829965e+00,4.055730000000000168e-01
6.249640000000000306e+00,7.217546366933330404e+00,3.293880000000000141e-01
6.255889999999999951e+00,7.615408986042181638e+00,4.983000000000000207e-01
6.262150000000000105e+00,8.603714725692061194e+00,1.451890000000000125e-01
6.268410000000000259e+00,8.678221637265023602e+00,2.700069999999999970e-01
6.274689999999999657e+00,7.987632032579652375e+00,4.542100000000000026e-01
6.280960000000000321e+00,6.539708446717710899e+00,4.855590000000000184e-01
6.287250000000000227e+00,6.631600734361352778e+00,8.160199999999999676e-01
6.293540000000000134e+00,7.201319796922140526e+00,8.048399999999999999e-01
6.299839999999999662e+00,6.283219699165666583e+00,2.910659999999999914e-01
6.306140000000000079e+00,6.867159504256756364e+00,2.624830000000000219e-01
6.312450000000000117e+00,6.282393139053054298e+00,4.582579999999999987e-01
6.318760000000000154e+00,5.280979910448037273e+00,2.955249999999999821e-01
6.325090000000000323e+00,5.447320763490397511e+00,3.728420000000000067e-01
6.331409999999999982e+00,6.002580931763754180e+00,4.073379999999999779e-01
6.337749999999999773e+00,5.148108394674920874e+00,6.230539999999999967e-01
6.344089999999999563e+00,4.789715738779243281e+00,5.776799999999999713e-01
6.350439999999999863e+00,5.029956764848542150e+00,4.872909999999999742e-01
6.356790000000000163e+00,4.356091290275074357e+00,4.004179999999999962e-01
6.363150000000000084e+00,3.899773149213478618e+00,2.620239999999999791e-01
6.369519999999999627e+00,3.484209238174001300e+00,2.671209999999999973e-01
6.375890000000000057e+00,3.126759486300933588e+00,4.870650000000000257e-01
6.382270000000000110e+00,2.697877875642980428e+00,4.468139999999999890e-01
6.388650000000000162e+00,2.818424345205084336e+00,3.829710000000000059e-01
6.395050000000000345e+00,2.622100200421616734e+00,3.532719999999999749e-01
6.401440000000000019e+00,1.661771056346179165e+00,3.518760000000000221e-01
6.407849999999999824e+00,1.717585679393421216e+00,3.727309999999999790e-01
6.414259999999999629e+00,2.217356749989029652e+00,5.664390000000000258e-01
6.420679999999999943e+00,1.298238843354855732e+00,5.545649999999999746e-01
6.427100000000000257e+00,1.438791699802864699e+00,6.326669999999999794e-01
6.433530000000000193e+00,1.690570170240411230e+00,4.369629999999999903e-01
6.439969999999999750e+00,1.280681743831863173e+00,3.194029999999999925e-01
6.446410000000000196e+00,2.091985913243448181e+00,4.841719999999999913e-01
6.452860000000000262e+00,2.248638043924346519e+00,9.574580000000000313e-01
6.459319999999999951e+00,-4.436942072825615924e-01,9.160519999999999774e-01
6.465779999999999639e+00,1.118968304532838687e+00,8.217119999999999980e-01
6.472249999999999837e+00,6.196115615382407071e-01,9.151749999999999607e-01
6.478720000000000034e+00,1.234584409441033870e+00,7.850099999999999856e-01
6.485210000000000363e+00,1.936942484834368372e+00,5.745029999999999859e-01
6.491690000000000182e+00,1.739496122615644680e+00,5.590770000000000461e-01
6.498190000000000133e+00,1.342900911761446991e+00,5.974089999999999678e-01
6.504690000000000083e+00,1.094565800371093189e+00,4.412360000000000171e-01
6.511199999999999655e+00,1.423183139066885872e-01,7.304619999999999447e-01
6.517710000000000115e+00,2.022761623480668902e-01,5.972439999999999971e-01
6.524230000000000196e+00,5.444974668577149401e-01,6.678009999999999780e-01
6.530759999999999899e+00,1.713330498732306140e+00,5.365469999999999962e-01
6.537300000000000111e+00,7.580135989176923772e-01,4.787959999999999994e-01
6.543840000000000323e+00,3.093935024876461881e-01,4.072000000000000064e-01
6.550379999999999647e+00,1.042507688787971176e+00,5.122809999999999864e-01
6.556939999999999991e+00,7.507383456447911385e-01,4.079940000000000233e-01
6.563500000000000334e+00,1.062299671168403847e+00,4.175980000000000247e-01
6.570059999999999789e+00,1.008799213532528327e+00,4.780240000000000045e-01
6.576640000000000263e+00,4.426144497215922513e-02,3.550070000000000170e-01
6.583219999999999850e+00,3.663585597001688399e-01,3.582199999999999829e-01
6.589800000000000324e+00,7.696281751391236270e-01,3.683810000000000140e-01
6.596400000000000041e+00,3.540772635866460405e-01,2.695919999999999983e-01
6.602999999999999758e+00,4.363058018124643667e-01,1.725720000000000032e-01
6.609600000000000364e+00,2.558214769102775676e-01,1.801810000000000078e-01
6.616220000000000212e+00,-7.407602120265366352e-02,3.791129999999999778e-01
6.622840000000000060e+00,2.262708513576736635e-01,4.336459999999999759e-01
6.629459999999999908e+00,6.705098517796166391e-01,3.801689999999999792e-01
6.636090000000000266e+00,6.652617178504982576e-02,3.355630000000000002e-01
6.642730000000000246e+00,6.367290732452346447e-01,4.141560000000000241e-01
6.649379999999999846e+00,6.528278909002640518e-01,2.161230000000000095e-01
6.656030000000000335e+00,7.358730533438642141e-01,2.613240000000000007e-01
6.662689999999999557e+00,1.262131941549315073e+00,1.954960000000000031e-01
6.669360000000000177e+00,8.181140723198065956e-01,5.284069999999999601e-01
6.676029999999999909e+00,-7.145615985388502622e-01,3.795760000000000245e-01
6.682710000000000150e+00,-2.823592614990388938e-02,4.352039999999999798e-01
6.689400000000000013e+00,4.137107897419483038e-01,2.578759999999999941e-01
6.696089999999999876e+00,1.947559211448925964e-01,3.351410000000000222e-01
6.702790000000000248e+00,9.287048998897162733e-02,2.895179999999999976e-01
6.709489999999999732e+00,1.865007379652450226e-01,2.601539999999999964e-01
6.716210000000000235e+00,7.783271541818237438e-03,3.020649999999999724e-01
6.722929999999999851e+00,-5.539998264089707192e-01,3.116869999999999918e-01
6.729650000000000354e+00,-3.888404418276429908e-01,3.088489999999999847e-01
6.736390000000000100e+00,-6.701379050988283126e-01,3.070479999999999876e-01
6.743129999999999846e+00,-5.741738989422984218e-01,3.799500000000000099e-01
6.749869999999999592e+00,2.479763364235054723e-03,2.909530000000000172e-01
6.756630000000000358e+00,-1.695319543749178592e-01,3.654560000000000031e-01
6.763390000000000235e+00,7.916452706460557209e-01,5.115969999999999684e-01
6.770150000000000112e+00,7.566196982447372932e-01,2.159699999999999953e-01
6.776930000000000121e+00,5.905408194056374072e-01,3.112509999999999999e-01
6.783710000000000129e+00,-1.321268365318317706e-03,3.219710000000000072e-01
6.790490000000000137e+00,-1.794582317214388212e-01,2.341199999999999948e-01
6.797290000000000276e+00,7.284182448515252872e-03,3.270979999999999999e-01
6.804090000000000416e+00,7.656708990391667413e-01,5.022189999999999710e-01
6.810889999999999667e+00,6.184989812543282284e-01,3.180859999999999799e-01
6.817709999999999937e+00,6.115079897592643476e-01,4.191030000000000033e-01
6.824530000000000207e+00,8.203390042297460383e-01,3.344630000000000103e-01
6.831360000000000099e+00,4.743574523033196044e-01,3.028429999999999733e-01
6.838189999999999991e+00,6.347656328531492420e-02,3.394260000000000055e-01
6.845030000000000392e+00,5.834631482144274628e-01,3.250850000000000128e-01
6.851880000000000415e+00,5.117078375974433158e-01,3.114040000000000141e-01
6.858740000000000059e+00,-8.839883597801367898e-02,3.370389999999999775e-01
6.865599999999999703e+00,3.631532732148894382e-01,3.219219999999999859e-01
6.872469999999999857e+00,1.725334997961862626e-01,2.764539999999999775e-01
6.879349999999999632e+00,-1.359678713840306585e-01,4.036690000000000000e-01
6.886230000000000295e+00,1.039157172960354814e+00,5.964460000000000317e-01
6.893119999999999692e+00,6.169797004704768995e-01,5.050719999999999654e-01
6.900009999999999977e+00,6.880640068134447063e-02,3.458879999999999733e-01
6.906920000000000393e+00,-3.980666245067432385e-02,2.335230000000000083e-01
6.913829999999999920e+00,-5.633368743402105139e-01,1.988250000000000017e-01
6.920749999999999957e+00,-1.502111057403610062e-01,3.179279999999999884e-01
6.927669999999999995e+00,4.392748315458536723e-01,2.041169999999999929e-01
6.934599999999999653e+00,8.895022503153882099e-03,2.381840000000000068e-01
6.938089999999999868e+00,-1.611520620411095450e-01,1.060820000000000096e+00
6.941539999999999822e+00,-9.306100280351969900e-02,3.082840000000000025e-01
6.945030000000000037e+00,-1.506425051461022235e-01,1.068310000000000093e+00
6.948479999999999990e+00,4.025092538428545197e-01,2.811580000000000190e-01
6.951979999999999826e+00,-2.148255490041570681e-01,6.205399999999999805e-01
6.955440000000000289e+00,2.917685341624185469e-01,3.160060000000000091e-01
6.958929999999999616e+00,1.363005142862920849e-01,1.736860000000000070e-01
6.962399999999999700e+00,5.647317906102191643e-01,2.905490000000000017e-01
6.965889999999999915e+00,-8.458836385548806902e-02,2.102229999999999932e-01
6.969359999999999999e+00,6.700869112228939883e-01,1.595959999999999879e-01
6.972859999999999836e+00,1.156969625298263082e-01,1.641990000000000116e-01
6.976329999999999920e+00,1.844103916575807744e-01,4.995459999999999900e-01
6.979840000000000266e+00,5.975455366078179509e-01,2.550680000000000169e-01
6.983310000000000350e+00,6.254912490141091297e-01,3.186669999999999781e-01
6.986819999999999808e+00,1.048257130450480190e+00,2.658400000000000207e-01
6.990300000000000402e+00,5.521183971856036266e-01,2.836199999999999832e-01
6.993809999999999860e+00,9.757090458579487091e-01,1.779469999999999941e-01
6.997289999999999566e+00,1.078909592919448102e-01,2.419949999999999879e-01
7.000810000000000421e+00,4.867900666986137992e-01,3.139640000000000208e-01
7.004299999999999748e+00,3.325766904092297693e-01,5.723570000000000046e-01
7.007810000000000095e+00,2.182987035701966505e-01,3.683819999999999872e-01
7.011300000000000310e+00,8.817942069735060784e-01,8.017400000000000082e-01
7.014829999999999899e+00,2.212035709386341864e-01,3.503120000000000123e-01
7.018320000000000114e+00,-2.623979046279725225e-01,5.285530000000000506e-01
7.021840000000000082e+00,6.381217861071366571e-01,3.048029999999999906e-01
7.025339999999999918e+00,3.720790335717261144e-02,4.284000000000000030e-01
7.028870000000000395e+00,1.939131721698466038e-01,3.059529999999999750e-01
7.032370000000000232e+00,-4.847096573446147971e-01,3.584629999999999761e-01
7.035899999999999821e+00,3.293843115697523416e-01,3.455989999999999895e-01
7.039399999999999658e+00,2.647463213727121456e-01,3.638979999999999992e-01
7.042939999999999756e+00,-3.097857860411412645e-01,2.622900000000000231e-01
7.046450000000000102e+00,3.389465550457160248e-01,2.539649999999999963e-01
7.049990000000000201e+00,-2.078089670067626571e-01,3.716079999999999939e-01
7.053499999999999659e+00,1.269961768228995425e-01,4.707779999999999743e-01
7.057039999999999758e+00,7.605109193859913574e-01,4.577370000000000050e-01
7.060550000000000104e+00,-4.057174012217057424e-01,4.477090000000000236e-01
7.064099999999999824e+00,7.198533582511039697e-01,2.795949999999999824e-01
7.067619999999999791e+00,-6.602245863770228596e-02,3.453019999999999978e-01
7.071170000000000400e+00,2.246062371432309135e-01,3.781100000000000017e-01
7.074690000000000367e+00,-3.915152934129224604e-01,5.024410000000000265e-01
7.078240000000000087e+00,1.374649640604097556e-01,4.430239999999999734e-01
7.085329999999999906e+00,-5.097981653039340699e-01,3.454840000000000133e-01
7.092419999999999725e+00,-2.888804176351431607e-01,2.830199999999999938e-01
7.099510000000000431e+00,4.368054036602622148e-01,2.631780000000000230e-01
7.106609999999999872e+00,6.555392518594995721e-01,2.920090000000000185e-01
7.113719999999999821e+00,3.762084762974460261e-01,2.794249999999999790e-01
7.120840000000000281e+00,-1.015996822471212369e-01,3.919300000000000006e-01
7.127970000000000361e+00,-1.551980919346735988e-01,3.565880000000000161e-01
7.135100000000000442e+00,1.814074182460974072e-01,2.434600000000000097e-01
7.142240000000000144e+00,-9.260334344090992431e-02,1.459199999999999942e-01
7.149379999999999846e+00,1.554636916629412724e-01,2.743189999999999795e-01
7.156539999999999679e+00,-4.278190913244621640e-01,3.817329999999999890e-01
7.163700000000000401e+00,-5.987505380282414080e-01,3.602690000000000059e-01
7.170860000000000234e+00,7.305616516220680978e-02,3.672659999999999814e-01
7.178040000000000198e+00,6.080727190914352320e-01,1.933709999999999873e-01
7.185220000000000162e+00,2.803005195429122409e-01,2.085390000000000021e-01
7.192409999999999748e+00,-1.050815716129438471e-01,7.395400000000000584e-02
7.199600000000000222e+00,3.206492574108210647e-04,2.820719999999999894e-01
7.206809999999999938e+00,-1.588204723991459844e-01,2.819869999999999877e-01
7.214019999999999655e+00,2.978092977348918424e-01,2.492689999999999906e-01
7.221230000000000260e+00,4.746114394101006440e-01,2.315020000000000133e-01
7.228460000000000107e+00,1.224699938002462574e-01,2.599420000000000064e-01
7.235689999999999955e+00,-3.290968083872112260e-01,2.186430000000000040e-01
7.242930000000000312e+00,-2.139965371215666323e-01,2.774519999999999764e-01
7.250180000000000291e+00,7.684717947664108095e-01,2.198110000000000064e-01
7.257430000000000270e+00,5.988185841990603109e-01,1.699090000000000045e-01
7.264689999999999870e+00,3.806357735770955486e-01,1.606329999999999980e-01
7.271959999999999980e+00,2.254243798192252513e-01,6.838779999999999859e-02
7.279239999999999711e+00,2.809854316739901492e-01,2.182209999999999983e-01
7.286520000000000330e+00,3.766300153965946862e-01,1.979059999999999986e-01
7.293809999999999683e+00,1.108449452218241760e+00,2.579339999999999966e-01
7.301110000000000433e+00,1.030444800964033902e+00,2.642479999999999829e-01
7.308410000000000295e+00,4.437276433511474494e-01,1.080419999999999991e-01
7.315719999999999779e+00,-1.611146204453461905e-03,3.038950000000000262e-01
7.323039999999999772e+00,9.129521423451691930e-03,2.989419999999999855e-01
7.330370000000000275e+00,8.281507474241109890e-01,2.319160000000000110e-01
7.337699999999999889e+00,9.644647490007685064e-01,2.677059999999999995e-01
7.345049999999999635e+00,4.056505872685924885e-01,2.214329999999999909e-01
7.352389999999999759e+00,3.107431356435625958e-01,2.213090000000000057e-01
7.359750000000000014e+00,2.610979655106504538e-02,2.426139999999999963e-01
7.367110000000000269e+00,8.001746386887216289e-01,2.130680000000000074e-01
7.374480000000000146e+00,1.378027436188341781e+00,1.683109999999999884e-01
7.381859999999999644e+00,6.771693640327285379e-01,3.870100000000000207e-01
7.389249999999999652e+00,7.616016095461670687e-01,2.789989999999999970e-01
7.396639999999999660e+00,7.284375669164901979e-01,1.825350000000000028e-01
7.404040000000000177e+00,8.617665084325043523e-01,2.859380000000000255e-01
7.411450000000000315e+00,1.371189652711658269e+00,2.940240000000000076e-01
7.418859999999999566e+00,1.393020800860119479e+00,6.164879999999999666e-02
7.426289999999999836e+00,1.603436177708653432e+00,7.792570000000000052e-02
7.433720000000000105e+00,1.512862296484566826e+00,1.354160000000000086e-01
7.441150000000000375e+00,1.349400777034766463e+00,2.984609999999999763e-01
7.448599999999999888e+00,1.974327155435895875e+00,2.705159999999999787e-01
7.456050000000000288e+00,2.273068684711150311e+00,1.906019999999999937e-01
7.463510000000000311e+00,2.014913732312948014e+00,2.394310000000000049e-01
7.470979999999999954e+00,1.925763605541485290e+00,2.568790000000000240e-01
7.478449999999999598e+00,2.229133105305049156e+00,2.742749999999999910e-01
7.485940000000000261e+00,2.569196707349949094e+00,1.989319999999999977e-01
7.493420000000000414e+00,3.166796506979752124e+00,2.350099999999999967e-01
7.500919999999999810e+00,3.446493100734201676e+00,3.296709999999999918e-01
7.508429999999999715e+00,3.342501439141384978e+00,3.485889999999999822e-01
7.515939999999999621e+00,3.051436882424393815e+00,2.582749999999999768e-01
7.523460000000000036e+00,2.998487027581276720e+00,3.051440000000000263e-01
7.530990000000000073e+00,3.648153272504053746e+00,3.767050000000000121e-01
7.538520000000000110e+00,3.710751285218044870e+00,2.728920000000000234e-01
7.546059999999999768e+00,4.177668407519497862e+00,2.315609999999999891e-01
7.553609999999999935e+00,3.919006070166807021e+00,2.918540000000000023e-01
7.561169999999999725e+00,4.153865717064137542e+00,2.629870000000000263e-01
7.568740000000000023e+00,4.612948805306153588e+00,2.269019999999999926e-01
7.576310000000000322e+00,4.998371477618286818e+00,3.408289999999999931e-01
7.583890000000000242e+00,5.021120698340617139e+00,4.703470000000000151e-01
7.591479999999999784e+00,5.487097957881424293e+00,4.557860000000000245e-01
7.599070000000000213e+00,5.036119655297239817e+00,3.261950000000000127e-01
7.606670000000000265e+00,5.233972552246999754e+00,2.315730000000000011e-01
7.614279999999999937e+00,5.314458172686078896e+00,2.092579999999999996e-01
7.621900000000000119e+00,5.276078054002827145e+00,3.659229999999999983e-01
7.629529999999999923e+00,5.738933747063654778e+00,3.188579999999999748e-01
7.637159999999999727e+00,5.798042038871511039e+00,2.280490000000000017e-01
7.644800000000000040e+00,5.717889402346582273e+00,1.445390000000000008e-01
7.652449999999999974e+00,5.985477422353168819e+00,2.395750000000000102e-01
7.660110000000000419e+00,5.760807697378268699e+00,3.315719999999999779e-01
7.667769999999999975e+00,5.992397283691463628e+00,3.495090000000000141e-01
7.675440000000000040e+00,5.993832462518613013e+00,2.253529999999999978e-01
7.683119999999999727e+00,5.887014866688785375e+00,2.034030000000000005e-01
7.690809999999999924e+00,5.928446142798948770e+00,3.669339999999999824e-01
7.698500000000000121e+00,6.714343580522992738e+00,3.629530000000000256e-01
7.706209999999999560e+00,7.044177636203913906e+00,3.145259999999999723e-01
7.713919999999999888e+00,6.541581292496385203e+00,1.941859999999999975e-01
7.721630000000000216e+00,6.617756359367444219e+00,1.550519999999999954e-01
7.729359999999999786e+00,7.236273091579523253e+00,2.459310000000000107e-01
7.737090000000000245e+00,7.387364729312375644e+00,2.891599999999999726e-01
7.744830000000000325e+00,7.645117258784708270e+00,2.431959999999999955e-01
7.752580000000000027e+00,7.660732424298448251e+00,1.838940000000000019e-01
7.760340000000000238e+00,8.025711984261382881e+00,1.779479999999999951e-01
7.768099999999999561e+00,8.113073621953020620e+00,1.737970000000000070e-01
7.775870000000000282e+00,8.050203252535663268e+00,1.730879999999999919e-01
7.783649999999999736e+00,8.546702669910134276e+00,4.228520000000000056e-01
7.791439999999999699e+00,8.867173682230214737e+00,3.937530000000000197e-01
7.799240000000000173e+00,9.397718111948744735e+00,2.259790000000000132e-01
7.807039999999999758e+00,9.216253780596590062e+00,3.293300000000000116e-01
7.814849999999999852e+00,9.675866569908214032e+00,7.032589999999999675e-01
7.822669999999999568e+00,1.004275833829035847e+01,3.565920000000000201e-01
7.830499999999999794e+00,9.999630958596659625e+00,2.302720000000000045e-01
7.838330000000000020e+00,9.710302318987825032e+00,2.160829999999999973e-01
7.846169999999999867e+00,9.725658316475596976e+00,2.262160000000000004e-01
7.854020000000000223e+00,9.701600860219359745e+00,1.476419999999999955e-01
7.861880000000000202e+00,1.029483187397381982e+01,3.217510000000000092e-01
7.869749999999999801e+00,1.120305329613553447e+01,2.921690000000000120e-01
7.877620000000000289e+00,1.133538304603855451e+01,2.489909999999999901e-01
7.885500000000000398e+00,1.153630709669038090e+01,2.740190000000000126e-01
7.893390000000000128e+00,1.100582742325831553e+01,4.354120000000000212e-01
7.901290000000000369e+00,1.151824601570068118e+01,4.179229999999999889e-01
7.909189999999999721e+00,1.166788077311685790e+01,1.871420000000000028e-01
7.917110000000000092e+00,1.152230190235602869e+01,2.116159999999999985e-01
7.925029999999999575e+00,1.103734319742232017e+01,3.744990000000000263e-01
7.932959999999999567e+00,1.030789080604666630e+01,3.835089999999999888e-01
7.940889999999999560e+00,1.134576256770861136e+01,6.167690000000000117e-01
7.948839999999999684e+00,1.121982895527563251e+01,4.687870000000000092e-01
7.956789999999999807e+00,1.118092358148761711e+01,4.570290000000000186e-01
7.964750000000000441e+00,1.073033275850379731e+01,2.506380000000000274e-01
7.972719999999999807e+00,1.072015859607924604e+01,1.626990000000000103e-01
7.980699999999999683e+00,1.104430321915438462e+01,1.487499999999999933e-01
7.988679999999999559e+00,1.149588430673321326e+01,2.616169999999999884e-01
7.996679999999999566e+00,1.141437288701078678e+01,2.813620000000000010e-01
8.004680000000000462e+00,1.113640215371153097e+01,3.920390000000000263e-01
8.012689999999999202e+00,1.114145874635749855e+01,3.634539999999999993e-01
8.020699999999999719e+00,1.100356018382222878e+01,3.057409999999999850e-01
8.028729999999999478e+00,1.107757796506048287e+01,2.577289999999999859e-01
8.036759999999999238e+00,1.094094489987967478e+01,1.942619999999999902e-01
8.044800000000000395e+00,1.083184789542074000e+01,2.130229999999999901e-01
8.052849999999999397e+00,1.082408919949718218e+01,2.426339999999999886e-01
8.060909999999999798e+00,1.095427107550618651e+01,3.549399999999999777e-01
8.068970000000000198e+00,1.089671072894216408e+01,3.920960000000000001e-01
8.077040000000000219e+00,9.697095376692983493e+00,2.678420000000000245e-01
8.085119999999999862e+00,9.703727321172493703e+00,1.887679999999999914e-01
8.093209999999999127e+00,9.874508880531033483e+00,1.867600000000000093e-01
8.101309999999999789e+00,1.027014238870327567e+01,2.836080000000000267e-01
8.109420000000000073e+00,1.056393019545617307e+01,2.400539999999999896e-01
8.117530000000000356e+00,1.020168909899026843e+01,2.081959999999999922e-01
8.125650000000000261e+00,1.062450686485744988e+01,3.538810000000000011e-01
8.133779999999999788e+00,1.014278588243520574e+01,4.568439999999999723e-01
8.141920000000000712e+00,1.003962855708701873e+01,5.247640000000000082e-01
8.150069999999999482e+00,8.710237310210553474e+00,5.368169999999999886e-01
8.158220000000000027e+00,8.910828526264914728e+00,3.795859999999999790e-01
8.166380000000000194e+00,8.470890501254265459e+00,3.667110000000000092e-01
8.174549999999999983e+00,7.901925696668396171e+00,2.447330000000000061e-01
8.182729999999999393e+00,8.018836590185753010e+00,1.587520000000000042e-01
8.190920000000000201e+00,8.192525675721833878e+00,1.607419999999999960e-01
8.199109999999999232e+00,8.166008856627197332e+00,2.080950000000000022e-01
8.207319999999999283e+00,8.035261753978661048e+00,2.687700000000000089e-01
8.215529999999999333e+00,7.980813572359974017e+00,3.188909999999999800e-01
8.223750000000000782e+00,7.696253469515239587e+00,2.040909999999999946e-01
8.231970000000000454e+00,7.510996913007627285e+00,1.753260000000000096e-01
8.240209999999999368e+00,7.327520555911739564e+00,2.463229999999999864e-01
8.248459999999999681e+00,7.274040026266856529e+00,2.255300000000000082e-01
8.256709999999999994e+00,7.214070441987390225e+00,1.999930000000000041e-01
8.264969999999999928e+00,6.876901658141072460e+00,1.346839999999999982e-01
8.273239999999999483e+00,6.831136316377561357e+00,1.718079999999999885e-01
8.281520000000000437e+00,6.671977075041258587e+00,2.673530000000000073e-01
8.289799999999999613e+00,6.832038538402445127e+00,2.779329999999999856e-01
8.298090000000000188e+00,6.761311168929180937e+00,3.221450000000000147e-01
8.306400000000000006e+00,6.569186040400795790e+00,3.903989999999999960e-01
8.314709999999999823e+00,6.420689277984017451e+00,5.804869999999999752e-01
8.323029999999999262e+00,5.307011836296604557e+00,1.380879999999999885e-01
8.331350000000000477e+00,5.863667616028370944e+00,3.096459999999999768e-01
8.339689999999999159e+00,5.806736920354598652e+00,1.865529999999999966e-01
8.348029999999999617e+00,5.536544663658922616e+00,1.174440000000000067e-01
8.356389999999999318e+00,5.588171841331149636e+00,1.888779999999999903e-01
8.364750000000000796e+00,5.541342732070312138e+00,2.685679999999999734e-01
8.373110000000000497e+00,5.823959643294871924e+00,2.066270000000000051e-01
8.381489999999999441e+00,5.519304644031929996e+00,1.812620000000000064e-01
8.389879999999999782e+00,5.558891070382609101e+00,2.199440000000000006e-01
8.398270000000000124e+00,5.283531553018347537e+00,2.526059999999999972e-01
8.406670000000000087e+00,5.030318860446753249e+00,2.354100000000000081e-01
8.415079999999999671e+00,5.164955897413703312e+00,2.089779999999999971e-01
8.423500000000000654e+00,5.140745586080708307e+00,1.616460000000000119e-01
8.431929999999999481e+00,4.789390866074770159e+00,1.830720000000000125e-01
8.440369999999999706e+00,4.593694694538200451e+00,1.878670000000000062e-01
8.448809999999999931e+00,4.448868624526530979e+00,2.673079999999999901e-01
8.457269999999999399e+00,4.800598285412416288e+00,2.471669999999999978e-01
8.465730000000000643e+00,4.883403631723687965e+00,1.975520000000000054e-01
8.474199999999999733e+00,5.021279103570126523e+00,1.343679999999999874e-01
8.482680000000000220e+00,4.957327737134878731e+00,1.222450000000000064e-01
8.491160000000000707e+00,4.844560103893401859e+00,2.102519999999999945e-01
8.499660000000000437e+00,4.899564019144575511e+00,2.607679999999999998e-01
8.508160000000000167e+00,5.322957380158046092e+00,2.652820000000000178e-01
8.516669999999999519e+00,5.461735767627722282e+00,1.684479999999999866e-01
8.525199999999999889e+00,5.419195683930279728e+00,1.982939999999999980e-01
8.533720000000000638e+00,5.057360104511364085e+00,1.576589999999999936e-01
8.542260000000000630e+00,5.225812340231101416e+00,1.760210000000000108e-01
8.550810000000000244e+00,4.972462175119574113e+00,2.371399999999999897e-01
8.559359999999999857e+00,4.926618457865446388e+00,1.959730000000000083e-01
8.567930000000000490e+00,5.083572828105189956e+00,1.686400000000000121e-01
8.576499999999999346e+00,5.181639578783657996e+00,2.163740000000000108e-01
8.585079999999999600e+00,5.845616283128940438e+00,2.491130000000000011e-01
8.593669999999999476e+00,5.414706192960480280e+00,3.715589999999999726e-01
8.602270000000000749e+00,4.992412578449354044e+00,3.720289999999999986e-01
8.610879999999999868e+00,5.123838728169211265e+00,2.775690000000000102e-01
8.619490000000000762e+00,5.453091819605042190e+00,2.830520000000000258e-01
8.628109999999999502e+00,5.817870770947108028e+00,2.170670000000000099e-01
8.636749999999999261e+00,5.488575585883527452e+00,2.205100000000000116e-01
8.645390000000000796e+00,5.634216553374848502e+00,2.302879999999999927e-01
8.654040000000000177e+00,5.616693442766035105e+00,1.992500000000000104e-01
8.662699999999999179e+00,5.522609644242718829e+00,2.272409999999999985e-01
8.671359999999999957e+00,4.965070778489881320e+00,3.985620000000000274e-01
8.680039999999999978e+00,5.161675561679528457e+00,3.785000000000000031e-01
8.688719999999999999e+00,4.775231569638112461e+00,2.876429999999999820e-01
8.697419999999999263e+00,4.655838707315977487e+00,2.154580000000000106e-01
8.706120000000000303e+00,4.736703423937083102e+00,2.553489999999999926e-01
8.714829999999999188e+00,4.083427579826338416e+00,2.375120000000000009e-01
8.723549999999999471e+00,4.156614687213025405e+00,1.600650000000000128e-01
8.732279999999999376e+00,3.992068277364737128e+00,1.646710000000000118e-01
8.741009999999999280e+00,3.926891718052663904e+00,2.592920000000000225e-01
8.749760000000000204e+00,3.796288629603143505e+00,2.109010000000000051e-01
8.758509999999999351e+00,4.040861914779002362e+00,2.353919999999999901e-01
8.767269999999999897e+00,3.449915353919605465e+00,2.365019999999999900e-01
8.776049999999999685e+00,3.519954023257575670e+00,1.859570000000000112e-01
8.784829999999999472e+00,3.475878968235846855e+00,2.598139999999999894e-01
8.793620000000000658e+00,3.071194979601973074e+00,4.386149999999999771e-01
8.802410000000000068e+00,2.286203280226988710e+00,3.702130000000000143e-01
8.811220000000000496e+00,2.097712131250991874e+00,1.870709999999999873e-01
8.820040000000000546e+00,1.905523128944256683e+00,2.121649999999999925e-01
8.828860000000000596e+00,2.506836531112641708e+00,2.641510000000000247e-01
8.837690000000000268e+00,2.509958870707245993e+00,2.223719999999999863e-01
8.846539999999999182e+00,1.932698085251791653e+00,2.084840000000000027e-01
8.855389999999999873e+00,1.383449961660465632e+00,2.258489999999999942e-01
8.864250000000000185e+00,1.604622125539339805e+00,2.320270000000000110e-01
8.873120000000000118e+00,1.754318398585905214e+00,1.802769999999999928e-01
8.881990000000000052e+00,1.330037006917416775e+00,2.266900000000000026e-01
8.890879999999999228e+00,1.392792673909797330e+00,2.363929999999999920e-01
8.899770000000000181e+00,9.463776745401872859e-01,3.073730000000000073e-01
8.908680000000000376e+00,8.661082468506773324e-01,2.792890000000000095e-01
8.917590000000000572e+00,9.932752169084704263e-01,2.886489999999999889e-01
8.926510000000000389e+00,1.105188871854281274e+00,2.632889999999999953e-01
8.935439999999999827e+00,1.150553162610860269e+00,2.428089999999999971e-01
8.944390000000000285e+00,9.412803305032948487e-01,2.140859999999999985e-01
8.953329999999999345e+00,5.037495561343252604e-01,3.099830000000000085e-01
8.962289999999999424e+00,5.588896617925414034e-01,2.147860000000000047e-01
8.971259999999999124e+00,8.564964091501465759e-01,1.853470000000000117e-01
8.980230000000000601e+00,7.120639852280579163e-01,1.669980000000000075e-01
8.989219999999999544e+00,6.862157853350634440e-01,2.846090000000000009e-01
8.998210000000000264e+00,6.322357573601138370e-01,2.747510000000000230e-01
9.007220000000000226e+00,4.909489684629484429e-01,2.245050000000000101e-01
9.016230000000000189e+00,6.673377621606988441e-01,2.781190000000000051e-01
9.025249999999999773e+00,1.173816966722556643e+00,3.128480000000000150e-01
9.034280000000000754e+00,8.435907467343906063e-01,3.994840000000000058e-01
9.043319999999999581e+00,-3.403671250878481658e-02,3.870600000000000152e-01
9.052360000000000184e+00,-1.084174433199608600e+00,6.690669999999999673e-01
9.061420000000000030e+00,-1.028492168901259163e+00,6.447279999999999678e-01
9.070489999999999498e+00,-1.017984669120384211e-01,3.497339999999999893e-01
9.079560000000000741e+00,6.174963916539333297e-01,3.978639999999999954e-01
9.088649999999999451e+00,1.040325347817113055e+00,4.988480000000000136e-01
9.097739999999999938e+00,4.738631575222669312e-01,7.142110000000000403e-01
9.106840000000000046e+00,7.895286909830794286e-01,7.113000000000000433e-01
9.115949999999999775e+00,2.345262897383051381e-01,5.360829999999999762e-01
9.125069999999999126e+00,6.883603164761957771e-01,4.128569999999999740e-01
9.134199999999999875e+00,2.664351550884553887e-01,3.502589999999999870e-01
9.143340000000000245e+00,1.063552107242724531e-01,3.379710000000000214e-01
9.152490000000000236e+00,4.524761672985988525e-03,2.124389999999999890e-01
9.161649999999999849e+00,1.826335247373584991e-01,2.111129999999999951e-01
9.170809999999999462e+00,1.103253613408767819e-01,2.660839999999999872e-01
9.179990000000000094e+00,6.729789289622800652e-02,2.172870000000000079e-01
9.189170000000000726e+00,-3.392277261975049640e-01,2.808889999999999998e-01
9.198370000000000601e+00,-6.346530094647597764e-01,2.787660000000000138e-01
9.207570000000000476e+00,-8.005856872680183756e-02,2.812470000000000248e-01
9.216779999999999973e+00,-2.977657926460697269e-01,4.067330000000000112e-01
9.226000000000000867e+00,-4.103160713691966777e-01,4.179490000000000149e-01
9.235229999999999606e+00,-2.311510678389776530e-01,4.256220000000000003e-01
9.244469999999999743e+00,4.927872814638316612e-01,4.111839999999999939e-01
9.253719999999999501e+00,-1.837432342221081427e-01,3.840129999999999932e-01
9.262980000000000658e+00,4.447148993179119714e-01,4.058530000000000193e-01
9.272249999999999659e+00,3.210189205303937143e-01,3.226789999999999936e-01
9.281530000000000058e+00,6.782257913486464673e-01,3.770749999999999935e-01
9.290810000000000457e+00,4.203720977120042335e-01,3.864620000000000277e-01
9.300110000000000099e+00,2.109546866649356645e-01,3.447439999999999949e-01
9.309409999999999741e+00,-2.296101753238044552e-01,3.396279999999999855e-01
9.318730000000000402e+00,3.792728298337877391e-01,3.709330000000000127e-01
9.328049999999999287e+00,9.629205674621257316e-01,2.467989999999999906e-01
9.337379999999999569e+00,5.956080327866342117e-01,2.190259999999999985e-01
9.346719999999999473e+00,3.422903733503854795e-01,2.022079999999999989e-01
9.356080000000000396e+00,2.861398696139705322e-01,2.104719999999999924e-01
9.365439999999999543e+00,-7.542429732390409924e-02,1.742249999999999910e-01
9.374810000000000088e+00,3.306701115193177998e-01,2.199399999999999966e-01
9.384190000000000254e+00,3.675771114220243163e-01,2.510240000000000249e-01
9.393580000000000041e+00,4.874504327513129454e-01,2.513889999999999736e-01
9.402969999999999828e+00,4.587294449562993037e-01,2.169030000000000125e-01
9.412380000000000635e+00,7.621962689749093300e-01,3.326790000000000025e-01
9.421799999999999287e+00,3.757889369361571141e-01,2.720040000000000235e-01
9.431219999999999715e+00,2.719485378313866164e-01,2.004340000000000011e-01
9.440659999999999386e+00,-5.304868720013544703e-02,2.508610000000000007e-01
9.450110000000000454e+00,5.123686371933722228e-02,3.560200000000000031e-01
9.459559999999999746e+00,-2.647515693705084772e-01,3.741260000000000141e-01
9.469030000000000058e+00,3.425554927581195841e-01,4.358040000000000247e-01
9.478500000000000369e+00,8.737934347416693726e-01,2.849610000000000198e-01
9.487980000000000302e+00,4.854217199164310159e-01,3.644240000000000257e-01
9.497469999999999857e+00,-9.089561040269700243e-04,4.501850000000000018e-01
9.506980000000000430e+00,2.653605466779946909e-01,3.371190000000000020e-01
9.516489999999999227e+00,6.447379944104039140e-01,2.012740000000000085e-01
9.526009999999999422e+00,7.523722875948841704e-01,1.982960000000000000e-01
9.535539999999999239e+00,6.805091658121735776e-01,1.146309999999999968e-01
9.545080000000000453e+00,7.829946758786192618e-01,1.057939999999999992e-01
9.554629999999999512e+00,4.688751726625195460e-01,2.064819999999999989e-01
9.564189999999999969e+00,3.716973199013455798e-01,2.866219999999999879e-01
9.573760000000000048e+00,9.843080910197752331e-01,2.385430000000000050e-01
9.583339999999999748e+00,1.246354769948625929e+00,2.854149999999999743e-01
9.592930000000000845e+00,6.758849519446279430e-01,3.796269999999999922e-01
9.602520000000000167e+00,7.842540470490995119e-01,3.285480000000000067e-01
9.612130000000000507e+00,1.167195986610778391e+00,3.762759999999999994e-01
9.621750000000000469e+00,1.117966039099185238e+00,4.253399999999999959e-01
9.631370000000000431e+00,3.065225475207835615e-01,4.309299999999999797e-01
9.641009999999999636e+00,8.232962467154134600e-01,2.997389999999999777e-01
9.650660000000000238e+00,5.485454992337057689e-01,2.533529999999999949e-01
9.660310000000000841e+00,1.364311171345242713e-01,2.406770000000000020e-01
9.669980000000000686e+00,1.648158734240823264e-02,2.862149999999999972e-01
9.679650000000000531e+00,3.305696683591889951e-01,2.728510000000000102e-01
9.689339999999999620e+00,5.182228800954913339e-01,2.674489999999999923e-01
9.699030000000000484e+00,9.616160129719553140e-01,2.895760000000000001e-01
9.708729999999999194e+00,5.424885370972969412e-01,3.371569999999999845e-01
9.718450000000000699e+00,2.211793846420633258e-01,2.971039999999999792e-01
9.728170000000000428e+00,3.452656001553506826e-01,2.165340000000000042e-01
9.737899999999999778e+00,4.304868957429839327e-01,1.584009999999999863e-01
9.747650000000000148e+00,4.438830929112622670e-01,2.308510000000000006e-01
9.757400000000000517e+00,6.380325304787124452e-01,2.367839999999999945e-01
9.767160000000000508e+00,5.571756529678726366e-01,2.193670000000000064e-01
9.776930000000000121e+00,2.857659623510784286e-01,2.981079999999999841e-01
9.786720000000000752e+00,2.256452387709941831e-01,3.863199999999999967e-01
9.796509999999999607e+00,-9.360796178333075090e-02,3.109040000000000137e-01
9.806309999999999860e+00,8.456485523266188409e-01,2.999899999999999789e-01
9.816119999999999735e+00,9.862695971859434252e-01,3.471839999999999926e-01
9.825939999999999230e+00,7.637103194626906344e-01,2.441180000000000017e-01
9.835770000000000124e+00,3.032619724815965867e-02,3.357760000000000189e-01
9.845610000000000639e+00,4.073040898102675555e-03,3.257539999999999880e-01
9.855460000000000775e+00,5.944043128485354543e-01,2.924249999999999905e-01
9.865320000000000533e+00,-1.548746906416162972e-01,3.262769999999999837e-01
9.875189999999999912e+00,1.220991984490709115e-01,3.217389999999999972e-01
9.885070000000000690e+00,7.245875127356544709e-01,2.346100000000000130e-01
9.894959999999999312e+00,1.043051542340396765e+00,2.842480000000000007e-01
9.904859999999999332e+00,1.415852334274445568e+00,3.979110000000000147e-01
9.914770000000000749e+00,1.318950691818956855e+00,3.288479999999999737e-01
9.924690000000000012e+00,1.017807173905527662e+00,3.689580000000000082e-01
9.934620000000000672e+00,9.285820944960541112e-01,3.182099999999999929e-01
9.944559999999999178e+00,1.320235521961953040e+00,3.057500000000000218e-01
9.954510000000000858e+00,4.352272784627047031e-01,2.733129999999999726e-01
9.964470000000000383e+00,5.599169393238714321e-01,2.670469999999999788e-01
9.974439999999999529e+00,5.563638324143891367e-01,2.414050000000000085e-01
9.984420000000000073e+00,2.706270375232850967e-01,1.954490000000000116e-01
9.994410000000000238e+00,-2.177346142642289095e-01,2.839189999999999769e-01
1.000440000000000040e+01,-4.636583183715234924e-01,3.886720000000000175e-01
1.001440000000000019e+01,-1.815899166998704573e-01,3.528490000000000237e-01
1.002439999999999998e+01,-4.482668888704886001e-01,2.544980000000000020e-01
1.003449999999999953e+01,-3.203751761458626390e-01,2.852799999999999780e-01
1.004449999999999932e+01,3.230446306726975081e-03,3.414179999999999993e-01
1.005460000000000065e+01,-1.989825388864776556e-01,4.423759999999999915e-01
1.006460000000000043e+01,1.412371267293828225e-01,5.023189999999999600e-01
1.007469999999999999e+01,1.968492066438134458e-01,4.441590000000000260e-01
1.008479999999999954e+01,-3.179416251852380526e-01,3.954090000000000105e-01
1.009490000000000087e+01,-1.353783525298926094e-01,3.783110000000000084e-01
1.010500000000000043e+01,5.821960408377364615e-01,3.141419999999999768e-01
1.011509999999999998e+01,4.400385711455410132e-01,3.557870000000000199e-01
1.012519999999999953e+01,4.473062546213988355e-01,3.657869999999999733e-01
1.013530000000000086e+01,7.102561074931905694e-01,2.929309999999999969e-01
1.014550000000000018e+01,5.991609015688226236e-01,2.920690000000000230e-01
1.015559999999999974e+01,4.332399488188709569e-01,3.254070000000000018e-01
1.016580000000000084e+01,8.452746647109794509e-01,3.683690000000000020e-01
1.017590000000000039e+01,9.109092647095273776e-01,3.749370000000000203e-01
1.018609999999999971e+01,-2.061014584356897217e-01,4.115770000000000262e-01
1.019630000000000081e+01,-2.261046540696387552e-01,3.729640000000000177e-01
1.020650000000000013e+01,4.552554046071008997e-01,3.503950000000000120e-01
1.021669999999999945e+01,7.495344443939391255e-01,2.871960000000000068e-01
1.022690000000000055e+01,1.004388192090281962e+00,2.792029999999999790e-01
1.023719999999999963e+01,5.688162928437900945e-01,3.800040000000000084e-01
1.024740000000000073e+01,1.059176478011139011e+00,3.542290000000000161e-01
1.025769999999999982e+01,9.948011782404897474e-01,3.403030000000000221e-01
1.026789999999999914e+01,6.160889676171485974e-01,3.790839999999999765e-01
1.027820000000000000e+01,1.433296807933714945e-01,4.268080000000000207e-01
1.028850000000000087e+01,-5.174533119755331256e-02,3.069219999999999726e-01
1.029879999999999995e+01,1.184183434829098047e-01,1.929339999999999944e-01
1.030910000000000082e+01,3.144751166732842051e-01,3.861439999999999872e-01
1.031939999999999991e+01,9.508794002121003786e-01,4.783970000000000167e-01
1.032970000000000077e+01,7.803856059378819765e-01,3.570229999999999793e-01
1.034009999999999962e+01,5.651696823940692838e-01,3.219870000000000232e-01
1.035040000000000049e+01,-1.171713283556030660e-03,3.850020000000000109e-01
1.036079999999999934e+01,5.667615964940573292e-01,4.098990000000000133e-01
1.037110000000000021e+01,3.587073576321486712e-01,4.903730000000000033e-01
1.038150000000000084e+01,2.478866924087448353e-01,4.898250000000000104e-01
1.039189999999999969e+01,8.140592287408683347e-01,2.942370000000000263e-01
1.040230000000000032e+01,9.517766818901218784e-01,2.330480000000000051e-01
1.041269999999999918e+01,7.850907671181222014e-01,2.079350000000000087e-01
1.042309999999999981e+01,2.766531996864678433e-01,2.342079999999999995e-01
1.043350000000000044e+01,6.074156948567726033e-01,2.552679999999999949e-01
1.044400000000000084e+01,8.771218152898345721e-01,2.041699999999999904e-01
1.045439999999999969e+01,1.148329289135304521e+00,3.189660000000000273e-01
1.046490000000000009e+01,1.089464136894312318e+00,3.346620000000000150e-01
1.047540000000000049e+01,6.362877326057549965e-01,3.237220000000000097e-01
1.048579999999999934e+01,1.246199882472511788e+00,4.063490000000000157e-01
1.049629999999999974e+01,1.297469004611503607e+00,3.997339999999999782e-01
1.050680000000000014e+01,2.911860321463208834e-01,3.737750000000000239e-01
1.051730000000000054e+01,4.681041865150366021e-01,3.361910000000000176e-01
1.052790000000000070e+01,4.020996807821397567e-01,2.777760000000000229e-01
1.053839999999999932e+01,6.177341440779038351e-02,3.581799999999999984e-01
1.054889999999999972e+01,-2.632915539476048394e-01,3.702440000000000175e-01
1.055949999999999989e+01,-7.165365550597968536e-01,3.383959999999999746e-01
1.057010000000000005e+01,8.087651474848556177e-02,5.777360000000000273e-01
1.058060000000000045e+01,-2.382938389230240261e-01,4.765220000000000011e-01
1.059120000000000061e+01,-2.547965339916036243e-01,4.083080000000000043e-01
1.060180000000000078e+01,-1.931774049754313438e-01,3.228039999999999798e-01
1.061239999999999917e+01,-5.968169529590205968e-02,3.299560000000000271e-01
1.062299999999999933e+01,-3.425464837444280874e-02,4.922469999999999901e-01
1.063369999999999926e+01,5.105407913293475985e-01,7.096360000000000445e-01
1.064429999999999943e+01,5.819935417815287337e-01,3.072349999999999803e-01
1.065499999999999936e+01,-2.597756105614479338e-02,3.687619999999999787e-01
1.066559999999999953e+01,-6.778701552037169620e-02,3.823969999999999869e-01
1.067629999999999946e+01,2.312638248797220797e-01,3.581300000000000039e-01
1.068699999999999939e+01,-1.904670607062382004e-01,2.227069999999999883e-01
1.069769999999999932e+01,2.327586186233112642e-01,2.202919999999999878e-01
1.070839999999999925e+01,-7.622208462300701370e-01,4.825349999999999917e-01
1.071909999999999918e+01,-6.020671643648167759e-01,5.483000000000000096e-01
1.072979999999999912e+01,-9.924204487938048658e-02,4.521890000000000076e-01
1.074050000000000082e+01,-4.012071968721890869e-01,3.684060000000000112e-01
1.075130000000000052e+01,-1.038344137479203511e-01,3.249219999999999886e-01
1.076200000000000045e+01,-6.059623795934285795e-01,3.546730000000000160e-01
1.077280000000000015e+01,-2.775693682750617342e-01,3.742889999999999828e-01
1.078359999999999985e+01,6.196940790563285617e-01,4.710030000000000050e-01
1.079439999999999955e+01,-4.979326630563196687e-01,5.078289999999999749e-01
1.080519999999999925e+01,-6.943102200700916882e-01,3.661150000000000237e-01
1.081600000000000072e+01,-5.307992174420661513e-01,3.793030000000000013e-01
1.082680000000000042e+01,-1.450160280629308573e+00,5.180080000000000240e-01
1.083760000000000012e+01,-8.037540350889003093e-01,3.196089999999999764e-01
1.084849999999999959e+01,-1.216812102695834952e+00,3.665970000000000062e-01
1.085929999999999929e+01,-1.201546950077148068e+00,5.974899999999999656e-01
1.087020000000000053e+01,-3.098542382015718744e-01,4.998369999999999758e-01
1.088109999999999999e+01,-1.303322492212508621e+00,4.981280000000000152e-01
1.089199999999999946e+01,-1.422112336712668679e-01,5.722610000000000197e-01
1.090290000000000070e+01,-1.268018990942643143e-02,5.070350000000000135e-01
1.091380000000000017e+01,3.934895617531832812e-01,4.483590000000000075e-01
1.092469999999999963e+01,9.649772624699899382e-01,4.230820000000000136e-01
1.093560000000000088e+01,1.128457833645420294e+00,3.768290000000000251e-01
1.094660000000000011e+01,3.419991077483839348e-01,3.131579999999999919e-01
1.095749999999999957e+01,-7.050031181573022110e-01,3.679379999999999873e-01
1.096850000000000058e+01,-1.103881804635935993e+00,3.545380000000000198e-01
1.097949999999999982e+01,-7.522556379359439660e-01,3.402549999999999741e-01
1.099039999999999928e+01,8.303112292188430388e-02,4.433779999999999943e-01
1.100140000000000029e+01,3.915838474056112517e-01,4.694980000000000264e-01
1.101239999999999952e+01,4.568643338359255068e-01,3.906140000000000168e-01
1.102350000000000030e+01,-2.152179430289944406e-01,3.772789999999999755e-01
1.103449999999999953e+01,-1.405413819531275976e-02,3.626550000000000051e-01
1.104550000000000054e+01,-1.528401312867764261e-01,4.323910000000000253e-01
1.105659999999999954e+01,-1.090517491077083179e-01,4.210119999999999973e-01
1.106760000000000055e+01,1.958897513709665361e-01,3.915739999999999776e-01
1.107869999999999955e+01,2.643624749883528580e-01,5.577419999999999600e-01
1.108980000000000032e+01,3.061899888113615020e-01,3.665220000000000145e-01
1.110089999999999932e+01,-1.661541917134279345e-01,3.037210000000000187e-01
1.111200000000000010e+01,-2.109655113945763105e-02,4.996430000000000038e-01
1.112310000000000088e+01,-7.786357402014232321e-02,4.593889999999999918e-01
1.113429999999999964e+01,-3.148056288848639639e-01,4.587280000000000246e-01
1.114540000000000042e+01,-1.443986484985728680e-01,5.195870000000000211e-01
1.115649999999999942e+01,3.798039761731892838e-01,4.094180000000000041e-01
1.116769999999999996e+01,1.192959532008142531e+00,2.695710000000000051e-01
1.117890000000000050e+01,1.331061912325466778e+00,3.675709999999999811e-01
1.119009999999999927e+01,1.642183910304996886e+00,6.113629999999999898e-01
1.120129999999999981e+01,3.262498319126532209e+00,5.247190000000000465e-01
1.121250000000000036e+01,3.469177931969927187e+00,5.865380000000000038e-01
1.122369999999999912e+01,3.855795542014998745e+00,6.045890000000000430e-01
1.123489999999999966e+01,4.303123942441562377e+00,3.940910000000000246e-01
1.124619999999999997e+01,3.587229184984355612e+00,3.912919999999999732e-01
1.125740000000000052e+01,2.728997926533690332e+00,4.602010000000000267e-01
1.126870000000000083e+01,3.445789372500527747e+00,5.182940000000000325e-01
1.127989999999999959e+01,4.299988654050871162e+00,5.283160000000000078e-01
1.129119999999999990e+01,3.354555521952839570e+00,6.228000000000000203e-01
1.130250000000000021e+01,3.653968256691484839e+00,4.835240000000000093e-01
1.131380000000000052e+01,4.489298916166429620e+00,5.100400000000000489e-01
1.132520000000000060e+01,5.141610316760381494e+00,1.112149999999999972e+00
1.133649999999999913e+01,2.837191653794793211e+00,6.371189999999999909e-01
1.134779999999999944e+01,3.682806841989116009e+00,6.870450000000000168e-01
1.135919999999999952e+01,5.572913901676056270e+00,9.477970000000000006e-01
1.137049999999999983e+01,4.562410876263140125e+00,7.163749999999999840e-01
1.138189999999999991e+01,2.929739142555430220e+00,9.824490000000000167e-01
1.139329999999999998e+01,1.956084047609575549e+00,1.241740000000000066e+00
1.140470000000000006e+01,4.408816900915333292e+00,7.580550000000000344e-01
1.141610000000000014e+01,3.484209011962455804e+00,7.348850000000000104e-01
1.142750000000000021e+01,1.082031690240683020e+00,8.033869999999999623e-01
1.143900000000000006e+01,-1.986778419751757951e-01,6.421630000000000393e-01
1.145040000000000013e+01,1.277016028314509555e+00,5.294450000000000545e-01
1.146189999999999998e+01,2.533112024630732151e+00,5.113389999999999880e-01
1.147330000000000005e+01,1.654161315998642579e+00,6.380169999999999453e-01
1.148479999999999990e+01,5.296460543792242959e-01,3.537230000000000096e-01
1.149629999999999974e+01,5.455789056091582268e-01,4.682419999999999916e-01
1.150779999999999959e+01,3.746304175224857147e-01,6.724390000000000089e-01
1.151929999999999943e+01,3.829711379532270143e-01,6.096660000000000412e-01
1.153079999999999927e+01,1.120716147354130499e-01,5.359399999999999720e-01
1.154240000000000066e+01,-6.359760123358277895e-01,4.650719999999999854e-01
1.155390000000000050e+01,-9.867505880627120973e-01,5.975989999999999913e-01
1.156550000000000011e+01,-5.334451589536683969e-01,6.284650000000000514e-01
1.157709999999999972e+01,-5.551115441535188211e-01,4.491689999999999849e-01
1.158859999999999957e+01,-5.474750058789581431e-01,4.019730000000000247e-01
1.160019999999999918e+01,3.070316026485677696e-01,6.009039999999999937e-01
1.161180000000000057e+01,-5.502240241048177438e-01,7.690580000000000194e-01
1.162349999999999994e+01,-1.580599771716503454e+00,4.167489999999999806e-01
1.163509999999999955e+01,-9.412786362167864240e-01,4.931079999999999908e-01
1.164669999999999916e+01,7.308932187165595451e-02,5.828769999999999785e-01
1.165840000000000032e+01,-2.127788969970580979e-01,7.202060000000000128e-01
1.167009999999999970e+01,-1.318785644751123698e-01,6.505300000000000527e-01
1.168169999999999931e+01,1.540030235636898226e+00,5.790680000000000271e-01
1.169340000000000046e+01,1.546284101296386382e+00,5.606079999999999952e-01
1.170509999999999984e+01,-2.488469857911113081e-02,5.040519999999999445e-01
1.171679999999999922e+01,-4.064559327570549385e-01,5.642030000000000101e-01
1.172850000000000037e+01,3.032493665883393419e-01,5.366929999999999756e-01
1.174029999999999951e+01,6.462983234772643470e-01,4.808450000000000224e-01
1.175200000000000067e+01,-3.338032157280892420e-01,4.766210000000000169e-01
1.176379999999999981e+01,-2.201308990238686647e+00,3.690899999999999737e-01
1.177560000000000073e+01,-1.374219274754249653e+00,1.001449999999999951e+00
1.178730000000000011e+01,1.983589487123865069e+00,1.401520000000000099e+00
1.179909999999999926e+01,3.204278348356481843e-01,6.760549999999999615e-01
1.181090000000000018e+01,3.819144253423587543e-01,5.142649999999999721e-01
1.182280000000000086e+01,1.093184279223979871e+00,6.455290000000000195e-01
1.183460000000000001e+01,1.522618788751106678e+00,6.270769999999999955e-01
1.184639999999999915e+01,8.740557259002414980e-01,6.550059999999999771e-01
1.185829999999999984e+01,-2.240738489102085396e-01,4.674590000000000134e-01
1.187010000000000076e+01,-3.547846897784268094e-02,4.964859999999999829e-01
1.188199999999999967e+01,-3.778942183597422400e-03,6.410590000000000455e-01
1.189390000000000036e+01,-4.709351834409858384e-01,7.349010000000000264e-01
1.190579999999999927e+01,4.279394631504374047e-01,4.899290000000000034e-01
1.191769999999999996e+01,-1.745683465088880837e-01,5.599530000000000340e-01
1.192960000000000065e+01,-9.987719565185244619e-01,6.508099999999999996e-01
1.194159999999999933e+01,-1.962421988405282036e+00,5.253139999999999477e-01
1.195350000000000001e+01,-2.649652011216716119e+00,3.710740000000000149e-01
1.196550000000000047e+01,-2.597743194235810904e+00,4.480509999999999771e-01
1.197749999999999915e+01,-1.637169401122893220e+00,5.194250000000000256e-01
1.198939999999999984e+01,-3.004629941619356259e+00,7.261630000000000029e-01
1.200140000000000029e+01,-2.061867842448300792e+00,6.897980000000000222e-01
1.201340000000000074e+01,-2.628274930898967909e+00,5.373090000000000366e-01
1.202549999999999919e+01,-2.953547289103159557e+00,1.162989999999999968e+00
1.203749999999999964e+01,6.207842683557949215e-01,1.508659999999999890e+00
1.204950000000000010e+01,-1.523686044578838050e+00,9.086229999999999585e-01
1.206160000000000032e+01,-5.519206528290396818e-01,9.431629999999999736e-01
1.207370000000000054e+01,-1.919853960817555105e+00,8.052329999999999766e-01
1.208569999999999922e+01,-2.105869900187020249e+00,5.947649999999999881e-01
1.209779999999999944e+01,-1.621241597344230456e+00,4.902429999999999843e-01
1.210989999999999966e+01,-1.524439450276911856e+00,5.005049999999999777e-01
1.212199999999999989e+01,-1.442272360036159995e+00,6.244769999999999488e-01
1.213419999999999987e+01,-1.011112533623151677e+00,1.008259999999999934e+00
1.214630000000000010e+01,-5.684249621145269771e-01,6.717659999999999743e-01
1.215850000000000009e+01,-1.481726202301256734e+00,4.468759999999999954e-01
1.217060000000000031e+01,-3.321507359714388485e-01,5.718339999999999534e-01
1.218280000000000030e+01,-2.304259272894171318e-02,3.798920000000000075e-01
1.219500000000000028e+01,1.321940834413126709e-02,5.236199999999999743e-01
1.220720000000000027e+01,-1.090676627583867742e+00,8.682959999999999567e-01
1.221940000000000026e+01,-2.441324623664581139e+00,6.913390000000000368e-01
1.223160000000000025e+01,-2.541383302856665694e+00,9.357419999999999627e-01
1.224390000000000001e+01,-2.283100250902844408e+00,8.644589999999999774e-01
1.225370000000000026e+01,-9.135693004576594944e-01,1.979780000000000095e+00
1.225609999999999999e+01,-1.313442598394836125e+00,5.684869999999999646e-01
1.226590000000000025e+01,4.224465814435305333e-01,1.606459999999999999e+00
1.226839999999999975e+01,3.591732934772871033e-01,1.023719999999999963e+00
1.227820000000000000e+01,7.556867461331151503e-01,2.042469999999999786e+00
1.228069999999999951e+01,1.370872534302520762e+00,8.045050000000000257e-01
1.229049999999999976e+01,-4.175439128955591883e+00,1.923429999999999973e+00
1.229299999999999926e+01,5.942931361833032611e-01,6.511930000000000218e-01
1.230279999999999951e+01,-4.631093031720133979e+00,1.299120000000000053e+00
1.230530000000000079e+01,5.956731112220694513e-01,8.768049999999999455e-01
1.231509999999999927e+01,-3.208036950058080095e+00,1.001970000000000027e+00
1.231760000000000055e+01,-7.491495284787355047e-01,8.853680000000000438e-01
1.232740000000000080e+01,-4.657332871866994850e+00,6.270299999999999763e-01
1.232990000000000030e+01,-2.589736770816678302e+00,8.794809999999999572e-01
1.233970000000000056e+01,-2.568442785044428689e+00,1.786019999999999941e+00
1.234220000000000006e+01,-3.445350603689316671e+00,1.080200000000000049e+00
1.235210000000000008e+01,-6.157163124448544522e+00,3.239720000000000155e+00
1.235459999999999958e+01,-2.802184395854485643e+00,1.356579999999999897e+00
1.236439999999999984e+01,-9.059672099609343832e+00,1.153280000000000083e+00
1.236689999999999934e+01,-2.410722591475064291e+00,1.165680000000000049e+00
1.237679999999999936e+01,1.491513399016696440e+00,3.568760000000000154e+00
1.237930000000000064e+01,-1.585876052071942155e+00,8.488630000000000342e-01
1.238920000000000066e+01,-1.106235693732536163e+00,2.099340000000000206e+00
1.239170000000000016e+01,-2.314769089075383590e-01,7.047139999999999516e-01
1.240160000000000018e+01,-1.084482889979710762e+00,1.283500000000000085e+00
1.240409999999999968e+01,1.382113258954902335e-01,7.607819999999999583e-01
1.241399999999999970e+01,-1.214791701847520500e+00,7.832820000000000338e-01
1.241649999999999920e+01,-2.150748597855560718e-01,1.067260000000000097e+00
1.242639999999999922e+01,-8.238256414586295762e-01,5.247070000000000345e-01
1.242890000000000050e+01,-9.149989780733669420e-01,1.019490000000000007e+00
1.243880000000000052e+01,-3.495482209357412273e-01,6.769979999999999887e-01
1.244139999999999979e+01,-6.804623771415236888e-01,1.055830000000000046e+00
1.245129999999999981e+01,-1.174251713666500052e+00,4.473960000000000159e-01
1.245379999999999932e+01,9.797584177551570406e-01,1.016880000000000006e+00
1.246369999999999933e+01,-1.977312034071090352e-01,4.798769999999999980e-01
1.246630000000000038e+01,1.817534597804687735e+00,7.476770000000000360e-01
1.247620000000000040e+01,-2.724977616250114920e-01,5.574329999999999563e-01
1.247869999999999990e+01,1.204444204486371461e+00,1.349120000000000097e+00
1.248869999999999969e+01,-1.004987688186627537e+00,6.377260000000000151e-01
1.249119999999999919e+01,-2.844982030797602590e-01,1.405710000000000015e+00
1.250120000000000076e+01,1.167633955776622656e+00,1.125639999999999974e+00
1.250370000000000026e+01,-2.523842052347308851e+00,1.035390000000000033e+00
1.251370000000000005e+01,7.939021091333202662e-01,9.216370000000000395e-01
1.251619999999999955e+01,-1.278524044476831989e-01,1.064680000000000071e+00
1.252619999999999933e+01,-1.249548289247929489e+00,7.496819999999999595e-01
1.252870000000000061e+01,-7.424943205123000212e-01,9.684639999999999915e-01
1.253880000000000017e+01,-4.157450500995025777e-01,8.715730000000000421e-01
1.254129999999999967e+01,-1.205594099978082312e+00,1.155589999999999895e+00
1.255129999999999946e+01,1.233179612930619840e+00,1.411240000000000050e+00
1.255380000000000074e+01,8.224129168183011984e-01,1.258790000000000076e+00
1.256390000000000029e+01,2.029541499336257715e+00,9.928209999999999535e-01
1.256639999999999979e+01,-9.270545529690608078e-01,9.797510000000000385e-01
1.257639999999999958e+01,1.040878893131978344e+00,7.071720000000000228e-01
1.257900000000000063e+01,-1.454701906158256008e+00,1.347879999999999967e+00
1.258900000000000041e+01,1.037349975038885930e-01,6.504609999999999559e-01
1.259159999999999968e+01,-2.725495777872900760e+00,1.984799999999999898e+00
1.260159999999999947e+01,-1.256508301668386451e+00,5.154149999999999565e-01
1.260410000000000075e+01,-1.486872737556037549e+00,3.665810000000000013e+00
1.261420000000000030e+01,-1.835117639508460741e+00,6.641749999999999599e-01
1.262679999999999936e+01,-1.180059651139959698e+00,8.086750000000000327e-01
1.263949999999999996e+01,-9.701931664653429266e-02,8.045750000000000401e-01
1.265210000000000079e+01,3.876580263831641560e-03,7.076160000000000228e-01
1.266479999999999961e+01,-4.921790003489938670e-01,8.233519999999999728e-01
1.267740000000000045e+01,4.844546130759255220e-01,1.057539999999999925e+00
1.269009999999999927e+01,1.108164116581182412e+00,3.684529999999999750e-01
1.270279999999999987e+01,3.002715055512830133e-01,6.844010000000000371e-01
1.271550000000000047e+01,4.805861583122421621e-01,6.303840000000000554e-01
1.272830000000000084e+01,2.275068919523803856e-01,5.670739999999999670e-01
1.274099999999999966e+01,6.076247776773868736e-02,5.631819999999999604e-01
1.275370000000000026e+01,1.002652748795455295e+00,7.465439999999999854e-01
1.276650000000000063e+01,-7.279308347481503461e-01,6.008109999999999840e-01
1.277929999999999922e+01,1.476312386365030704e-01,6.210400000000000365e-01
1.279209999999999958e+01,4.285146189706058095e+00,1.202360000000000095e+00
1.280480000000000018e+01,8.103753059268640868e+00,1.140290000000000026e+00
1.281770000000000032e+01,7.991563607926366331e+00,9.826930000000000387e-01
1.283050000000000068e+01,5.059180516590370047e+00,9.461760000000000170e-01
1.284329999999999927e+01,1.287279185965775952e+00,6.402600000000000513e-01
1.285619999999999941e+01,-2.789937342649295715e-01,3.915989999999999749e-01
1.286899999999999977e+01,-1.046618869867277368e+00,1.061860000000000026e+00
1.288189999999999991e+01,-2.123520659319325432e+00,1.366989999999999927e+00
1.289480000000000004e+01,-4.283335023364642780e-01,7.522940000000000182e-01
1.290770000000000017e+01,5.984763029180584226e-02,3.663759999999999795e-01
1.292060000000000031e+01,-2.610722322240519588e-01,3.145910000000000095e-01
1.293350000000000044e+01,-2.678806067353534104e-02,5.172060000000000546e-01
1.294650000000000034e+01,-7.162342895169970802e-01,4.050030000000000019e-01
1.295940000000000047e+01,-2.986411774039332556e-01,4.481720000000000148e-01
1.297240000000000038e+01,-6.874984288605467952e-01,4.155190000000000272e-01
1.298540000000000028e+01,-3.125637767938655998e-01,2.765610000000000013e-01
1.299840000000000018e+01,-3.765344177817731008e-01,2.582149999999999723e-01
1.301140000000000008e+01,-1.793907548402149388e+00,7.387679999999999803e-01
1.302439999999999998e+01,-5.661803652328742942e-01,4.352340000000000098e-01
1.303739999999999988e+01,-1.091500648518284322e-01,3.199100000000000277e-01
1.305049999999999955e+01,3.008111316636465915e-01,2.916239999999999943e-01
1.306349999999999945e+01,1.341357671341043556e-01,6.434299999999999464e-01
1.307659999999999911e+01,-9.724453738264813296e-01,3.514599999999999946e-01
1.308970000000000056e+01,-5.355672359253560444e-02,4.556819999999999760e-01
1.310280000000000022e+01,-1.614977390379657152e-01,5.039299999999999891e-01
1.311589999999999989e+01,2.919321229633382586e-01,3.032460000000000155e-01
1.312899999999999956e+01,2.051334055374667287e-01,5.023659999999999792e-01
1.314209999999999923e+01,-1.228693348189473511e+00,4.358060000000000267e-01
1.315530000000000044e+01,-8.601076273563279528e-01,4.671199999999999797e-01
1.316849999999999987e+01,-5.104021469622601614e-01,5.292949999999999600e-01
1.318159999999999954e+01,-2.218643599132512634e-01,3.843070000000000097e-01
1.319480000000000075e+01,1.810367343171392918e-02,7.646209999999999951e-01
1.320800000000000018e+01,-9.609130186434171605e-01,6.142279999999999962e-01
1.322119999999999962e+01,3.270838119183281378e-01,5.524820000000000286e-01
1.323450000000000060e+01,4.303603304160574794e-01,5.985089999999999577e-01
1.324770000000000003e+01,-9.915242262786705396e-02,8.261659999999999560e-01
1.326099999999999923e+01,-1.315353525875021745e+00,3.954690000000000150e-01
1.327420000000000044e+01,-1.016585959528697458e+00,4.707040000000000113e-01
1.328749999999999964e+01,-1.677888320294584901e-03,4.893020000000000147e-01
1.330080000000000062e+01,9.246245186243484682e-02,4.044749999999999734e-01
1.331409999999999982e+01,3.146309789688181979e-01,2.245900000000000118e-01
1.332740000000000080e+01,-1.358276389051876976e+00,5.421639999999999793e-01
1.334079999999999977e+01,-8.977703565499304261e-01,3.863300000000000067e-01
1.335410000000000075e+01,-5.906796293342893023e-01,2.961840000000000028e-01
1.336749999999999972e+01,-9.306126112852197707e-02,4.306479999999999753e-01
1.338080000000000069e+01,-6.089190305058167496e-02,5.890520000000000200e-01
1.339419999999999966e+01,-1.091483817382506771e+00,4.293299999999999894e-01
1.340760000000000041e+01,2.655399835722285218e-01,3.621130000000000182e-01
1.342099999999999937e+01,-2.071269476487067607e-01,5.187690000000000357e-01
1.343449999999999989e+01,-7.993811319366592727e-01,4.209479999999999889e-01
1.344790000000000063e+01,-4.245925807022423726e-01,4.387710000000000221e-01
1.346139999999999937e+01,-4.521935229544524759e-01,3.561799999999999966e-01
1.347480000000000011e+01,-6.773784625785559399e-01,3.067520000000000246e-01
1.348830000000000062e+01,-3.705583374023291299e-01,3.446670000000000011e-01
1.350179999999999936e+01,-2.186337132942028916e-02,3.905989999999999740e-01
1.351529999999999987e+01,-1.264202412803335562e+00,3.624439999999999884e-01
1.352880000000000038e+01,-6.105843102675159173e-01,3.106990000000000030e-01
1.354240000000000066e+01,-8.252825105136487593e-01,2.712519999999999931e-01
1.355589999999999939e+01,-1.890027149586824606e+00,3.883300000000000085e-01
1.356949999999999967e+01,-1.279308752433216512e+00,7.701500000000000012e-01
1.358309999999999995e+01,-1.875774005964021995e+00,3.620929999999999982e-01
1.359670000000000023e+01,-1.921734195438691728e+00,2.769789999999999752e-01
1.361030000000000051e+01,-1.531200606116669860e+00,3.663299999999999890e-01
1.362390000000000079e+01,-1.401584523257401571e+00,5.244229999999999725e-01
1.363749999999999929e+01,-1.789597232120300419e+00,6.716680000000000428e-01
1.365119999999999933e+01,-2.179144418097813229e+00,4.864939999999999820e-01
1.366479999999999961e+01,-2.263905973639428026e+00,4.375740000000000185e-01
1.367849999999999966e+01,-2.060541459435171419e+00,5.956209999999999560e-01
1.369219999999999970e+01,-2.800570233527864161e+00,1.009120000000000017e+00
1.370589999999999975e+01,-2.920406054093241721e+00,7.624520000000000186e-01
1.371959999999999980e+01,-2.378962679307043970e+00,5.366710000000000091e-01
1.373329999999999984e+01,-3.284353867345057409e+00,6.475819999999999910e-01
1.374699999999999989e+01,-5.694693376382989669e+00,6.543390000000000040e-01
1.376079999999999970e+01,-4.280275275376201449e+00,5.236370000000000191e-01
1.377459999999999951e+01,-5.057662436223406388e+00,1.845050000000000023e-01
1.378829999999999956e+01,-5.019460074906373137e+00,2.555790000000000006e-01
1.380209999999999937e+01,-5.426039927710025523e+00,3.235310000000000130e-01
1.381600000000000072e+01,-6.340518164467042084e+00,7.211419999999999497e-01
1.382980000000000054e+01,-8.369989047308269647e+00,2.959309999999999996e-01
1.384360000000000035e+01,-8.037846529292576037e+00,3.074830000000000063e-01
1.385749999999999993e+01,-6.828960035507972037e+00,3.731659999999999977e-01
1.387129999999999974e+01,-6.648710370970974282e+00,7.048870000000000413e-01
1.388519999999999932e+01,-7.717193178860835445e+00,3.141349999999999976e-01
1.389910000000000068e+01,-7.962074114918458179e+00,1.879560000000000120e-01
