# col1: wavelength, col2: cont_sub flux, col3: Flux error

5.247489929199218750e+00,-9.526781589269586042e-03,2.985446481034159660e-03

5.277729988098144531e+00,-1.955940294505988802e-03,4.318072460591793060e-03
5.307970046997070312e+00,-7.515956414154735532e-04,4.101245198398828506e-03
5.338210105895996094e+00,2.965249676803616286e-03,4.217865876853466034e-03
5.368460178375244141e+00,3.248815001875536568e-04,3.806741442531347275e-03
5.398700237274169922e+00,0.000000000000000000e+00,1.210546121001243591e-02
5.428939819335937500e+00,1.491472193712237854e-03,3.044284414499998093e-03
5.459179878234863281e+00,1.893605079922158763e-03,9.772553108632564545e-03
5.489419937133789062e+00,0.000000000000000000e+00,1.863115001469850540e-03
5.519670009613037109e+00,4.278698751439755088e-03,9.443296119570732117e-03
5.549910068511962891e+00,2.111091750195956407e-03,2.276292303577065468e-03
5.580150127410888672e+00,1.589794790506103561e-03,3.604246769100427628e-03
5.610390186309814453e+00,1.085508167915621297e-03,1.934212632477283478e-03
5.640629768371582031e+00,6.020852094944011135e-03,2.375946147367358208e-03
5.670879840850830078e+00,5.342336367337188058e-03,2.189344726502895355e-03
5.701119899749755859e+00,4.860958077294443708e-03,1.716144732199609280e-03
5.731359958648681641e+00,6.404687667123716566e-03,2.473559696227312088e-03
5.761600017547607422e+00,4.804123039935367934e-03,2.531738951802253723e-03
5.791840076446533203e+00,4.487305143025411419e-03,2.320270519703626633e-03
5.822090148925781250e+00,2.130251206557718519e-03,1.809470239095389843e-03
5.852330207824707031e+00,0.000000000000000000e+00,2.923000836744904518e-03
5.882569789886474609e+00,4.183109471414998143e-03,2.622416708618402481e-03
5.912809848785400391e+00,3.036027808977485865e-03,1.845735241658985615e-03
5.943049907684326172e+00,2.852338625061272975e-03,3.389798570424318314e-03
5.973299980163574219e+00,3.878334478260955787e-03,3.836429212242364883e-03
6.003540039062500000e+00,4.164155129630288388e-03,4.332030657678842545e-03
6.033780097961425781e+00,2.716297341711328833e-03,2.200180198997259140e-03
6.064020156860351562e+00,3.846738256000570289e-03,3.332717344164848328e-03
6.094260215759277344e+00,4.970074438456824339e-03,4.434337373822927475e-03
6.124509811401367188e+00,1.076787712930250829e-02,5.047479644417762756e-03
6.154749870300292969e+00,1.434374432025553245e-02,5.573433358222246170e-03
6.184989929199218750e+00,2.190604980696287535e-02,3.559242701157927513e-03
6.215229988098144531e+00,3.129745208770871867e-02,2.346181077882647514e-03
6.245470046997070312e+00,3.508633806827940460e-02,2.387154381722211838e-03
6.275720119476318359e+00,2.880192528852006106e-02,3.090401180088520050e-03
6.305960178375244141e+00,1.908419211550860944e-02,6.983455270528793335e-03
6.336200237274169922e+00,1.594260781207306604e-02,5.281781312078237534e-03
6.366439819335937500e+00,1.314567444596568754e-02,2.665762556716799736e-03
6.396679878234863281e+00,1.179879982484458717e-02,1.088238134980201721e-02
6.426929950714111328e+00,8.860960038800148181e-03,3.496562363579869270e-03
6.457170009613037109e+00,5.803809315860920803e-03,2.304391469806432724e-03
6.487410068511962891e+00,8.415087001547728873e-03,2.626229310408234596e-03
6.517650127410888672e+00,8.651090591222720255e-03,5.819996353238821030e-03
6.547890186309814453e+00,7.421649784279952394e-03,3.803001716732978821e-03
6.578139781951904297e+00,7.927961521750771789e-03,3.107558935880661011e-03
6.608379840850830078e+00,6.623532587699224039e-03,3.480890532955527306e-03
6.638619899749755859e+00,8.344359038753294822e-03,2.394226845353841782e-03
6.668859958648681641e+00,3.936037479853254223e-03,3.214612137526273727e-03
6.699100017547607422e+00,1.925455842819803060e-03,3.480605315417051315e-03
6.729350090026855469e+00,2.358952520743418102e-03,2.878121798858046532e-03
6.759590148925781250e+00,2.976064732323736861e-03,2.765910001471638680e-03
6.789830207824707031e+00,4.579516273121066183e-03,2.904810942709445953e-03
6.820069789886474609e+00,3.607817396735553406e-03,2.795430598780512810e-03
6.850309848785400391e+00,3.469446951953614189e-18,2.980008721351623535e-03
6.880559921264648438e+00,8.475234792393315786e-04,4.548016004264354706e-03
6.910799980163574219e+00,2.302366406064834670e-03,5.896456073969602585e-03
6.941040039062500000e+00,8.465328872594289622e-03,3.813507733866572380e-03
6.971280097961425781e+00,2.006920189907020202e-02,8.711092174053192139e-03
7.001520156860351562e+00,9.225257521298085156e-03,5.043546669185161591e-03
7.031770229339599609e+00,-6.623405459637299320e-04,4.890408366918563843e-03
7.062009811401367188e+00,0.000000000000000000e+00,3.889454761520028114e-03
7.092249870300292969e+00,4.656656448239426815e-03,6.649082992225885391e-03
7.122489929199218750e+00,8.428717799795735349e-03,3.859997261315584183e-03
7.152729988098144531e+00,1.151583625646716152e-02,3.950729966163635254e-03
7.182980060577392578e+00,1.106460393625972871e-02,3.973398823291063309e-03
7.213220119476318359e+00,1.230974120252486745e-02,3.730487078428268433e-03
7.243460178375244141e+00,1.085428959424962481e-02,4.097225610166788101e-03
7.273700237274169922e+00,1.256195934288387855e-02,1.980701833963394165e-02
7.303939819335937500e+00,1.274123204160435702e-02,6.890569813549518585e-03
7.455150127410888672e+00,1.253904240702653772e-02,1.493778079748153687e-02
7.515639781951904297e+00,1.747903937968687052e-02,2.439511707052588463e-03
7.576119899749755859e+00,2.884886625119088832e-02,2.384886518120765686e-02
7.636600017547607422e+00,3.539369163190470013e-02,5.241945851594209671e-03
7.697090148925781250e+00,4.005876927779701557e-02,4.647414200007915497e-03
7.757569789886474609e+00,3.986711048887506270e-02,2.575325313955545425e-03
7.818049907684326172e+00,3.841229402679451066e-02,3.536976175382733345e-03
7.878540039062500000e+00,3.873265692917936265e-02,2.623132197186350822e-03
7.939020156860351562e+00,3.262080626051658272e-02,3.792558563873171806e-03
7.999509811401367188e+00,2.346519560834223195e-02,1.454283762723207474e-02
8.059989929199218750e+00,1.853736398671156776e-02,3.549383487552404404e-03
8.120470046997070312e+00,1.664565067074948168e-02,1.036973576992750168e-02
8.180959701538085938e+00,1.334939046637274862e-02,3.170407842844724655e-03
8.241439819335937500e+00,9.605041917849249655e-03,2.045529661700129509e-03
8.301919937133789062e+00,4.649322752819574911e-03,2.154837595298886299e-03
8.362409591674804688e+00,8.539932946881635678e-03,3.131057601422071457e-03
8.422889709472656250e+00,9.772257511398138585e-03,2.759821480140089989e-03
8.483369827270507812e+00,7.288197272016877504e-03,3.292541019618511200e-03
8.543860435485839844e+00,1.142788260704498404e-02,1.958173699676990509e-03
8.604339599609375000e+00,1.416359229591578062e-02,2.090822206810116768e-03
8.664830207824707031e+00,1.010145032520144703e-02,2.290029544383287430e-03
8.725310325622558594e+00,3.141501820579595261e-03,1.490413211286067963e-03
8.785790443420410156e+00,-8.594358405653035327e-06,2.452414948493242264e-03
8.846280097961425781e+00,0.000000000000000000e+00,2.682292601093649864e-03
8.906760215759277344e+00,-1.976573453615626530e-04,1.595951383933424950e-03
8.967240333557128906e+00,2.985285386314609490e-03,4.589105024933815002e-03
9.027729988098144531e+00,3.624585786172029866e-03,6.670353468507528305e-03
9.088210105895996094e+00,-6.938893903907228378e-18,2.901462372392416000e-03
9.148690223693847656e+00,-5.773030841064175078e-04,3.599769901484251022e-03
9.209179878234863281e+00,1.778499674788068530e-03,3.885153215378522873e-03
9.269659996032714844e+00,-1.502264347770718156e-03,3.949309233576059341e-03
9.330149650573730469e+00,1.157807655387685375e-03,1.873267116025090218e-03
9.390629768371582031e+00,2.083326510228161732e-03,3.324748482555150986e-03
9.451109886169433594e+00,0.000000000000000000e+00,2.052387688308954239e-03
9.511599540710449219e+00,1.490550532824028163e-03,1.478761527687311172e-02
9.572079658508300781e+00,-1.643206138290775886e-03,1.894231513142585754e-02
9.632559776306152344e+00,1.519792111836573700e-03,2.428715815767645836e-03
9.693050384521484375e+00,1.412863081192705650e-04,2.607784466817975044e-03
9.753529548645019531e+00,2.775557561562891351e-17,2.089081099256873131e-03
9.814009666442871094e+00,-2.056438076869976372e-03,2.658425364643335342e-03
9.874500274658203125e+00,-2.897970409818734217e-03,1.093289814889431000e-02
9.934980392456054688e+00,-2.706745757671824570e-05,2.623490989208221436e-03
9.995470046997070312e+00,-1.087563371165306547e-03,1.620632363483309746e-03
1.005595016479492188e+01,-8.427926153573572776e-04,6.125147454440593719e-03
1.011643028259277344e+01,4.462491132787571591e-04,1.868837629444897175e-03
1.017691993713378906e+01,-1.129452486938103961e-03,2.845556940883398056e-03
1.023740005493164062e+01,-1.329097694434316912e-03,2.033437369391322136e-03
1.029788017272949219e+01,0.000000000000000000e+00,1.172341965138912201e-02
1.035836982727050781e+01,-8.166021910291088037e-04,2.983682556077837944e-03
1.041884994506835938e+01,9.035590938155646512e-04,1.793794799596071243e-03
1.047933006286621094e+01,2.450447854424775418e-03,1.505300868302583694e-02
1.053981971740722656e+01,1.801489781140530599e-04,4.464782774448394775e-03
1.060029983520507812e+01,-2.775557561562891351e-17,3.560923738405108452e-03
1.066079044342041016e+01,6.424660324160225144e-04,5.409111268818378448e-03
1.072126960754394531e+01,4.791420339833318831e-04,4.632902331650257111e-03
1.078174972534179688e+01,1.124322113692899361e-03,3.327462356537580490e-03
1.084224033355712891e+01,2.775557561562891351e-17,4.564631730318069458e-03
1.090272045135498047e+01,-1.283776665845809406e-03,1.071276329457759857e-02
1.096319961547851562e+01,1.189770356416458563e-03,1.854576915502548218e-02
1.102369022369384766e+01,2.300450324787511880e-03,1.267603132873773575e-02
1.108417034149169922e+01,3.020387592969214774e-03,2.608325099572539330e-03
1.114465045928955078e+01,1.018029813386683857e-02,3.276785369962453842e-03
1.120514011383056641e+01,2.119616292876302932e-02,7.816693745553493500e-03
1.126562023162841797e+01,2.625515094134586724e-02,3.421775531023740768e-03
1.132610988616943359e+01,1.096479807281397489e-02,3.784059779718518257e-03
1.138659000396728516e+01,2.809762533199922085e-03,3.819672856479883194e-03
1.144707012176513672e+01,2.230070187501875800e-03,3.863235702738165855e-03
1.150755977630615234e+01,1.669547507839985734e-03,1.324519328773021698e-02
1.156803989410400391e+01,4.056957765545432526e-03,3.621969837695360184e-03
1.162852001190185547e+01,1.556228090087263816e-03,3.034263616427779198e-03
1.168900966644287109e+01,-3.449353891608886169e-03,3.574542468413710594e-03
1.174948978424072266e+01,2.649076741009059877e-03,2.455708803609013557e-03
1.180996990203857422e+01,-1.046067915162374184e-03,4.870064090937376022e-03
1.187045955657958984e+01,-2.479378597977199838e-03,2.835177816450595856e-03
1.193093967437744141e+01,1.935372245973454586e-03,4.258302506059408188e-03
1.199143028259277344e+01,0.000000000000000000e+00,3.860337194055318832e-03
1.205191040039062500e+01,4.801083683450696471e-03,3.675518790259957314e-03
1.211238956451416016e+01,2.408833070957072664e-04,1.623439602553844452e-02
1.217288017272949219e+01,2.189611681768038887e-03,1.128354854881763458e-02
1.223336029052734375e+01,-1.966335961311405089e-03,3.500921651721000671e-03
1.229384040832519531e+01,-5.551115123125782702e-17,3.485160879790782928e-03
1.235433006286621094e+01,4.306843530686971233e-03,3.132295329123735428e-03
1.241481018066406250e+01,2.332148783103837886e-03,3.813049755990505219e-03
1.247529029846191406e+01,-4.598516339917591011e-04,2.759566064924001694e-03
1.253577995300292969e+01,1.348707468787013752e-03,2.356166718527674675e-03
1.259626007080078125e+01,2.049805076419719541e-03,4.806648008525371552e-03
1.265674972534179688e+01,3.847488549633876209e-03,2.542036585509777069e-03
1.271722984313964844e+01,7.339155536508351618e-03,4.050630144774913788e-03
1.277770996093750000e+01,2.437966930607757265e-02,3.964029252529144287e-03
1.283819961547851562e+01,2.241550766408295647e-02,3.367378842085599899e-03
1.289867973327636719e+01,5.005919189820934312e-03,2.884123474359512329e-03
1.295915985107421875e+01,-2.775557561562891351e-17,3.017494920641183853e-03
1.301965045928955078e+01,6.329749998589262461e-04,3.059154609218239784e-03
1.308012962341308594e+01,1.098565465794926199e-03,5.398108158260583878e-03
1.314060974121093750e+01,-1.897516955572942088e-04,6.756915710866451263e-03
1.320110034942626953e+01,1.971920622021783309e-03,2.460011094808578491e-02
1.326158046722412109e+01,6.599840501363141154e-04,2.114146947860717773e-02
1.332205963134765625e+01,1.452107066640145883e-03,8.234946988523006439e-03
1.338255023956298828e+01,-6.601506821414249160e-04,5.537263117730617523e-03
1.344303035736083984e+01,2.775557561562891351e-17,6.578803062438964844e-03
1.350352001190185547e+01,1.182167660171373758e-03,8.608356118202209473e-03
1.356400012969970703e+01,1.747692212002216472e-03,1.224742457270622253e-02
1.362448024749755859e+01,9.020957786881611540e-04,8.411837741732597351e-03
1.368496990203857422e+01,-2.675484987709642049e-03,8.468514308333396912e-03
1.374545001983642578e+01,-2.065889415923338746e-03,1.006639469414949417e-02
1.380593013763427734e+01,0.000000000000000000e+00,4.215513914823532104e-02
1.386641979217529297e+01,2.748919703740027032e-04,2.861327305436134338e-02
