# col1: wavelength, col2: cont_sub flux, col3: Flux error

5.126520156860351562e+00,8.185654926867172096e-03,4.413365386426448822e-03

5.156760215759277344e+00,7.900729866128060330e-03,4.029646515846252441e-03
5.186999797821044922e+00,7.720325558288127638e-03,3.645933698862791061e-03
5.217249870300292969e+00,7.638756410802587278e-03,3.262088866904377937e-03
5.247489929199218750e+00,7.955485256121396648e-03,3.183453576639294624e-03
5.277729988098144531e+00,7.186348604330042994e-03,2.004537498578429222e-03
5.307970046997070312e+00,5.368043481902015981e-03,1.128583608078770339e-04
5.338210105895996094e+00,2.417280902732802522e-03,1.682322355918586254e-03
5.368460178375244141e+00,9.135190723374032179e-04,1.688858144916594028e-03
5.398700237274169922e+00,1.734723475976807094e-18,1.215135329402983189e-03
5.428939819335937500e+00,2.015156179612441825e-03,1.386247109621763229e-03
5.459179878234863281e+00,1.734723475976807094e-18,2.885688794776797295e-03
5.489419937133789062e+00,2.596406575646352521e-03,5.514487624168395996e-03
5.519670009613037109e+00,2.003053577187031975e-05,2.068187342956662178e-03
5.549910068511962891e+00,1.237399790041605191e-03,9.174489969154819846e-05
5.580150127410888672e+00,2.344323671091648117e-03,1.665908494032919407e-03
5.610390186309814453e+00,1.594290283843790429e-03,9.012554655782878399e-04
5.640629768371582031e+00,2.374073554387519380e-03,1.954788749571889639e-04
5.670879840850830078e+00,1.955008391572782278e-03,6.754017085768282413e-04
5.701119899749755859e+00,1.932882302944353980e-03,3.503129119053483009e-04
5.731359958648681641e+00,1.640870036381632951e-03,5.126238684169948101e-04
5.761600017547607422e+00,1.856247947789182312e-03,1.242555677890777588e-03
5.791840076446533203e+00,5.361954830716865461e-04,2.014701254665851593e-03
5.822090148925781250e+00,9.310869479213813860e-04,5.306403909344226122e-05
5.852330207824707031e+00,3.469446951953614189e-18,1.440416206605732441e-03
5.882569789886474609e+00,1.234430170061820431e-04,1.184376655146479607e-03
5.912809848785400391e+00,6.333797229519412542e-04,4.885395755991339684e-04
5.943049907684326172e+00,2.190986476958395324e-03,2.222569193691015244e-03
5.973299980163574219e+00,1.667976058446624110e-03,1.330634579062461853e-03
6.003540039062500000e+00,2.936523954454390434e-03,1.464730303268879652e-04
6.033780097961425781e+00,3.046044261671047165e-03,1.439189421944320202e-03
6.064020156860351562e+00,4.544012772426744146e-03,2.752562286332249641e-03
6.094260215759277344e+00,4.350941827546944696e-03,1.778339501470327377e-03
6.124509811401367188e+00,8.603404300168201319e-03,2.009833231568336487e-03
6.154749870300292969e+00,1.600170985302902527e-02,1.961572794243693352e-03
6.184989929199218750e+00,2.538865419341186647e-02,1.396491075865924358e-03
6.215229988098144531e+00,3.341475365982568557e-02,5.291480338200926781e-04
6.245470046997070312e+00,3.638827099518887609e-02,2.804497024044394493e-03
6.275720119476318359e+00,2.994777011486786031e-02,5.251107737421989441e-03
6.305960178375244141e+00,2.616965610084232702e-02,3.227113280445337296e-03
6.336200237274169922e+00,1.930610178369801186e-02,2.418103627860546112e-03
6.366439819335937500e+00,1.584412135634895996e-02,2.211674116551876068e-03
6.396679878234863281e+00,1.327451666296331281e-02,2.362798666581511497e-03
6.426929950714111328e+00,9.483987701800391384e-03,1.277524628676474094e-03
6.457170009613037109e+00,5.779439630032943281e-03,1.233813090948387980e-04
6.487410068511962891e+00,4.020400888944286599e-03,1.060591312125325203e-04
6.517650127410888672e+00,3.844251072544178915e-03,4.694859962910413742e-04
6.547890186309814453e+00,3.557167089009424799e-03,3.427069168537855148e-04
6.578139781951904297e+00,2.511515564736402362e-03,1.779391081072390079e-03
6.608379840850830078e+00,2.430492728152489068e-03,1.988463802263140678e-03
6.638619899749755859e+00,-4.548709482035673268e-06,2.883792330976575613e-04
6.668859958648681641e+00,1.447268857670047648e-03,1.984522677958011627e-03
6.699100017547607422e+00,-8.324005389539618216e-04,2.700932323932647705e-03
6.729350090026855469e+00,8.342628590071593520e-04,1.335696782916784286e-03
6.759590148925781250e+00,0.000000000000000000e+00,3.837734111584722996e-04
6.789830207824707031e+00,3.253114562852751912e-04,4.889131523668766022e-04
6.820069789886474609e+00,4.135753582394791072e-04,1.511994749307632446e-03
6.850309848785400391e+00,1.134406668375040339e-03,1.389306737110018730e-03
6.880559921264648438e+00,1.818261037762357313e-03,4.119458608329296112e-04
6.910799980163574219e+00,1.145750304413460652e-03,3.886124177370220423e-04
6.941040039062500000e+00,2.039037597882792374e-04,2.341578801861032844e-04
6.971280097961425781e+00,-4.976450005441529489e-05,4.298062704037874937e-04
7.001520156860351562e+00,-2.324168629253414720e-04,1.903820229927077889e-04
7.031770229339599609e+00,-1.621067625719452288e-04,8.159009739756584167e-04
7.062009811401367188e+00,0.000000000000000000e+00,1.206019776873290539e-03
7.092249870300292969e+00,1.873719817985369795e-04,2.151885273633524776e-04
7.122489929199218750e+00,5.503052774336186781e-04,3.102268965449184179e-04
7.152729988098144531e+00,2.809238236480438022e-03,3.968837554566562176e-04
7.182980060577392578e+00,5.590647375901855454e-03,1.130262971855700016e-03
7.213220119476318359e+00,5.321442523285355164e-03,1.595435664057731628e-03
7.243460178375244141e+00,4.734624993171121510e-03,1.854707254096865654e-03
7.273700237274169922e+00,6.117529186302768374e-03,2.464414108544588089e-03
7.303939819335937500e+00,6.361267685792627857e-03,2.147460589185357094e-03
7.334189891815185547e+00,6.667834774517412966e-03,5.717853200621902943e-04
7.364429950714111328e+00,8.574922773948473465e-03,3.003457095474004745e-04
7.394670009613037109e+00,1.037678161754569672e-02,2.142385113984346390e-03
7.424910068511962891e+00,1.424487427660935113e-02,3.421037923544645309e-03
7.455150127410888672e+00,1.960150751559347482e-02,3.221719758585095406e-03
7.485400199890136719e+00,2.116468612478931977e-02,2.042064210399985313e-03
7.515639781951904297e+00,2.100327019550991131e-02,7.497380720451474190e-04
7.576119899749755859e+00,2.288787538387253295e-02,3.523735213093459606e-04
7.636600017547607422e+00,2.762010494612099354e-02,1.277499599382281303e-03
7.697090148925781250e+00,3.422166447447233528e-02,1.447414164431393147e-03
7.757569789886474609e+00,4.468036697658395867e-02,1.870069652795791626e-03
7.818049907684326172e+00,5.413505681817755433e-02,1.730196177959442139e-03
7.878540039062500000e+00,5.722057081187562066e-02,2.295449376106262207e-04
7.939020156860351562e+00,5.229695948875871803e-02,2.262253314256668091e-03
7.999509811401367188e+00,4.243091708168558740e-02,3.061637282371520996e-03
8.059989929199218750e+00,3.214973142821409002e-02,2.544600516557693481e-03
8.120470046997070312e+00,2.447899515330317216e-02,1.458823680877685547e-03
8.180959701538085938e+00,1.960706693253567307e-02,2.329982817173004150e-04
8.241439819335937500e+00,1.622467061183905518e-02,1.113161444664001465e-03
8.301919937133789062e+00,1.382895039845290219e-02,2.301312983036041260e-03
8.362409591674804688e+00,1.343588099701603644e-02,2.171758562326431274e-03
8.422889709472656250e+00,1.456992508796861596e-02,2.459559764247387648e-04
8.483369827270507812e+00,1.787904150722622459e-02,3.537534212227910757e-04
8.543860435485839844e+00,1.999768613479807611e-02,6.765201105736196041e-04
8.604339599609375000e+00,2.117636822551667575e-02,4.720174474641680717e-04
8.664830207824707031e+00,2.085590505409236350e-02,9.927134960889816284e-04
8.725310325622558594e+00,1.865575513945157832e-02,1.220689387992024422e-03
8.785790443420410156e+00,1.432994963845299341e-02,5.441843532025814056e-04
8.846280097961425781e+00,9.245990957622657325e-03,3.852404188364744186e-04
8.906760215759277344e+00,6.520822122155406353e-03,1.022619777359068394e-03
8.967240333557128906e+00,6.565296186873653683e-03,6.688853027299046516e-04
9.027729988098144531e+00,5.128514269440651030e-03,1.790611131582409143e-04
9.088210105895996094e+00,1.912148725539436489e-03,1.329455553786829114e-04
9.148690223693847656e+00,1.387778780781445676e-17,3.673664177767932415e-04
9.209179878234863281e+00,3.427750132742046763e-04,6.579155451618134975e-04
9.269659996032714844e+00,-1.705060463151747419e-04,1.318418071605265141e-04
9.330149650573730469e+00,-3.547346193266687209e-04,1.330240047536790371e-04
9.390629768371582031e+00,-2.226308984806940616e-04,8.662953041493892670e-04
9.451109886169433594e+00,0.000000000000000000e+00,1.033382024616003036e-03
9.511599540710449219e+00,4.862591960343026765e-04,3.533174458425492048e-04
9.572079658508300781e+00,7.503359457783909114e-04,2.049652102869004011e-04
9.632559776306152344e+00,9.459673331360385351e-04,4.862824571318924427e-04
9.693050384521484375e+00,9.271114390788232074e-04,9.986197110265493393e-04
9.753529548645019531e+00,-1.387778780781445676e-17,1.626672019483521581e-04
9.814009666442871094e+00,-4.641280063396729938e-04,7.351916283369064331e-04
9.874500274658203125e+00,1.625914861052568661e-04,1.713272358756512403e-04
9.934980392456054688e+00,1.742347215642203739e-03,6.232089945115149021e-04
9.995470046997070312e+00,3.427692347054672739e-03,2.563490532338619232e-03
1.005595016479492188e+01,2.606804990630262608e-03,3.536328207701444626e-03
1.011643028259277344e+01,8.750181550251090457e-04,2.967116888612508774e-03
1.017691993713378906e+01,4.944572216038917167e-04,1.318190712481737137e-03
1.023740005493164062e+01,3.506642884551491868e-05,2.324149536434561014e-04
1.029788017272949219e+01,0.000000000000000000e+00,6.157333846203982830e-04
1.035836982727050781e+01,7.168085584565303536e-04,6.805460434406995773e-04
1.041884994506835938e+01,6.650807307006831315e-03,6.391420611180365086e-04
1.047933006286621094e+01,1.844179610875243402e-02,6.488239741884171963e-04
1.053981971740722656e+01,1.993273420976551802e-02,2.436837181448936462e-03
1.060029983520507812e+01,5.275535758859445368e-03,4.146916326135396957e-03
1.066079044342041016e+01,0.000000000000000000e+00,2.791542094200849533e-03
1.072126960754394531e+01,-9.806807453885124648e-04,2.550465054810047150e-03
1.078174972534179688e+01,-5.746060562346611000e-04,8.365710964426398277e-04
1.084224033355712891e+01,2.775557561562891351e-17,1.387999858707189560e-03
1.090272045135498047e+01,5.295928956332851545e-04,7.893670699559152126e-04
1.096319961547851562e+01,1.775159266762332821e-03,1.639509340748190880e-03
1.102369022369384766e+01,4.967976881595670413e-03,1.664711278863251209e-03
1.108417034149169922e+01,1.236016376666887462e-02,5.405489355325698853e-04
1.114465045928955078e+01,2.538988928123725453e-02,7.744385511614382267e-04
1.120514011383056641e+01,4.034400814341340680e-02,6.812208448536694050e-04
1.126562023162841797e+01,4.792341609731043395e-02,1.196332974359393120e-03
1.132610988616943359e+01,4.242432836241577521e-02,1.039739348925650120e-03
1.138659000396728516e+01,3.056674508330692319e-02,6.879685679450631142e-04
1.144707012176513672e+01,2.076507353877460327e-02,9.058456053026020527e-04
1.150755977630615234e+01,1.441078714361304636e-02,1.253241556696593761e-03
1.156803989410400391e+01,9.644314053870783887e-03,6.452302914112806320e-04
1.162852001190185547e+01,5.438696203345333435e-03,3.146300441585481167e-04
1.168900966644287109e+01,3.051183894302644806e-03,3.320203104522079229e-04
1.174948978424072266e+01,2.067112125320458293e-03,3.053125401493161917e-04
1.180996990203857422e+01,6.689343293441452065e-04,3.009173087775707245e-04
1.187045955657958984e+01,2.775557561562891351e-17,8.703704806976020336e-04
1.193093967437744141e+01,3.141426766822275063e-04,1.888774917460978031e-03
1.199143028259277344e+01,1.073394283291617679e-04,2.848746720701456070e-03
1.205191040039062500e+01,0.000000000000000000e+00,2.355386503040790558e-03
